%time,field.layout.dim0.label,field.layout.dim0.size,field.layout.dim0.stride,field.layout.dim1.label,field.layout.dim1.size,field.layout.dim1.stride,field.layout.dim2.label,field.layout.dim2.size,field.layout.dim2.stride,field.layout.data_offset,field.data0,field.data1,field.data2,field.data3,field.data4,field.data5,field.data6,field.data7,field.data8,field.data9,field.data10,field.data11,field.data12,field.data13,field.data14,field.data15,field.data16,field.data17,field.data18,field.data19,field.data20,field.data21,field.data22,field.data23,field.data24,field.data25,field.data26,field.data27,field.data28,field.data29,field.data30,field.data31
1625185926654061387,height,4,32,width,4,8,imag,2,2,0,2.64749040468e-08,0.0,9.08307318248e-10,-4.26908908224e-09,-2.32793890831e-08,-5.990684393e-09,-9.33284205473e-09,-8.23555357243e-09,9.08307318248e-10,4.26908908224e-09,3.92902575186e-06,0.0,7.57622018455e-08,-8.27531465575e-08,4.43184738907e-10,-2.74962985714e-09,-2.32793890831e-08,5.990684393e-09,7.57622018455e-08,8.27531465575e-08,4.48239461548e-06,0.0,2.7790247259e-07,8.10727129874e-08,-9.33284205473e-09,8.23555357243e-09,4.43184738907e-10,2.74962985714e-09,2.7790247259e-07,-8.10727129874e-08,5.30194029125e-06,0.0
1625185926909509059,height,4,32,width,4,8,imag,2,2,0,2.64982364939e-08,0.0,5.28662114085e-10,-2.79698397776e-09,-2.01220302642e-08,-2.90526469549e-09,-9.7715924241e-09,-2.69121991359e-09,5.28662114085e-10,2.79698397776e-09,3.92052379539e-06,0.0,1.43921505824e-08,-7.73635022711e-08,4.65577576492e-09,-5.44391340895e-08,-2.01220302642e-08,2.90526469549e-09,1.43921505824e-08,7.73635022711e-08,4.40953363068e-06,0.0,2.54437765079e-07,4.51451711569e-08,-9.7715924241e-09,2.69121991359e-09,4.65577576492e-09,5.44391340895e-08,2.54437765079e-07,-4.51451711569e-08,5.21684660271e-06,0.0
1625185927174866144,height,4,32,width,4,8,imag,2,2,0,2.63854040838e-08,0.0,-2.96963897917e-09,-1.49406886862e-09,-2.05084269567e-08,-4.12190992449e-09,-1.09665547754e-08,-6.85022927271e-09,-2.96963897917e-09,1.49406886862e-09,3.95577035306e-06,0.0,4.96069354483e-08,-6.0818798886e-08,4.26109743046e-08,2.18648299466e-08,-2.05084269567e-08,4.12190992449e-09,4.96069354483e-08,6.0818798886e-08,4.39197901869e-06,0.0,2.09652384342e-07,9.02782772982e-08,-1.09665547754e-08,6.85022927271e-09,4.26109743046e-08,-2.18648299466e-08,2.09652384342e-07,-9.02782772982e-08,5.23454400536e-06,0.0
1625185927447145239,height,4,32,width,4,8,imag,2,2,0,2.66973412266e-08,0.0,-4.45816106254e-10,-4.02941413569e-09,-2.0892095165e-08,-2.28973084937e-09,-7.54533946434e-09,-7.1929600054e-09,-4.45816106254e-10,4.02941413569e-09,3.93695381717e-06,0.0,5.87060533519e-08,-8.57137649746e-08,-1.23610304215e-08,-3.7668137054e-08,-2.0892095165e-08,2.28973084937e-09,5.87060533519e-08,8.57137649746e-08,4.44268152933e-06,0.0,1.57282741498e-07,8.78247021774e-08,-7.54533946434e-09,7.1929600054e-09,-1.23610304215e-08,3.7668137054e-08,1.57282741498e-07,-8.78247021774e-08,5.16900308867e-06,0.0
1625185927684303326,height,4,32,width,4,8,imag,2,2,0,2.63791086752e-08,0.0,-6.80999645564e-10,-3.00182589896e-09,-1.93903790802e-08,-2.88747115107e-09,-1.15395657474e-08,-7.55018980669e-09,-6.80999645564e-10,3.00182589896e-09,3.95046481572e-06,0.0,5.94899276507e-08,-1.2062950816e-07,5.6669218651e-08,-3.35577325927e-08,-1.93903790802e-08,2.88747115107e-09,5.94899276507e-08,1.2062950816e-07,4.40592293671e-06,0.0,2.46184811203e-07,7.21823738559e-08,-1.15395657474e-08,7.55018980669e-09,5.6669218651e-08,3.35577325927e-08,2.46184811203e-07,-7.21823738559e-08,5.24204460817e-06,0.0
1625185927940644325,height,4,32,width,4,8,imag,2,2,0,2.69278004339e-08,0.0,-5.97078012032e-11,-1.7683262632e-09,-2.15449134089e-08,-4.20134416146e-09,-7.74430120032e-09,-2.39329001062e-09,-5.97078012032e-11,1.7683262632e-09,3.89236447518e-06,0.0,2.22949605444e-08,-7.742982433e-08,-2.11423376584e-08,-1.10570459455e-08,-2.15449134089e-08,4.20134416146e-09,2.22949605444e-08,7.742982433e-08,4.40715984951e-06,0.0,2.33635674363e-07,6.09002128726e-08,-7.74430120032e-09,2.39329001062e-09,-2.11423376584e-08,1.10570459455e-08,2.33635674363e-07,-6.09002128726e-08,5.15631290909e-06,0.0
1625185928196823729,height,4,32,width,4,8,imag,2,2,0,2.63831179126e-08,0.0,1.22429477667e-09,7.57586160471e-10,-1.86952053838e-08,-4.72732208934e-09,-8.63957705377e-09,-7.27927140787e-09,1.22429477667e-09,-7.57586160471e-10,3.93482241634e-06,0.0,6.30586640682e-08,-1.76218613035e-08,-7.89784682098e-09,-8.34563884666e-09,-1.86952053838e-08,4.72732208934e-09,6.30586640682e-08,1.76218613035e-08,4.46052717962e-06,0.0,2.47972650413e-07,8.20306809146e-08,-8.63957705377e-09,7.27927140787e-09,-7.89784682098e-09,8.34563884666e-09,2.47972650413e-07,-8.20306809146e-08,5.29773842572e-06,0.0
1625185928443743683,height,4,32,width,4,8,imag,2,2,0,0.00112571264617,0.0,0.0042176595889,0.0140005648136,-0.00644186791033,0.0198285933584,-0.00493460195139,-0.00834960769862,0.0042176595889,-0.0140005648136,0.190772339702,0.0,0.223485246301,0.155004024506,-0.121807642281,0.0298189558089,-0.00644186791033,-0.0198285933584,0.223485246301,-0.155004024506,0.390224069357,0.0,-0.118387334049,0.13393484056,-0.00493460195139,0.00834960769862,-0.121807642281,-0.0298189558089,-0.118387334049,-0.13393484056,0.0842297524214,0.0
1625185928598369715,height,4,32,width,4,8,imag,2,2,0,0.00108087912668,0.0,0.00500269327313,0.0137361073866,-0.00518880831078,0.0196886006743,-0.00535368174314,-0.0080835763365,0.00500269327313,-0.0137361073866,0.19850461185,0.0,0.227120041847,0.15763938427,-0.1269300282,0.0303525105119,-0.00518880831078,-0.0196886006743,0.227120041847,-0.15763938427,0.387504667044,0.0,-0.121069662273,0.135553658009,-0.00535368174314,0.0080835763365,-0.1269300282,-0.0303525105119,-0.121069662273,-0.135553658009,0.0875844582915,0.0
1625185928858244426,height,4,32,width,4,8,imag,2,2,0,0.00111128005665,0.0,0.00619942881167,0.014042715542,-0.00395250227302,0.0203280262649,-0.00588626787066,-0.00731680216268,0.00619942881167,-0.014042715542,0.21285751462,0.0,0.235769823194,0.163943529129,-0.12473642081,0.0333254113793,-0.00395250227302,-0.0203280262649,0.235769823194,-0.163943529129,0.390008121729,0.0,-0.112453326583,0.133035048842,-0.00588626787066,0.00731680216268,-0.12473642081,-0.0333254113793,-0.112453326583,-0.133035048842,0.079970240593,0.0
1625185929117415405,height,4,32,width,4,8,imag,2,2,0,0.000910439586733,0.0,0.00532700214535,0.0127757769078,-0.00351896416396,0.0183348078281,-0.0053836395964,-0.00674268277362,0.00532700214535,-0.0127757769078,0.211356922984,0.0,0.237733334303,0.157274380326,-0.125534206629,0.0358313247561,-0.00351896416396,-0.0183348078281,0.237733334303,-0.157274380326,0.386907100677,0.0,-0.114494338632,0.133738696575,-0.0053836395964,0.00674268277362,-0.125534206629,-0.0358313247561,-0.114494338632,-0.133738696575,0.0823926776648,0.0
1625185929344881053,height,4,32,width,4,8,imag,2,2,0,0.000826672592666,0.0,0.00480197044089,0.0123394969851,-0.00344160152599,0.0174703039229,-0.00511452043429,-0.00638960907236,0.00480197044089,-0.0123394969851,0.212964147329,0.0,0.241815134883,0.153457418084,-0.124446436763,0.0389070771635,-0.00344160152599,-0.0174703039229,0.241815134883,-0.153457418084,0.387500017881,0.0,-0.113208264112,0.133871629834,-0.00511452043429,0.00638960907236,-0.124446436763,-0.0389070771635,-0.113208264112,-0.133871629834,0.0816532000899,0.0
1625185929607046189,height,4,32,width,4,8,imag,2,2,0,0.000280916399788,0.0,0.00166514678858,0.00417261989787,-0.00111328472849,0.00593288708478,-0.00174996629357,-0.00218227109872,0.00166514678858,-0.00417261989787,0.0721045434475,0.0,0.0818189755082,0.0518781617284,-0.0426039025187,0.0129698961973,-0.00111328472849,-0.00593288708478,0.0818189755082,-0.0518781617284,0.131082713604,0.0,-0.0390006750822,0.0453746952116,-0.00174996629357,0.00218227109872,-0.0426039025187,-0.0129698961973,-0.0390006750822,-0.0453746952116,0.0280448980629,0.0
1625185929856799571,height,4,32,width,4,8,imag,2,2,0,2.69100439709e-08,0.0,1.59475666006e-09,-1.47468881551e-09,-2.16178754897e-08,-5.48391776434e-09,-1.06109405706e-08,-3.25914295551e-09,1.59475666006e-09,1.47468881551e-09,3.91388493881e-06,0.0,6.50752980391e-08,-5.11880990928e-08,4.74608548018e-08,-1.6818335169e-08,-2.16178754897e-08,5.48391776434e-09,6.50752980391e-08,5.11880990928e-08,4.42542250312e-06,0.0,1.93055498698e-07,7.14190377948e-08,-1.06109405706e-08,3.25914295551e-09,4.74608548018e-08,1.6818335169e-08,1.93055498698e-07,-7.14190377948e-08,5.23420067111e-06,0.0
1625185930000626798,height,4,32,width,4,8,imag,2,2,0,2.65630166751e-08,0.0,-1.63774771522e-09,-5.01837060796e-09,-1.97649576705e-08,-4.92494400817e-09,-8.99438301616e-09,-5.71025049467e-09,-1.63774771522e-09,5.01837060796e-09,3.97760732085e-06,0.0,2.00592769062e-08,-5.11708719841e-08,9.32664256936e-09,-1.77749637231e-08,-1.97649576705e-08,4.92494400817e-09,2.00592769062e-08,5.11708719841e-08,4.42420332547e-06,0.0,2.8920777595e-07,5.23555314658e-08,-8.99438301616e-09,5.71025049467e-09,9.32664256936e-09,1.77749637231e-08,2.8920777595e-07,-5.23555314658e-08,5.19934246768e-06,0.0
1625185930235344248,height,4,32,width,4,8,imag,2,2,0,2.66407713667e-08,0.0,5.79462089423e-10,-2.75394351767e-09,-2.44580160569e-08,-5.29819166317e-09,-8.07104783007e-09,-5.53429790884e-09,5.79462089423e-10,2.75394351767e-09,3.91491448681e-06,0.0,2.22098499592e-08,-6.38189021629e-08,-5.26675698609e-08,-4.99773449292e-08,-2.44580160569e-08,5.29819166317e-09,2.22098499592e-08,6.38189021629e-08,4.44955139756e-06,0.0,2.18482796299e-07,8.12915175175e-08,-8.07104783007e-09,5.53429790884e-09,-5.26675698609e-08,4.99773449292e-08,2.18482796299e-07,-8.12915175175e-08,5.25245013705e-06,0.0
1625185930493271393,height,4,32,width,4,8,imag,2,2,0,2.69647770779e-08,0.0,-6.56499632434e-10,-2.99833069484e-09,-2.1458291144e-08,-3.85474097087e-09,-1.23754064774e-08,-7.83985321107e-09,-6.56499632434e-10,2.99833069484e-09,3.94746393795e-06,0.0,3.50516273784e-08,-8.8810260479e-08,2.52133993683e-08,1.19039000879e-08,-2.1458291144e-08,3.85474097087e-09,3.50516273784e-08,8.8810260479e-08,4.42134478362e-06,0.0,1.86756395237e-07,8.86454074589e-08,-1.23754064774e-08,7.83985321107e-09,2.52133993683e-08,-1.19039000879e-08,1.86756395237e-07,-8.86454074589e-08,5.2383743423e-06,0.0
1625185930752033505,height,4,32,width,4,8,imag,2,2,0,2.65402011479e-08,0.0,1.76503445193e-09,-2.63058885785e-09,-2.09805595119e-08,-6.7710725915e-09,-1.19898126982e-08,-7.69814345603e-09,1.76503445193e-09,2.63058885785e-09,3.96514860768e-06,0.0,1.1121339405e-08,-7.07028817715e-08,-1.48950596301e-09,-3.79333044975e-08,-2.09805595119e-08,6.7710725915e-09,1.1121339405e-08,7.07028817715e-08,4.43456247012e-06,0.0,2.38726983071e-07,9.97788944801e-08,-1.19898126982e-08,7.69814345603e-09,-1.48950596301e-09,3.79333044975e-08,2.38726983071e-07,-9.97788944801e-08,5.23784001416e-06,0.0
1625185931007419826,height,4,32,width,4,8,imag,2,2,0,2.65347086525e-08,0.0,5.4910764824e-10,-3.01860048069e-09,-2.06467092312e-08,-7.16937753609e-09,-1.485489598e-08,-7.69815411417e-09,5.4910764824e-10,3.01860048069e-09,3.95659890273e-06,0.0,4.01160562546e-08,-1.1053809601e-07,4.69683136828e-09,-7.93510963604e-08,-2.06467092312e-08,7.16937753609e-09,4.01160562546e-08,1.1053809601e-07,4.43955696028e-06,0.0,2.76662859733e-07,3.95967560962e-08,-1.485489598e-08,7.69815411417e-09,4.69683136828e-09,7.93510963604e-08,2.76662859733e-07,-3.95967560962e-08,5.22740765518e-06,0.0
1625185931260542309,height,4,32,width,4,8,imag,2,2,0,2.66651980496e-08,0.0,1.07739006605e-09,8.55125525945e-10,-2.51266634166e-08,-7.05203540008e-09,-1.22134498071e-08,-5.11686071292e-09,1.07739006605e-09,-8.55125525945e-10,3.91768844565e-06,0.0,1.4327847353e-08,-4.5726864073e-08,1.77757755182e-08,-2.24145200178e-08,-2.51266634166e-08,7.05203540008e-09,1.4327847353e-08,4.5726864073e-08,4.44515080744e-06,0.0,2.8715973599e-07,6.14240605046e-08,-1.22134498071e-08,5.11686071292e-09,1.77757755182e-08,2.24145200178e-08,2.8715973599e-07,-6.14240605046e-08,5.23488552062e-06,0.0
1625185931519214807,height,4,32,width,4,8,imag,2,2,0,2.65177142467e-08,0.0,1.92531701693e-09,-2.49157094956e-09,-1.67295972631e-08,-7.39903294189e-09,-8.72762928594e-09,-3.96949051407e-09,1.92531701693e-09,2.49157094956e-09,3.91606590711e-06,0.0,2.89287527266e-08,-1.15863834083e-07,1.32335182812e-08,4.75124162236e-09,-1.67295972631e-08,7.39903294189e-09,2.89287527266e-08,1.15863834083e-07,4.43353928858e-06,0.0,2.37297214767e-07,8.36608222698e-08,-8.72762928594e-09,3.96949051407e-09,1.32335182812e-08,-4.75124162236e-09,2.37297214767e-07,-8.36608222698e-08,5.24699316884e-06,0.0
1625185931781898698,height,4,32,width,4,8,imag,2,2,0,2.66463739962e-08,0.0,-2.59455945617e-09,-5.14784481709e-09,-2.08068104968e-08,-4.9102291122e-09,-9.34451183099e-09,-4.09294020898e-09,-2.59455945617e-09,5.14784481709e-09,3.94087282984e-06,0.0,-3.82110130204e-08,-9.78000969099e-08,-1.95475564624e-08,-8.4610979334e-10,-2.08068104968e-08,4.9102291122e-09,-3.82110130204e-08,9.78000969099e-08,4.45728846898e-06,0.0,2.58311501966e-07,4.08109741556e-08,-9.34451183099e-09,4.09294020898e-09,-1.95475564624e-08,8.4610979334e-10,2.58311501966e-07,-4.08109741556e-08,5.17335729455e-06,0.0
1625185932030948492,height,4,32,width,4,8,imag,2,2,0,2.68087152477e-08,0.0,4.49946441217e-10,-6.4652583287e-10,-2.30036043547e-08,-2.35053598807e-09,-1.14810205787e-08,-8.24304446922e-09,4.49946441217e-10,6.4652583287e-10,3.95796678276e-06,0.0,3.50884761247e-08,-4.15352872096e-08,6.05235399576e-08,8.2434405968e-09,-2.30036043547e-08,2.35053598807e-09,3.50884761247e-08,4.15352872096e-08,4.50487232229e-06,0.0,3.02930857288e-07,3.42423014388e-08,-1.14810205787e-08,8.24304446922e-09,6.05235399576e-08,-8.2434405968e-09,3.02930857288e-07,-3.42423014388e-08,5.21598258274e-06,0.0
1625185932285100559,height,4,32,width,4,8,imag,2,2,0,2.65010715594e-08,0.0,8.48595527181e-10,-1.49856549392e-09,-2.06241956846e-08,-6.74738398487e-09,-7.61662377613e-09,-6.63459198691e-09,8.48595527181e-10,1.49856549392e-09,3.92007814298e-06,0.0,-1.54661510265e-08,-6.55489458268e-08,4.27184154717e-08,4.70924144125e-09,-2.06241956846e-08,6.74738398487e-09,-1.54661510265e-08,6.55489458268e-08,4.42516329713e-06,0.0,2.04731833264e-07,7.85108582591e-08,-7.61662377613e-09,6.63459198691e-09,4.27184154717e-08,-4.70924144125e-09,2.04731833264e-07,-7.85108582591e-08,5.21462925462e-06,0.0
1625185932548947341,height,4,32,width,4,8,imag,2,2,0,2.65659831911e-08,0.0,2.07525441276e-10,3.93538424071e-10,-2.18596714063e-08,-5.26288435054e-09,-9.39542221801e-09,-7.56089235665e-09,2.07525441276e-10,-3.93538424071e-10,3.89588785765e-06,0.0,2.66984017117e-08,-8.45738910016e-08,3.22186295421e-08,1.14830607245e-08,-2.18596714063e-08,5.26288435054e-09,2.66984017117e-08,8.45738910016e-08,4.40900112153e-06,0.0,2.27066649927e-07,4.38838902994e-08,-9.39542221801e-09,7.56089235665e-09,3.22186295421e-08,-1.14830607245e-08,2.27066649927e-07,-4.38838902994e-08,5.23230164617e-06,0.0
1625185932821640971,height,4,32,width,4,8,imag,2,2,0,0.0010948429117,0.0,0.00272378395312,0.0133439423516,-0.00785998255014,0.0183953698725,-0.00482393940911,-0.00912699941546,0.00272378395312,-0.0133439423516,0.170114353299,0.0,0.20552495122,0.142108350992,-0.122665174305,0.0357826575637,-0.00785998255014,-0.0183953698725,0.20552495122,-0.142108350992,0.369301140308,0.0,-0.118238553405,0.145731389523,-0.00482393940911,0.00912699941546,-0.122665174305,-0.0357826575637,-0.118238553405,-0.145731389523,0.0980382114649,0.0
1625185933078776416,height,4,32,width,4,8,imag,2,2,0,0.00103438855149,0.0,0.00170809205156,0.0133968256414,-0.00875008944422,0.0178922452033,-0.0045548286289,-0.00912510231137,0.00170809205156,-0.0133968256414,0.17708607018,0.0,0.218227744102,0.143418624997,-0.125094041228,0.043611753732,-0.00875008944422,-0.0178922452033,0.218227744102,-0.143418624997,0.387497603893,0.0,-0.118773154914,0.155107960105,-0.0045548286289,0.00912510231137,-0.125094041228,-0.043611753732,-0.118773154914,-0.155107960105,0.101289957762,0.0
1625185933222100400,height,4,32,width,4,8,imag,2,2,0,0.000972041394562,0.0,0.00114692351781,0.0130732320249,-0.00888270977885,0.0172276888043,-0.00433632778004,-0.00886399298906,0.00114692351781,-0.0130732320249,0.177860572934,0.0,0.222090542316,0.140285432339,-0.123793035746,0.0475239343941,-0.00888270977885,-0.0172276888043,0.222090542316,-0.140285432339,0.390612483025,0.0,-0.117025412619,0.157017350197,-0.00433632778004,0.00886399298906,-0.123793035746,-0.0475239343941,-0.117025412619,-0.157017350197,0.100862495601,0.0
1625185933437699407,height,4,32,width,4,8,imag,2,2,0,0.000890627154149,0.0,0.00038183061406,0.0124195357785,-0.00928101409227,0.0159902703017,-0.00408241245896,-0.00831651408225,0.00038183061406,-0.0124195357785,0.174074441195,0.0,0.219939827919,0.136793151498,-0.11718840152,0.0529727824032,-0.00928101409227,-0.0159902703017,0.219939827919,-0.136793151498,0.387873977423,0.0,-0.106354050338,0.159057736397,-0.00408241245896,0.00831651408225,-0.11718840152,-0.0529727824032,-0.106354050338,-0.159057736397,0.0970386639237,0.0
1625185933694822663,height,4,32,width,4,8,imag,2,2,0,0.00093215709785,0.0,0.000855675607454,0.0128142191097,-0.00884180609137,0.0167724750936,-0.00437121465802,-0.00882439687848,0.000855675607454,-0.0128142191097,0.177664488554,0.0,0.22339579463,0.137466311455,-0.124743193388,0.0516314990819,-0.00884180609137,-0.0167724750936,0.22339579463,-0.137466311455,0.389732927084,0.0,-0.116816081107,0.161458536983,-0.00437121465802,0.00882439687848,-0.124743193388,-0.0516314990819,-0.116816081107,-0.161458536983,0.104766495526,0.0
1625185933844742233,height,4,32,width,4,8,imag,2,2,0,0.000950581976213,0.0,0.000677080650348,0.012941095978,-0.00917624495924,0.0168116055429,-0.00435183523223,-0.00886077899486,0.000677080650348,-0.012941095978,0.177368015051,0.0,0.22325553,0.137402653694,-0.123171120882,0.0525573715568,-0.00917624495924,-0.0168116055429,0.22325553,-0.137402653694,0.390050083399,0.0,-0.114231675863,0.161602839828,-0.00435183523223,0.00886077899486,-0.123171120882,-0.0525573715568,-0.114231675863,-0.161602839828,0.103218443692,0.0
1625185934078035148,height,4,32,width,4,8,imag,2,2,0,2.65440966984e-08,0.0,3.85062026709e-09,-1.61127811094e-09,-2.39425421711e-08,-4.99829910794e-09,-8.27111090729e-09,-5.76302872091e-09,3.85062026709e-09,1.61127811094e-09,3.94349854105e-06,0.0,2.67453277303e-08,-7.07099303554e-08,5.20306775442e-09,-2.07968344768e-08,-2.39425421711e-08,4.99829910794e-09,2.67453277303e-08,7.07099303554e-08,4.38186771134e-06,0.0,2.70504614264e-07,1.06101701647e-07,-8.27111090729e-09,5.76302872091e-09,5.20306775442e-09,2.07968344768e-08,2.70504614264e-07,-1.06101701647e-07,5.25290943187e-06,0.0
1625185934341622152,height,4,32,width,4,8,imag,2,2,0,2.66090189882e-08,0.0,-1.3341951155e-10,-1.36372391157e-09,-2.04135144344e-08,-4.15340073445e-09,-8.14609713018e-09,-2.07157024867e-09,-1.3341951155e-10,1.36372391157e-09,3.91180674342e-06,0.0,6.11210282386e-08,-8.18985128603e-08,4.10241218773e-09,-4.0517715405e-08,-2.04135144344e-08,4.15340073445e-09,6.11210282386e-08,8.18985128603e-08,4.40215262643e-06,0.0,2.47510058671e-07,6.53139764495e-08,-8.14609713018e-09,2.07157024867e-09,4.10241218773e-09,4.0517715405e-08,2.47510058671e-07,-6.53139764495e-08,5.27581187271e-06,0.0
1625185934588058979,height,4,32,width,4,8,imag,2,2,0,2.64783803772e-08,0.0,2.06757636186e-12,-2.69095390415e-09,-2.20782325755e-08,-3.58174778725e-09,-1.49509116198e-08,-4.82374806765e-09,2.06757636186e-12,2.69095390415e-09,3.98490647058e-06,0.0,6.83187408868e-08,-7.59682095008e-08,6.27908280926e-11,-2.90251165325e-08,-2.20782325755e-08,3.58174778725e-09,6.83187408868e-08,7.59682095008e-08,4.50898460258e-06,0.0,2.36467499803e-07,1.46532485701e-07,-1.49509116198e-08,4.82374806765e-09,6.27908280926e-11,2.90251165325e-08,2.36467499803e-07,-1.46532485701e-07,5.30523902853e-06,0.0
1625185934855339152,height,4,32,width,4,8,imag,2,2,0,2.68179753959e-08,0.0,-1.87971083143e-09,-2.89120594132e-09,-1.9697178999e-08,-4.79255257702e-09,-1.27186803311e-08,-8.26253199193e-09,-1.87971083143e-09,2.89120594132e-09,3.92048013964e-06,0.0,2.75168776653e-08,-1.00343221732e-07,5.5150954914e-09,-5.23762686555e-08,-1.9697178999e-08,4.79255257702e-09,2.75168776653e-08,1.00343221732e-07,4.45579735242e-06,0.0,3.00452967394e-07,9.29852532749e-08,-1.27186803311e-08,8.26253199193e-09,5.5150954914e-09,5.23762686555e-08,3.00452967394e-07,-9.29852532749e-08,5.23464495927e-06,0.0
1625185935106737757,height,4,32,width,4,8,imag,2,2,0,2.66478892286e-08,0.0,1.58103918846e-09,1.52396162356e-09,-2.28505996347e-08,-5.02135355518e-09,-1.08690771938e-08,-5.29190691267e-09,1.58103918846e-09,-1.52396162356e-09,3.87736281482e-06,0.0,-5.1871205109e-09,-9.27316250454e-08,8.86950779488e-09,-4.05960101091e-08,-2.28505996347e-08,5.02135355518e-09,-5.1871205109e-09,9.27316250454e-08,4.44734632765e-06,0.0,2.49940597996e-07,5.01947319265e-08,-1.08690771938e-08,5.29190691267e-09,8.86950779488e-09,4.05960101091e-08,2.49940597996e-07,-5.01947319265e-08,5.28487134943e-06,0.0
1625185935359347255,height,4,32,width,4,8,imag,2,2,0,2.67693387457e-08,0.0,-6.91456614188e-10,-3.2826874552e-09,-2.18108162642e-08,-4.87171947228e-09,-7.29372162667e-09,-5.80236036996e-09,-6.91456614188e-10,3.2826874552e-09,3.96205132347e-06,0.0,6.3768803571e-09,-6.83086227582e-08,2.30274771473e-10,4.67163197015e-08,-2.18108162642e-08,4.87171947228e-09,6.3768803571e-09,6.83086227582e-08,4.43166618425e-06,0.0,2.53962554098e-07,5.86477995057e-08,-7.29372162667e-09,5.80236036996e-09,2.30274771473e-10,-4.67163197015e-08,2.53962554098e-07,-5.86477995057e-08,5.2920172493e-06,0.0
1625185935524072131,height,4,32,width,4,8,imag,2,2,0,2.66669939464e-08,0.0,-4.01807892514e-10,-3.44205730585e-09,-2.27569305622e-08,-4.61511540095e-09,-1.00402557379e-08,-4.8479669168e-09,-4.01807892514e-10,3.44205730585e-09,3.94908329326e-06,0.0,4.75685517642e-08,-7.1422881831e-08,3.83948091098e-08,2.76583573822e-08,-2.27569305622e-08,4.61511540095e-09,4.75685517642e-08,7.1422881831e-08,4.43664293925e-06,0.0,2.40843746724e-07,1.76158437171e-07,-1.00402557379e-08,4.8479669168e-09,3.83948091098e-08,-2.76583573822e-08,2.40843746724e-07,-1.76158437171e-07,5.26189796801e-06,0.0
1625185935748093314,height,4,32,width,4,8,imag,2,2,0,2.64292179253e-08,0.0,-5.16881426549e-10,-2.02557592921e-09,-2.2586252868e-08,-5.31314992003e-09,-7.489857623e-09,-4.20571000248e-09,-5.16881426549e-10,2.02557592921e-09,3.92273614125e-06,0.0,2.11213322387e-08,-1.01180525292e-07,2.34077308647e-08,1.85646804596e-08,-2.2586252868e-08,5.31314992003e-09,2.11213322387e-08,1.01180525292e-07,4.48176751888e-06,0.0,2.45646589292e-07,3.13693249154e-08,-7.489857623e-09,4.20571000248e-09,2.34077308647e-08,-1.85646804596e-08,2.45646589292e-07,-3.13693249154e-08,5.25061477674e-06,0.0
1625185935883754256,height,4,32,width,4,8,imag,2,2,0,2.66307011998e-08,0.0,3.00794567032e-09,-3.32854188656e-09,-2.06674855008e-08,-2.90004220638e-09,-1.04640811571e-08,-2.77848943853e-09,3.00794567032e-09,3.32854188656e-09,3.96074710807e-06,0.0,-1.39948355127e-08,-5.26623047392e-08,-1.15883258545e-08,2.81044920669e-09,-2.06674855008e-08,2.90004220638e-09,-1.39948355127e-08,5.26623047392e-08,4.43167755293e-06,0.0,2.27156249366e-07,8.56539301708e-08,-1.04640811571e-08,2.77848943853e-09,-1.15883258545e-08,-2.81044920669e-09,2.27156249366e-07,-8.56539301708e-08,5.26239500687e-06,0.0
1625185936128470079,height,4,32,width,4,8,imag,2,2,0,2.68393005598e-08,0.0,-1.10161779698e-09,-2.51086840208e-09,-2.27548646592e-08,-6.28806473557e-09,-9.04458818951e-09,-7.16210024621e-09,-1.10161779698e-09,2.51086840208e-09,3.94825610783e-06,0.0,2.25438312462e-09,-7.92548746631e-08,9.11886388621e-09,-2.93385831185e-08,-2.27548646592e-08,6.28806473557e-09,2.25438312462e-09,7.92548746631e-08,4.48026139566e-06,0.0,2.4906378826e-07,8.88914613029e-08,-9.04458818951e-09,7.16210024621e-09,9.11886388621e-09,2.93385831185e-08,2.4906378826e-07,-8.88914613029e-08,5.27856354893e-06,0.0
1625185936389647481,height,4,32,width,4,8,imag,2,2,0,2.6753111726e-08,0.0,1.38403111194e-09,-1.37994682348e-09,-2.44586395581e-08,-3.9460257284e-09,-1.22629666421e-08,-3.76868314333e-09,1.38403111194e-09,1.37994682348e-09,3.92149286199e-06,0.0,3.21617967813e-08,-7.1963057735e-08,2.63799115885e-08,2.33426966645e-08,-2.44586395581e-08,3.9460257284e-09,3.21617967813e-08,7.1963057735e-08,4.4997200348e-06,0.0,2.77591283293e-07,9.35545827474e-08,-1.22629666421e-08,3.76868314333e-09,2.63799115885e-08,-2.33426966645e-08,2.77591283293e-07,-9.35545827474e-08,5.27477641299e-06,0.0
1625185936640024822,height,4,32,width,4,8,imag,2,2,0,2.65448516501e-08,0.0,-7.72124475468e-10,-2.21531637479e-09,-2.38895587756e-08,-3.10084957711e-09,-7.18893344853e-09,-7.57302309751e-09,-7.72124475468e-10,2.21531637479e-09,3.9754700083e-06,0.0,3.83408966798e-08,-6.22401117312e-08,1.247498016e-08,-2.35449473251e-08,-2.38895587756e-08,3.10084957711e-09,3.83408966798e-08,6.22401117312e-08,4.41204019808e-06,0.0,2.39806723812e-07,1.09455932318e-07,-7.18893344853e-09,7.57302309751e-09,1.247498016e-08,2.35449473251e-08,2.39806723812e-07,-1.09455932318e-07,5.20784897162e-06,0.0
1625185936900833389,height,4,32,width,4,8,imag,2,2,0,2.68243649515e-08,0.0,-1.30226773809e-09,-3.83007137117e-09,-2.34390054032e-08,-6.60911281258e-09,-1.35760540587e-08,-5.96701310585e-09,-1.30226773809e-09,3.83007137117e-09,3.95652205043e-06,0.0,5.05530586281e-08,-7.05219633801e-08,1.88075652829e-08,3.35580701005e-08,-2.34390054032e-08,6.60911281258e-09,5.05530586281e-08,7.05219633801e-08,4.47640604762e-06,0.0,2.53723328569e-07,1.07968496366e-07,-1.35760540587e-08,5.96701310585e-09,1.88075652829e-08,-3.35580701005e-08,2.53723328569e-07,-1.07968496366e-07,5.23954849996e-06,0.0
1625185937151332757,height,4,32,width,4,8,imag,2,2,0,2.65422670509e-08,0.0,2.07309258649e-09,-2.13018891415e-09,-1.99776728493e-08,-5.11992226393e-09,-1.63849573909e-08,-7.45480210895e-09,2.07309258649e-09,2.13018891415e-09,3.96231916966e-06,0.0,5.2652641358e-08,-8.36750047029e-08,-9.24379772727e-09,-2.95323889787e-08,-1.99776728493e-08,5.11992226393e-09,5.2652641358e-08,8.36750047029e-08,4.38027245764e-06,0.0,2.64500357616e-07,9.00777195056e-08,-1.63849573909e-08,7.45480210895e-09,-9.24379772727e-09,2.95323889787e-08,2.64500357616e-07,-9.00777195056e-08,5.25524274053e-06,0.0
1625185937404191657,height,4,32,width,4,8,imag,2,2,0,0.000888114096597,0.0,0.000595466583036,0.0126227783039,-0.00885160174221,0.0162636935711,-0.00418229727075,-0.00832760520279,0.000595466583036,-0.0126227783039,0.180548906326,0.0,0.226179078221,0.137219101191,-0.120593950152,0.0534612461925,-0.00885160174221,-0.0162636935711,0.226179078221,-0.137219101191,0.390009015799,0.0,-0.110346339643,0.158671140671,-0.00418229727075,0.00832760520279,-0.120593950152,-0.0534612461925,-0.110346339643,-0.158671140671,0.0984998941422,0.0
1625185937662719191,height,4,32,width,4,8,imag,2,2,0,0.000880763458554,0.0,0.000805489427876,0.0125627489761,-0.00847145821899,0.0163147430867,-0.00404603686184,-0.00818143598735,0.000805489427876,-0.0125627489761,0.18066740036,0.0,0.225909993052,0.13625498116,-0.1198367998,0.0498422011733,-0.00847145821899,-0.0163147430867,0.225909993052,-0.13625498116,0.387725770473,0.0,-0.112166896462,0.152740970254,-0.00404603686184,0.00818143598735,-0.1198367998,-0.0498422011733,-0.112166896462,-0.152740970254,0.0952710211277,0.0
1625185937937014365,height,4,32,width,4,8,imag,2,2,0,0.000851550197694,0.0,0.000355832627974,0.0122863361612,-0.00865623168647,0.0158670581877,-0.00353194912896,-0.00790860317647,0.000355832627974,-0.0122863361612,0.178181543946,0.0,0.22630597651,0.132040694356,-0.115018881857,0.0472892411053,-0.00865623168647,-0.0158670581877,0.22630597651,-0.132040694356,0.387714922428,0.0,-0.110968753695,0.145325273275,-0.00353194912896,0.00790860317647,-0.115018881857,-0.0472892411053,-0.110968753695,-0.145325273275,0.0887586995959,0.0
1625185938173802517,height,4,32,width,4,8,imag,2,2,0,0.000949306413531,0.0,0.00129411229864,0.0131396315992,-0.00844001583755,0.0172077659518,-0.00418416038156,-0.00771208386868,0.00129411229864,-0.0131396315992,0.184490844607,0.0,0.22775387764,0.140820592642,-0.111987091601,0.0471318215132,-0.00844001583755,-0.0172077659518,0.22775387764,-0.140820592642,0.391213148832,0.0,-0.102219380438,0.143711864948,-0.00418416038156,0.00771208386868,-0.111987091601,-0.0471318215132,-0.102219380438,-0.143711864948,0.0817682817578,0.0
1625185938429530800,height,4,32,width,4,8,imag,2,2,0,0.000832347490359,0.0,0.00220519397408,0.0126093076542,-0.00640861736611,0.0166958440095,-0.00429651979357,-0.00695767113939,0.00220519397408,-0.0126093076542,0.19776648283,0.0,0.237040713429,0.141903579235,-0.116260759532,0.0462905615568,-0.00640861736611,-0.0166958440095,0.237040713429,-0.141903579235,0.38833668828,0.0,-0.106072597206,0.138939768076,-0.00429651979357,0.00695767113939,-0.116260759532,-0.0462905615568,-0.106072597206,-0.138939768076,0.0810019299388,0.0
1625185938686570364,height,4,32,width,4,8,imag,2,2,0,2.68394071412e-08,0.0,1.45003165031e-09,6.24390705806e-10,-2.29909424831e-08,-3.17370107972e-09,-1.20863097308e-08,-7.4926358451e-09,1.45003165031e-09,-6.24390705806e-10,3.95144752474e-06,0.0,1.30628201589e-08,-7.02578049072e-08,4.23947383865e-08,-1.36382318772e-08,-2.29909424831e-08,3.17370107972e-09,1.30628201589e-08,7.02578049072e-08,4.38881352238e-06,0.0,2.33022106499e-07,4.68639314022e-08,-1.20863097308e-08,7.4926358451e-09,4.23947383865e-08,1.36382318772e-08,2.33022106499e-07,-4.68639314022e-08,5.22392565472e-06,0.0
1625185938940030456,height,4,32,width,4,8,imag,2,2,0,2.68591744401e-08,0.0,9.21986167968e-11,-9.06455854821e-10,-2.12371578101e-08,-2.49035791988e-09,-1.29090986789e-08,-2.96239743847e-09,9.21986167968e-11,9.06455854821e-10,3.90584909837e-06,0.0,4.22554364832e-08,-6.76559466228e-08,2.59445620543e-08,2.02090575385e-08,-2.12371578101e-08,2.49035791988e-09,4.22554364832e-08,6.76559466228e-08,4.46626199846e-06,0.0,2.54061291116e-07,1.36761244107e-07,-1.29090986789e-08,2.96239743847e-09,2.59445620543e-08,-2.02090575385e-08,2.54061291116e-07,-1.36761244107e-07,5.3001544984e-06,0.0
1625185939084426034,height,4,32,width,4,8,imag,2,2,0,2.66192952125e-08,0.0,9.74781921848e-10,-2.57819676719e-09,-2.1255113225e-08,-2.22313678577e-09,-9.43171585277e-09,-6.39060493413e-09,9.74781921848e-10,2.57819676719e-09,3.99339523938e-06,0.0,1.43824641086e-08,-7.10805139192e-08,1.60082525014e-08,-3.31141940535e-08,-2.1255113225e-08,2.22313678577e-09,1.43824641086e-08,7.10805139192e-08,4.49545223091e-06,0.0,2.56135706422e-07,8.38711002871e-08,-9.43171585277e-09,6.39060493413e-09,1.60082525014e-08,3.31141940535e-08,2.56135706422e-07,-8.38711002871e-08,5.23963171872e-06,0.0
1625185939325130884,height,4,32,width,4,8,imag,2,2,0,2.66008051142e-08,0.0,5.42829226013e-10,1.77365244713e-09,-1.86397546287e-08,-5.01912689188e-09,-1.28116646181e-08,-4.85390350136e-09,5.42829226013e-10,-1.77365244713e-09,3.93205573346e-06,0.0,1.37332056838e-08,-6.25710185886e-08,8.34361824076e-09,9.53262002668e-09,-1.86397546287e-08,5.01912689188e-09,1.37332056838e-08,6.25710185886e-08,4.47278171123e-06,0.0,2.63957787183e-07,8.16397474068e-08,-1.28116646181e-08,4.85390350136e-09,8.34361824076e-09,-9.53262002668e-09,2.63957787183e-07,-8.16397474068e-08,5.24199549545e-06,0.0
1625185939583824042,height,4,32,width,4,8,imag,2,2,0,2.64969450825e-08,0.0,-8.4888768237e-10,-2.39301933824e-09,-2.21323368521e-08,-4.80554751547e-09,-1.55951536129e-08,-4.98343633026e-09,-8.4888768237e-10,2.39301933824e-09,3.93723757952e-06,0.0,6.53640910286e-08,-7.65189014373e-08,-1.87312068078e-08,-7.97088173243e-09,-2.21323368521e-08,4.80554751547e-09,6.53640910286e-08,7.65189014373e-08,4.49964863947e-06,0.0,2.12561772628e-07,9.6393570459e-08,-1.55951536129e-08,4.98343633026e-09,-1.87312068078e-08,7.97088173243e-09,2.12561772628e-07,-9.6393570459e-08,5.27410384166e-06,0.0
1625185939839812169,height,4,32,width,4,8,imag,2,2,0,2.65405208921e-08,0.0,-2.2723913029e-10,-1.94580485058e-09,-2.26396714709e-08,-6.3936846928e-09,-1.42193936625e-08,-9.71091740354e-09,-2.2723913029e-10,1.94580485058e-09,3.92790389014e-06,0.0,3.1431483194e-08,-7.22840880485e-08,-1.89565962927e-08,2.19866400641e-08,-2.26396714709e-08,6.3936846928e-09,3.1431483194e-08,7.22840880485e-08,4.46761850981e-06,0.0,2.76033034652e-07,3.86180758483e-08,-1.42193936625e-08,9.71091740354e-09,-1.89565962927e-08,-2.19866400641e-08,2.76033034652e-07,-3.86180758483e-08,5.3152093642e-06,0.0
1625185939980622857,height,4,32,width,4,8,imag,2,2,0,2.65252300125e-08,0.0,1.65514116302e-10,-1.63260918673e-10,-2.14017941147e-08,-3.01299163397e-09,-1.0773091752e-08,-5.03865971169e-09,1.65514116302e-10,1.63260918673e-10,3.92892843593e-06,0.0,-3.03132807744e-09,-7.5075639927e-08,1.75394507806e-08,-3.10965191375e-08,-2.14017941147e-08,3.01299163397e-09,-3.03132807744e-09,7.5075639927e-08,4.44644911113e-06,0.0,2.8951504305e-07,9.6573934627e-08,-1.0773091752e-08,5.03865971169e-09,1.75394507806e-08,3.10965191375e-08,2.8951504305e-07,-9.6573934627e-08,5.27242855242e-06,0.0
1625185940218965198,height,4,32,width,4,8,imag,2,2,0,2.68566004991e-08,0.0,1.46865264394e-09,-3.70134811689e-09,-2.21910312348e-08,-6.85164325276e-09,-9.8228820633e-09,-4.8843209477e-09,1.46865264394e-09,3.70134811689e-09,3.88190755984e-06,0.0,6.15791595493e-09,-8.40152267756e-08,-2.18286722031e-08,-2.12259756438e-08,-2.21910312348e-08,6.85164325276e-09,6.15791595493e-09,8.40152267756e-08,4.44405577582e-06,0.0,2.40596307322e-07,2.97183451181e-08,-9.8228820633e-09,4.8843209477e-09,-2.18286722031e-08,2.12259756438e-08,2.40596307322e-07,-2.97183451181e-08,5.21661422681e-06,0.0
1625185940362799792,height,4,32,width,4,8,imag,2,2,0,2.66764335066e-08,0.0,-1.84888504506e-09,-2.3632216184e-09,-2.19482902963e-08,-7.24304305422e-09,-7.9581781165e-09,-6.9490559973e-09,-1.84888504506e-09,2.3632216184e-09,3.95912138629e-06,0.0,3.91846484149e-08,-1.09578088825e-07,2.62994870326e-08,-1.90355953222e-09,-2.19482902963e-08,7.24304305422e-09,3.91846484149e-08,1.09578088825e-07,4.48694163424e-06,0.0,2.23567440116e-07,9.17040594572e-08,-7.9581781165e-09,6.9490559973e-09,2.62994870326e-08,1.90355953222e-09,2.23567440116e-07,-9.17040594572e-08,5.29400585947e-06,0.0
1625185940607919590,height,4,32,width,4,8,imag,2,2,0,2.64826685026e-08,0.0,1.44598921725e-09,-1.58542723394e-09,-2.26954401938e-08,-4.33788693854e-09,-8.13078404605e-09,-3.94438659512e-09,1.44598921725e-09,1.58542723394e-09,3.98578458771e-06,0.0,2.84987926591e-08,-8.69684200211e-08,-1.91076381384e-08,-1.95979410478e-08,-2.26954401938e-08,4.33788693854e-09,2.84987926591e-08,8.69684200211e-08,4.48192986369e-06,0.0,2.8674207897e-07,9.79392069667e-08,-8.13078404605e-09,3.94438659512e-09,-1.91076381384e-08,1.95979410478e-08,2.8674207897e-07,-9.79392069667e-08,5.26480062035e-06,0.0
1625185940749518986,height,4,32,width,4,8,imag,2,2,0,2.66056883191e-08,0.0,3.290864109e-11,-2.50423415338e-09,-2.51119125494e-08,-5.47084422209e-09,-1.25437056298e-08,-3.18444004499e-09,3.290864109e-11,2.50423415338e-09,3.95678353016e-06,0.0,2.84890973035e-08,-6.74315643323e-08,2.10009805102e-08,-2.04716190666e-08,-2.51119125494e-08,5.47084422209e-09,2.84890973035e-08,6.74315643323e-08,4.47509046353e-06,0.0,2.60151068687e-07,8.97230307828e-08,-1.25437056298e-08,3.18444004499e-09,2.10009805102e-08,2.04716190666e-08,2.60151068687e-07,-8.97230307828e-08,5.20756384503e-06,0.0
1625185940985327085,height,4,32,width,4,8,imag,2,2,0,2.65538826483e-08,0.0,2.17166576388e-10,3.80702386282e-10,-2.40646365057e-08,-5.92887738904e-09,-9.33137123127e-09,-7.00133151454e-09,2.17166576388e-10,-3.80702386282e-10,3.95420784116e-06,0.0,4.25663415626e-08,-6.85705430215e-08,1.78563386299e-08,4.01752159318e-10,-2.40646365057e-08,5.92887738904e-09,4.25663415626e-08,6.85705430215e-08,4.40737721874e-06,0.0,2.39217655462e-07,1.02279919645e-07,-9.33137123127e-09,7.00133151454e-09,1.78563386299e-08,-4.01752159318e-10,2.39217655462e-07,-1.02279919645e-07,5.21203810422e-06,0.0
1625185941126656493,height,4,32,width,4,8,imag,2,2,0,2.65314614722e-08,0.0,1.43685718879e-09,-2.84075007961e-09,-2.11751149948e-08,-5.65595170698e-09,-7.46891171133e-09,-3.09337133686e-09,1.43685718879e-09,2.84075007961e-09,3.95098822992e-06,0.0,3.14017967185e-08,-6.3231027525e-08,2.41926763067e-08,-3.42215877858e-09,-2.11751149948e-08,5.65595170698e-09,3.14017967185e-08,6.3231027525e-08,4.43971703135e-06,0.0,2.16045663137e-07,1.89156139641e-08,-7.46891171133e-09,3.09337133686e-09,2.41926763067e-08,3.42215877858e-09,2.16045663137e-07,-1.89156139641e-08,5.25042742083e-06,0.0
1625185941371648716,height,4,32,width,4,8,imag,2,2,0,2.64488875246e-08,0.0,1.47544032547e-09,-1.47267908979e-09,-1.89899118652e-08,-6.11246919746e-09,-8.67941096772e-09,-2.48610620979e-09,1.47544032547e-09,1.47267908979e-09,3.9561587073e-06,0.0,5.97220051191e-08,-7.63842535889e-08,3.19632342816e-09,-1.68027494141e-08,-1.89899118652e-08,6.11246919746e-09,5.97220051191e-08,7.63842535889e-08,4.42360260422e-06,0.0,2.45630417339e-07,3.98295263437e-08,-8.67941096772e-09,2.48610620979e-09,3.19632342816e-09,1.68027494141e-08,2.45630417339e-07,-3.98295263437e-08,5.28015834789e-06,0.0
1625185941632449291,height,4,32,width,4,8,imag,2,2,0,0.000240824214416,0.0,0.000536974577699,0.00358357862569,-0.00196846108884,0.0047469008714,-0.00118564767763,-0.00213376269676,0.000536974577699,-0.00358357862569,0.0547629967332,0.0,0.0665413960814,0.0400391332805,-0.0342176556587,0.0127844717354,-0.00196846108884,-0.0047469008714,0.0665413960814,-0.0400391332805,0.110815800726,0.0,-0.0322151817381,0.0405622981489,-0.00118564767763,0.00213376269676,-0.0342176556587,-0.0127844717354,-0.0322151817381,-0.0405622981489,0.0249444004148,0.0
1625185941895098249,height,4,32,width,4,8,imag,2,2,0,0.00084370264085,0.0,0.00171475135721,0.0126192606986,-0.00714983651415,0.0165911037475,-0.00419330596924,-0.0074624074623,0.00171475135721,-0.0126192606986,0.192971125245,0.0,0.234541967511,0.141161739826,-0.119593895972,0.0471919737756,-0.00714983651415,-0.0165911037475,0.234541967511,-0.141161739826,0.390874415636,0.0,-0.110766902566,0.14486964047,-0.00419330596924,0.0074624074623,-0.119593895972,-0.0471919737756,-0.110766902566,-0.14486964047,0.0874664857984,0.0
1625185942150531148,height,4,32,width,4,8,imag,2,2,0,0.000838498817757,0.0,0.00178995064925,0.0125118903816,-0.00699053006247,0.0165126472712,-0.00414570933208,-0.00742291100323,0.00178995064925,-0.0125118903816,0.191336497664,0.0,0.232487127185,0.14010566473,-0.119011417031,0.0456170402467,-0.00699053006247,-0.0165126472712,0.232487127185,-0.14010566473,0.387387096882,0.0,-0.111134454608,0.142620772123,-0.00414570933208,0.00742291100323,-0.119011417031,-0.0456170402467,-0.111134454608,-0.142620772123,0.0868896618485,0.0
1625185942396920952,height,4,32,width,4,8,imag,2,2,0,0.000841065542772,0.0,0.00174361583777,0.0125456303358,-0.0070576351136,0.0165299270302,-0.00422159163281,-0.00739424861968,0.00174361583777,-0.0125456303358,0.191511943936,0.0,0.232880368829,0.140053316951,-0.118491016328,0.0472777225077,-0.0070576351136,-0.0165299270302,0.232880368829,-0.140053316951,0.388091504574,0.0,-0.109446547925,0.144181057811,-0.00422159163281,0.00739424861968,-0.118491016328,-0.0472777225077,-0.109446547925,-0.144181057811,0.0868223980069,0.0
1625185942656689848,height,4,32,width,4,8,imag,2,2,0,0.000840684282593,0.0,0.00174674880691,0.0125286206603,-0.00694685149938,0.0165741741657,-0.00418128166348,-0.00737010361627,0.00174674880691,-0.0125286206603,0.191141605377,0.0,0.233567401767,0.138502389193,-0.11794026196,0.0466333851218,-0.00694685149938,-0.0165741741657,0.233567401767,-0.138502389193,0.388186842203,0.0,-0.110264442861,0.142477288842,-0.00418128166348,0.00737010361627,-0.11794026196,-0.0466333851218,-0.110264442861,-0.142477288842,0.0860466659069,0.0
1625185942914235225,height,4,32,width,4,8,imag,2,2,0,0.000394466333091,0.0,0.000827883835882,0.00586583884433,-0.00328439101577,0.00774924876168,-0.00197864579968,-0.00345711014234,0.000827883835882,-0.00586583884433,0.0893560051918,0.0,0.108824029565,0.0653643906116,-0.055268574506,0.0219893027097,-0.00328439101577,-0.00774924876168,0.108824029565,-0.0653643906116,0.181415423751,0.0,-0.0511955618858,0.0672338232398,-0.00197864579968,0.00345711014234,-0.055268574506,-0.0219893027097,-0.0511955618858,-0.0672338232398,0.0405549481511,0.0
1625185943172097319,height,4,32,width,4,8,imag,2,2,0,2.65264148425e-08,0.0,-7.01795066504e-10,-2.80477352455e-09,-2.28622187848e-08,-3.27333271599e-09,-9.993358141e-09,1.36983180354e-09,-7.01795066504e-10,2.80477352455e-09,3.95319102608e-06,0.0,3.06863014998e-08,-1.20627376532e-07,-4.29065352137e-08,-6.60029642052e-10,-2.28622187848e-08,3.27333271599e-09,3.06863014998e-08,1.20627376532e-07,4.39579480371e-06,0.0,2.64444082632e-07,3.96446111495e-08,-9.993358141e-09,-1.36983180354e-09,-4.29065352137e-08,6.60029642052e-10,2.64444082632e-07,-3.96446111495e-08,5.30231363882e-06,0.0
1625185943425738408,height,4,32,width,4,8,imag,2,2,0,2.67509570051e-08,0.0,-5.20720584707e-11,-9.51099421442e-10,-2.05213588345e-08,-3.82988307734e-09,-8.7502343149e-09,-9.54831413935e-09,-5.20720584707e-11,9.51099421442e-10,3.94222070099e-06,0.0,5.51824577144e-08,-7.79343665158e-08,3.15104067283e-08,3.85622591637e-08,-2.05213588345e-08,3.82988307734e-09,5.51824577144e-08,7.79343665158e-08,4.41509337179e-06,0.0,2.34829130363e-07,7.51883604266e-08,-8.7502343149e-09,9.54831413935e-09,3.15104067283e-08,-3.85622591637e-08,2.34829130363e-07,-7.51883604266e-08,5.2211471484e-06,0.0
1625185943678332473,height,4,32,width,4,8,imag,2,2,0,2.69043702872e-08,0.0,-4.3660564053e-10,-4.6233736839e-09,-1.80575803199e-08,-3.07714720371e-09,-1.02517159206e-08,-5.791563229e-09,-4.3660564053e-10,4.6233736839e-09,3.9679262045e-06,0.0,1.58995288047e-08,-9.77292771154e-08,-2.06927079915e-08,-2.80333694036e-08,-1.80575803199e-08,3.07714720371e-09,1.58995288047e-08,9.77292771154e-08,4.45507839686e-06,0.0,2.5464345299e-07,7.63965317674e-08,-1.02517159206e-08,5.791563229e-09,-2.06927079915e-08,2.80333694036e-08,2.5464345299e-07,-7.63965317674e-08,5.25177392774e-06,0.0
1625185943938628991,height,4,32,width,4,8,imag,2,2,0,2.6616509885e-08,0.0,-4.00701499759e-10,-8.61021698384e-10,-2.05424139921e-08,-2.03541605792e-09,-8.62050519856e-09,-5.25957188913e-09,-4.00701499759e-10,8.61021698384e-10,3.94713015339e-06,0.0,6.14788859821e-08,-8.21221419756e-08,5.56573240829e-08,-3.33071277225e-08,-2.05424139921e-08,2.03541605792e-09,6.14788859821e-08,8.21221419756e-08,4.444712431e-06,0.0,2.18736985858e-07,6.35975183627e-08,-8.62050519856e-09,5.25957188913e-09,5.56573240829e-08,3.33071277225e-08,2.18736985858e-07,-6.35975183627e-08,5.25841778654e-06,0.0
1625185944189732700,height,4,32,width,4,8,imag,2,2,0,2.63145487622e-08,0.0,1.11245490597e-09,-2.40915376537e-09,-2.21413820611e-08,-5.04915220745e-09,-7.70759989166e-09,-5.35142730129e-09,1.11245490597e-09,2.40915376537e-09,3.92389893022e-06,0.0,2.5692264316e-08,-1.32548166221e-07,4.37955129939e-08,-1.71111558256e-09,-2.21413820611e-08,5.04915220745e-09,2.5692264316e-08,1.32548166221e-07,4.48260925623e-06,0.0,2.26139121651e-07,7.34912433131e-08,-7.70759989166e-09,5.35142730129e-09,4.37955129939e-08,1.71111558256e-09,2.26139121651e-07,-7.34912433131e-08,5.24539154867e-06,0.0
1625185944444704666,height,4,32,width,4,8,imag,2,2,0,2.64369699465e-08,0.0,1.08715103586e-09,-4.57615234595e-09,-2.24141611938e-08,-4.15877021709e-09,-1.11497673316e-08,-5.7783022811e-09,1.08715103586e-09,4.57615234595e-09,3.93494383388e-06,0.0,3.48563311547e-08,-8.90297329192e-08,6.28193816965e-08,2.65951118905e-08,-2.24141611938e-08,4.15877021709e-09,3.48563311547e-08,8.90297329192e-08,4.38224878963e-06,0.0,2.60176477695e-07,4.97225123297e-08,-1.11497673316e-08,5.7783022811e-09,6.28193816965e-08,-2.65951118905e-08,2.60176477695e-07,-4.97225123297e-08,5.30231909579e-06,0.0
1625185944701634432,height,4,32,width,4,8,imag,2,2,0,2.66318753717e-08,0.0,-1.30252708619e-09,1.18302778684e-09,-1.99143137536e-08,-4.36317026953e-09,-8.68325855663e-09,-5.53942181014e-09,-1.30252708619e-09,-1.18302778684e-09,3.91894673157e-06,0.0,3.68053427735e-08,-6.9593376395e-08,2.00585734689e-08,-1.14141229801e-08,-1.99143137536e-08,4.36317026953e-09,3.68053427735e-08,6.9593376395e-08,4.45331852461e-06,0.0,2.36426842548e-07,4.46076704463e-08,-8.68325855663e-09,5.53942181014e-09,2.00585734689e-08,1.14141229801e-08,2.36426842548e-07,-4.46076704463e-08,5.22574964634e-06,0.0
1625185944956513936,height,4,32,width,4,8,imag,2,2,0,2.65094950436e-08,0.0,-1.17295317903e-09,-3.81039599873e-09,-2.21461871064e-08,-7.26419280284e-09,-6.91441526257e-09,-5.86943915692e-09,-1.17295317903e-09,3.81039599873e-09,3.91241246689e-06,0.0,4.44388419396e-08,-1.14050806133e-07,1.10794315944e-08,-3.8463038976e-08,-2.21461871064e-08,7.26419280284e-09,4.44388419396e-08,1.14050806133e-07,4.4334328777e-06,0.0,2.78703993217e-07,5.49916912007e-08,-6.91441526257e-09,5.86943915692e-09,1.10794315944e-08,3.8463038976e-08,2.78703993217e-07,-5.49916912007e-08,5.30764646101e-06,0.0
1625185945221220807,height,4,32,width,4,8,imag,2,2,0,2.65978563618e-08,0.0,-2.39034414484e-09,-7.70030261776e-10,-2.22313776277e-08,-3.19429793727e-09,-1.25356818259e-08,-3.66943320174e-09,-2.39034414484e-09,7.70030261776e-10,3.912822649e-06,0.0,5.81012997714e-08,-6.45009450295e-08,-8.81182682377e-09,7.69538210932e-09,-2.22313776277e-08,3.19429793727e-09,5.81012997714e-08,6.45009450295e-08,4.44396982857e-06,0.0,2.21754476115e-07,5.23583914003e-08,-1.25356818259e-08,3.66943320174e-09,-8.81182682377e-09,-7.69538210932e-09,2.21754476115e-07,-5.23583914003e-08,5.27384236193e-06,0.0
1625185945473726410,height,4,32,width,4,8,imag,2,2,0,2.64650648063e-08,0.0,1.95231164568e-09,-1.92297355817e-09,-2.14762359008e-08,-6.93045754119e-09,-1.08840243485e-08,-6.32444541182e-09,1.95231164568e-09,1.92297355817e-09,3.87018008041e-06,0.0,1.79245773779e-08,-1.19014217148e-07,-1.39341382877e-08,-1.92109510522e-08,-2.14762359008e-08,6.93045754119e-09,1.79245773779e-08,1.19014217148e-07,4.44959005108e-06,0.0,2.27176840895e-07,1.0041002696e-07,-1.08840243485e-08,6.32444541182e-09,-1.39341382877e-08,1.92109510522e-08,2.27176840895e-07,-1.0041002696e-07,5.25742234458e-06,0.0
1625185945725801554,height,4,32,width,4,8,imag,2,2,0,2.66831463591e-08,0.0,-1.43523848362e-09,-2.8269300234e-09,-1.98133758289e-08,-4.57370852303e-09,-8.87201867528e-09,-8.22489898411e-09,-1.43523848362e-09,2.8269300234e-09,3.93732580051e-06,0.0,2.15482724997e-08,-1.13254010614e-07,2.70799560553e-08,-3.18911652641e-08,-1.98133758289e-08,4.57370852303e-09,2.15482724997e-08,1.13254010614e-07,4.4427974899e-06,0.0,2.40475173996e-07,1.06227645347e-07,-8.87201867528e-09,8.22489898411e-09,2.70799560553e-08,3.18911652641e-08,2.40475173996e-07,-1.06227645347e-07,5.29450881004e-06,0.0
1625185945983695832,height,4,32,width,4,8,imag,2,2,0,2.66119819514e-08,0.0,8.34727176269e-10,-1.94772575846e-09,-2.30606023166e-08,-7.28128535243e-09,-6.95282098562e-09,-5.62488455813e-09,8.34727176269e-10,1.94772575846e-09,3.96027644456e-06,0.0,1.43029765809e-08,-6.66287434115e-08,5.40547162586e-09,-2.06568842032e-08,-2.30606023166e-08,7.28128535243e-09,1.43029765809e-08,6.66287434115e-08,4.39799259766e-06,0.0,2.59718603957e-07,1.01219683302e-07,-6.95282098562e-09,5.62488455813e-09,5.40547162586e-09,2.06568842032e-08,2.59718603957e-07,-1.01219683302e-07,5.31293790118e-06,0.0
1625185946248245675,height,4,32,width,4,8,imag,2,2,0,0.0008715649019,0.0,0.0021400526166,0.0127255069092,-0.00681814644486,0.0169676579535,-0.00435393303633,-0.00752677861601,0.0021400526166,-0.0127255069092,0.191828370094,0.0,0.231961548328,0.141744941473,-0.119999863207,0.0447403676808,-0.00681814644486,-0.0169676579535,0.231961548328,-0.141744941473,0.387712597847,0.0,-0.111973546445,0.142788887024,-0.00435393303633,0.00752677861601,-0.119999863207,-0.0447403676808,-0.111973546445,-0.142788887024,0.0874014794827,0.0
1625185946492524265,height,4,32,width,4,8,imag,2,2,0,0.000868333270773,0.0,0.00217129825614,0.0127044692636,-0.00678660580888,0.0169460400939,-0.0043353093788,-0.00746103934944,0.00217129825614,-0.0127044692636,0.19210755825,0.0,0.231956139207,0.142221316695,-0.119392365217,0.0444224365056,-0.00678660580888,-0.0169460400939,0.231956139207,-0.142221316695,0.387654751539,0.0,-0.111203841865,0.142055854201,-0.0043353093788,0.00746103934944,-0.119392365217,-0.0444224365056,-0.111203841865,-0.142055854201,0.0864128321409,0.0
1625185946751103856,height,4,32,width,4,8,imag,2,2,0,0.000876091013197,0.0,0.00238836323842,0.0127372853458,-0.00661099003628,0.0171000361443,-0.00444047758356,-0.0074414992705,0.00238836323842,-0.0127372853458,0.1924957335,0.0,0.231572702527,0.143288493156,-0.119697660208,0.0439102239907,-0.00661099003628,-0.0171000361443,0.231572702527,-0.143288493156,0.387561172247,0.0,-0.111250117421,0.141957178712,-0.00444047758356,0.0074414992705,-0.119697660208,-0.0439102239907,-0.111250117421,-0.141957178712,0.0863737985492,0.0
1625185947001791730,height,4,32,width,4,8,imag,2,2,0,0.000900487531908,0.0,0.00260842661373,0.0129208723083,-0.00653558596969,0.0174415428191,-0.00464841723442,-0.0074297930114,0.00260842661373,-0.0129208723083,0.193707093596,0.0,0.23225171864,0.144827261567,-0.119509994984,0.0448436886072,-0.00653558596969,-0.0174415428191,0.23225171864,-0.144827261567,0.389250397682,0.0,-0.10970980674,0.143145337701,-0.00464841723442,0.0074297930114,-0.119509994984,-0.0448436886072,-0.10970980674,-0.143145337701,0.0859142094851,0.0
1625185947145785906,height,4,32,width,4,8,imag,2,2,0,0.000897695601452,0.0,0.00285711674951,0.0128933750093,-0.00618641218171,0.0175014156848,-0.00475936243311,-0.00724115688354,0.00285711674951,-0.0128933750093,0.195076927543,0.0,0.232653111219,0.145106807351,-0.118571810424,0.0449827462435,-0.00618641218171,-0.0175014156848,0.232653111219,-0.145106807351,0.38794708252,0.0,-0.107891909778,0.141875654459,-0.00475936243311,0.00724115688354,-0.118571810424,-0.0449827462435,-0.107891909778,-0.141875654459,0.0842579677701,0.0
1625185947386023243,height,4,32,width,4,8,imag,2,2,0,0.000597235222813,0.0,0.00196230551228,0.00890550483018,-0.00418769847602,0.0120138963684,-0.00318676326424,-0.0049034380354,0.00196230551228,-0.00890550483018,0.139778673649,0.0,0.166031524539,0.102273598313,-0.0832180157304,0.0311826169491,-0.00418769847602,-0.0120138963684,0.166031524539,-0.102273598313,0.273934602737,0.0,-0.0759919658303,0.0979592129588,-0.00318676326424,0.0049034380354,-0.0832180157304,-0.0311826169491,-0.0759919658303,-0.0979592129588,0.0576721318066,0.0
1625185947530363513,height,4,32,width,4,8,imag,2,2,0,2.67493973638e-08,0.0,1.62460200848e-09,-3.28649663039e-09,-2.30099423959e-08,-3.96826749238e-09,-1.23017933618e-08,-4.83151119113e-09,1.62460200848e-09,3.28649663039e-09,3.96673704017e-06,0.0,3.52831897033e-08,-7.45905452959e-08,9.56571444277e-09,-1.2109154568e-08,-2.30099423959e-08,3.96826749238e-09,3.52831897033e-08,7.45905452959e-08,4.43973158326e-06,0.0,2.3290091633e-07,8.21581167543e-08,-1.23017933618e-08,4.83151119113e-09,9.56571444277e-09,1.2109154568e-08,2.3290091633e-07,-8.21581167543e-08,5.26745770912e-06,0.0
1625185947778707753,height,4,32,width,4,8,imag,2,2,0,2.64135220363e-08,0.0,-4.09911687926e-10,2.11247708215e-09,-2.2507535391e-08,-4.16058609787e-09,-1.25200969592e-08,-7.29403337729e-09,-4.09911687926e-10,-2.11247708215e-09,3.94700236939e-06,0.0,1.25917782867e-08,-7.21629476175e-08,8.55339692407e-08,2.74000133693e-09,-2.2507535391e-08,4.16058609787e-09,1.25917782867e-08,7.21629476175e-08,4.43917770099e-06,0.0,2.29741914382e-07,8.25096435619e-08,-1.25200969592e-08,7.29403337729e-09,8.55339692407e-08,-2.74000133693e-09,2.29741914382e-07,-8.25096435619e-08,5.26695430381e-06,0.0
1625185948029969030,height,4,32,width,4,8,imag,2,2,0,2.66705875163e-08,0.0,-2.39663910939e-09,-2.27271002018e-09,-2.34444108571e-08,-2.82810130869e-09,-1.1319425397e-08,-6.04162453399e-09,-2.39663910939e-09,2.27271002018e-09,3.9889710024e-06,0.0,6.31226697578e-08,-9.33684987103e-08,1.72906471363e-08,1.03831085951e-08,-2.34444108571e-08,2.82810130869e-09,6.31226697578e-08,9.33684987103e-08,4.42031569037e-06,0.0,2.32807934708e-07,4.48589219104e-08,-1.1319425397e-08,6.04162453399e-09,1.72906471363e-08,-1.03831085951e-08,2.32807934708e-07,-4.48589219104e-08,5.23348307979e-06,0.0
1625185948283595407,height,4,32,width,4,8,imag,2,2,0,2.67517989982e-08,0.0,2.25436946888e-10,2.88898738265e-10,-2.25595986336e-08,-4.71165284566e-09,-1.13841487348e-08,-7.23990956075e-09,2.25436946888e-10,-2.88898738265e-10,3.93520031139e-06,0.0,7.50350359624e-09,-8.33410922496e-08,2.78920264662e-08,-1.79688726121e-08,-2.25595986336e-08,4.71165284566e-09,7.50350359624e-09,8.33410922496e-08,4.4157004595e-06,0.0,2.21090061814e-07,1.31995022912e-07,-1.13841487348e-08,7.23990956075e-09,2.78920264662e-08,1.79688726121e-08,2.21090061814e-07,-1.31995022912e-07,5.24708411831e-06,0.0
1625185948548309099,height,4,32,width,4,8,imag,2,2,0,2.64947228601e-08,0.0,-8.25068791066e-10,-5.08412467681e-09,-2.02879579803e-08,-4.28553581511e-10,-1.24858852146e-08,-6.29543972508e-09,-8.25068791066e-10,5.08412467681e-09,3.94701010009e-06,0.0,5.19449869785e-08,-6.25291534107e-08,1.99364951214e-08,1.12894218418e-08,-2.02879579803e-08,4.28553581511e-10,5.19449869785e-08,6.25291534107e-08,4.45603518529e-06,0.0,2.20988567889e-07,7.43833368233e-08,-1.24858852146e-08,6.29543972508e-09,1.99364951214e-08,-1.12894218418e-08,2.20988567889e-07,-7.43833368233e-08,5.21131869391e-06,0.0
1625185948802495616,height,4,32,width,4,8,imag,2,2,0,2.66318007647e-08,0.0,2.13494377732e-09,-2.90102075695e-09,-2.55197676324e-08,-8.20501000476e-09,-1.20541283621e-08,-8.39029379307e-09,2.13494377732e-09,2.90102075695e-09,3.9249589463e-06,0.0,-3.48014839169e-09,-7.55387361551e-08,4.6564835543e-08,1.44793164125e-08,-2.55197676324e-08,8.20501000476e-09,-3.48014839169e-09,7.55387361551e-08,4.45085743195e-06,0.0,3.08539625848e-07,4.17940562158e-08,-1.20541283621e-08,8.39029379307e-09,4.6564835543e-08,-1.44793164125e-08,3.08539625848e-07,-4.17940562158e-08,5.26169105797e-06,0.0
1625185949060158454,height,4,32,width,4,8,imag,2,2,0,2.64773927228e-08,0.0,1.83741688531e-09,-1.76081704772e-10,-2.06639096945e-08,-5.70340752404e-09,-7.92016852103e-09,-3.73735886683e-09,1.83741688531e-09,1.76081704772e-10,3.93451819036e-06,0.0,1.69189338095e-08,-7.97598076474e-08,6.03640799568e-08,-4.34505142977e-09,-2.06639096945e-08,5.70340752404e-09,1.69189338095e-08,7.97598076474e-08,4.45128944193e-06,0.0,2.29063743973e-07,4.54494220037e-08,-7.92016852103e-09,3.73735886683e-09,6.03640799568e-08,4.34505142977e-09,2.29063743973e-07,-4.54494220037e-08,5.13998702445e-06,0.0
1625185949314288774,height,4,32,width,4,8,imag,2,2,0,2.68114437318e-08,0.0,-9.82772085933e-10,-1.42637313072e-09,-2.19006235369e-08,-3.12714232287e-09,-1.343102074e-08,-3.9084206982e-09,-9.82772085933e-10,1.42637313072e-09,3.92647280023e-06,0.0,2.56475374272e-08,-5.68712330562e-08,-2.3557247264e-09,-3.7017304777e-08,-2.19006235369e-08,3.12714232287e-09,2.56475374272e-08,5.68712330562e-08,4.39463792645e-06,0.0,2.26484203836e-07,1.10704526435e-07,-1.343102074e-08,3.9084206982e-09,-2.3557247264e-09,3.7017304777e-08,2.26484203836e-07,-1.10704526435e-07,5.24679262526e-06,0.0
1625185949572351517,height,4,32,width,4,8,imag,2,2,0,2.68743338694e-08,0.0,-8.70550964649e-10,-9.1508939315e-10,-2.05777883622e-08,-5.48747447482e-09,-1.07085718071e-08,-3.88611320901e-09,-8.70550964649e-10,9.1508939315e-10,3.94771495849e-06,0.0,-1.18030980545e-08,-7.09911418539e-08,8.51194137397e-09,-2.34197994331e-08,-2.05777883622e-08,5.48747447482e-09,-1.18030980545e-08,7.09911418539e-08,4.43740509581e-06,0.0,2.5951948146e-07,8.91721469998e-08,-1.07085718071e-08,3.88611320901e-09,8.51194137397e-09,2.34197994331e-08,2.5951948146e-07,-8.91721469998e-08,5.23749031345e-06,0.0
1625185949819220036,height,4,32,width,4,8,imag,2,2,0,2.68574087414e-08,0.0,1.39008393685e-09,-2.47997822278e-09,-2.16369233641e-08,-4.60988003326e-09,-6.85923939869e-09,-1.11221931665e-09,1.39008393685e-09,2.47997822278e-09,3.89690694647e-06,0.0,-4.85875695233e-09,-6.01822449653e-08,1.98257357198e-08,-2.83798016198e-08,-2.16369233641e-08,4.60988003326e-09,-4.85875695233e-09,6.01822449653e-08,4.41592783318e-06,0.0,2.1917446702e-07,4.63097435954e-08,-6.85923939869e-09,1.11221931665e-09,1.98257357198e-08,2.83798016198e-08,2.1917446702e-07,-4.63097435954e-08,5.24501911059e-06,0.0
1625185950103933379,height,4,32,width,4,8,imag,2,2,0,2.64397339578e-08,0.0,-2.14121809172e-09,-3.16386183918e-09,-2.12800621568e-08,-3.68171448883e-09,-1.2050538345e-08,-4.75425387947e-09,-2.14121809172e-09,3.16386183918e-09,3.9065917008e-06,0.0,1.45887462111e-08,-6.25107574592e-08,1.71986442865e-08,-4.44226664342e-08,-2.12800621568e-08,3.68171448883e-09,1.45887462111e-08,6.25107574592e-08,4.43794215244e-06,0.0,2.30006790503e-07,6.25958165301e-08,-1.2050538345e-08,4.75425387947e-09,1.71986442865e-08,4.44226664342e-08,2.30006790503e-07,-6.25958165301e-08,5.2560808399e-06,0.0
1625185950351399104,height,4,32,width,4,8,imag,2,2,0,2.65120778664e-08,0.0,4.83618596558e-11,1.53412130222e-10,-2.58872070447e-08,-2.27486540716e-09,-8.80429862349e-09,-2.83408052582e-09,4.83618596558e-11,-1.53412130222e-10,3.98344582209e-06,0.0,-4.64150984314e-09,-1.20280660099e-07,-1.00163060068e-08,-4.88753002514e-08,-2.58872070447e-08,2.27486540716e-09,-4.64150984314e-09,1.20280660099e-07,4.4008174882e-06,0.0,2.29172400168e-07,1.17922532183e-07,-8.80429862349e-09,2.83408052582e-09,-1.00163060068e-08,4.88753002514e-08,2.29172400168e-07,-1.17922532183e-07,5.19876311955e-06,0.0
1625185950596319441,height,4,32,width,4,8,imag,2,2,0,0.000599558174144,0.0,0.00214548921213,0.00823069829494,-0.00366567028686,0.0113834682852,-0.00292339269072,-0.00544060021639,0.00214548921213,-0.00823069829494,0.121127456427,0.0,0.143716990948,0.0913798883557,-0.0847712159157,0.0204783938825,-0.00366567028686,-0.0113834682852,0.143716990948,-0.0913798883557,0.241015091538,0.0,-0.085084438324,0.0882670283318,-0.00292339269072,0.00544060021639,-0.0847712159157,-0.0204783938825,-0.085084438324,-0.0882670283318,0.0640546232462,0.0
1625185950843904627,height,4,32,width,4,8,imag,2,2,0,0.000958157121204,0.0,0.00417827814817,0.0131246652454,-0.0049630952999,0.0184799805284,-0.00498183583841,-0.00829944759607,0.00417827814817,-0.0131246652454,0.19881695509,0.0,0.232469916344,0.149130597711,-0.134789302945,0.0317937992513,-0.0049630952999,-0.0184799805284,0.232469916344,-0.149130597711,0.386142253876,0.0,-0.133704647422,0.138321459293,-0.00498183583841,0.00829944759607,-0.134789302945,-0.0317937992513,-0.133704647422,-0.138321459293,0.0984945595264,0.0
1625185951101713247,height,4,32,width,4,8,imag,2,2,0,0.000908317568246,0.0,0.00425636209548,0.0130042256787,-0.00459649646655,0.0181042160839,-0.0049649765715,-0.00644384743646,0.00425636209548,-0.0130042256787,0.207123339176,0.0,0.238806664944,0.151288196445,-0.114965267479,0.0406114757061,-0.00459649646655,-0.0181042160839,0.238806664944,-0.151288196445,0.388402044773,0.0,-0.102843560278,0.13085976243,-0.0049649765715,0.00644384743646,-0.114965267479,-0.0406114757061,-0.102843560278,-0.13085976243,0.0733940452337,0.0
1625185951355678081,height,4,32,width,4,8,imag,2,2,0,0.000782230461482,0.0,0.00284557952546,0.0121810017154,-0.00539122195914,0.0164541173726,-0.0051308250986,-0.00594779895619,0.00284557952546,-0.0121810017154,0.200856387615,0.0,0.237606614828,0.144354209304,-0.110735453665,0.0578606128693,-0.00539122195914,-0.0164541173726,0.237606614828,-0.144354209304,0.387269467115,0.0,-0.0893468335271,0.148061901331,-0.0051308250986,0.00594779895619,-0.110735453665,-0.0578606128693,-0.0893468335271,-0.148061901331,0.0794831737876,0.0
1625185951614155248,height,4,32,width,4,8,imag,2,2,0,0.000782576447818,0.0,0.00261097261682,0.0122005259618,-0.00579982623458,0.0163796916604,-0.00543044367805,-0.00582403456792,0.00261097261682,-0.0122005259618,0.199709236622,0.0,0.236962378025,0.145592927933,-0.108407303691,0.0648199692369,-0.00579982623458,-0.0163796916604,0.236962378025,-0.145592927933,0.389834493399,0.0,-0.0813110172749,0.155984804034,-0.00543044367805,0.00582403456792,-0.108407303691,-0.0648199692369,-0.0813110172749,-0.155984804034,0.0816105604172,0.0
1625185951867189793,height,4,32,width,4,8,imag,2,2,0,0.000103927639429,0.0,0.000351398339262,0.00162301433738,-0.000756843073759,0.002192980377,-0.000726476835553,-0.000783943687566,0.000351398339262,-0.00162301433738,0.0266624297947,0.0,0.0318391956389,0.0193188972771,-0.0146284550428,0.00863427296281,-0.000756843073759,-0.002192980377,0.0318391956389,-0.0193188972771,0.052360996604,0.0,-0.0112067312002,0.0209153685719,-0.000726476835553,0.000783943687566,-0.0146284550428,-0.00863427296281,-0.0112067312002,-0.0209153685719,0.011082187295,0.0
1625185952133112374,height,4,32,width,4,8,imag,2,2,0,2.69049937884e-08,0.0,2.67997068981e-10,-3.1871436601e-09,-1.93129636727e-08,-4.87367701751e-09,-8.33211277751e-09,-4.88071805194e-09,2.67997068981e-10,3.1871436601e-09,3.95247934648e-06,0.0,2.3385814174e-08,-1.1239443154e-07,5.53889449861e-08,-5.73332705756e-08,-1.93129636727e-08,4.87367701751e-09,2.3385814174e-08,1.1239443154e-07,4.46085505246e-06,0.0,2.15036791928e-07,1.23877683222e-07,-8.33211277751e-09,4.88071805194e-09,5.53889449861e-08,5.73332705756e-08,2.15036791928e-07,-1.23877683222e-07,5.30245552e-06,0.0
1625185952386058753,height,4,32,width,4,8,imag,2,2,0,2.66707935737e-08,0.0,-1.27062499411e-10,5.67917268768e-10,-2.13510187308e-08,-7.23022974825e-09,-8.98818353079e-09,-6.50938281055e-09,-1.27062499411e-10,-5.67917268768e-10,3.97033727495e-06,0.0,5.23547285525e-08,-6.02836962571e-08,6.35117416437e-08,-4.86650542086e-09,-2.13510187308e-08,7.23022974825e-09,5.23547285525e-08,6.02836962571e-08,4.472735327e-06,0.0,2.18676262875e-07,8.04880500027e-08,-8.98818353079e-09,6.50938281055e-09,6.35117416437e-08,4.86650542086e-09,2.18676262875e-07,-8.04880500027e-08,5.29421868123e-06,0.0
1625185952636853646,height,4,32,width,4,8,imag,2,2,0,2.68240576418e-08,0.0,6.78560374556e-10,-4.00374444709e-09,-2.17784847933e-08,-3.24832538645e-09,-1.4304694318e-08,-7.46228856485e-09,6.78560374556e-10,4.00374444709e-09,3.95518327423e-06,0.0,5.91175002285e-08,-4.55858675252e-08,1.14918377037e-08,1.54833901256e-09,-2.17784847933e-08,3.24832538645e-09,5.91175002285e-08,4.55858675252e-08,4.43767203251e-06,0.0,2.58075999682e-07,8.5484593626e-08,-1.4304694318e-08,7.46228856485e-09,1.14918377037e-08,-1.54833901256e-09,2.58075999682e-07,-8.5484593626e-08,5.27153088115e-06,0.0
1625185952776218952,height,4,32,width,4,8,imag,2,2,0,2.65097668262e-08,0.0,9.81845299508e-11,-3.96288646343e-09,-2.23440999036e-08,-5.25446486321e-09,-1.33220234844e-08,-4.17974277411e-09,9.81845299508e-11,3.96288646343e-09,3.97112262362e-06,0.0,2.90683157544e-08,-8.45752623491e-08,8.38758680288e-08,-3.09886587502e-08,-2.23440999036e-08,5.25446486321e-09,2.90683157544e-08,8.45752623491e-08,4.46942067356e-06,0.0,2.4339468041e-07,5.47756906499e-09,-1.33220234844e-08,4.17974277411e-09,8.38758680288e-08,3.09886587502e-08,2.4339468041e-07,-5.47756906499e-09,5.23869675817e-06,0.0
1625185953029076139,height,4,32,width,4,8,imag,2,2,0,2.64384585336e-08,0.0,-1.79057790817e-09,-4.4901447005e-09,-2.13710151797e-08,-1.47799639194e-09,-1.12456435275e-08,-9.01318408797e-10,-1.79057790817e-09,4.4901447005e-09,3.94385642721e-06,0.0,-2.89569168643e-08,-9.2391125861e-08,-3.38322214688e-09,1.85704163158e-09,-2.13710151797e-08,1.47799639194e-09,-2.89569168643e-08,9.2391125861e-08,4.4754992814e-06,0.0,2.00445938958e-07,5.93201114896e-08,-1.12456435275e-08,9.01318408797e-10,-3.38322214688e-09,-1.85704163158e-09,2.00445938958e-07,-5.93201114896e-08,5.23758308191e-06,0.0
1625185953276607036,height,4,32,width,4,8,imag,2,2,0,2.65106709918e-08,0.0,1.95971261441e-09,-3.22921245299e-09,-1.9779376359e-08,-2.74075451223e-09,-9.56845180866e-09,-8.20414314262e-09,1.95971261441e-09,3.22921245299e-09,3.94256903746e-06,0.0,-5.08460429316e-09,-1.01584113565e-07,1.22798704538e-08,-1.21597931724e-08,-1.9779376359e-08,2.74075451223e-09,-5.08460429316e-09,1.01584113565e-07,4.45112709713e-06,0.0,2.88152307348e-07,8.10324820577e-08,-9.56845180866e-09,8.20414314262e-09,1.22798704538e-08,1.21597931724e-08,2.88152307348e-07,-8.10324820577e-08,5.24460619999e-06,0.0
1625185953540233586,height,4,32,width,4,8,imag,2,2,0,2.65560782253e-08,0.0,4.10191686173e-10,-2.07467443225e-09,-2.21569980141e-08,-4.10433509401e-09,-1.3440876856e-08,-5.14873388369e-09,4.10191686173e-10,2.07467443225e-09,3.93101117879e-06,0.0,1.75708976258e-08,-4.83055124789e-08,2.20788134442e-08,-3.6716407692e-08,-2.21569980141e-08,4.10433509401e-09,1.75708976258e-08,4.83055124789e-08,4.4608987082e-06,0.0,2.42389830873e-07,3.40138726074e-08,-1.3440876856e-08,5.14873388369e-09,2.20788134442e-08,3.6716407692e-08,2.42389830873e-07,-3.40138726074e-08,5.23491189597e-06,0.0
1625185953787635198,height,4,32,width,4,8,imag,2,2,0,2.65696460389e-08,0.0,-1.36328137668e-09,-4.09746725438e-09,-1.89753563973e-08,-2.08421124803e-09,-1.26954144974e-08,-1.35604327767e-09,-1.36328137668e-09,4.09746725438e-09,3.93660593545e-06,0.0,5.25635748261e-08,-9.02758614529e-08,2.2805430433e-08,-3.64325658531e-09,-1.89753563973e-08,2.08421124803e-09,5.25635748261e-08,9.02758614529e-08,4.45304522145e-06,0.0,2.66223651124e-07,9.52862748704e-08,-1.26954144974e-08,1.35604327767e-09,2.2805430433e-08,3.64325658531e-09,2.66223651124e-07,-9.52862748704e-08,5.26969051862e-06,0.0
1625185954047839032,height,4,32,width,4,8,imag,2,2,0,2.66800057602e-08,0.0,-2.3502364499e-09,-7.36022076619e-10,-2.22366463021e-08,-1.37132222244e-10,-9.40896605073e-09,-1.72418290756e-09,-2.3502364499e-09,7.36022076619e-10,3.91117782783e-06,0.0,4.09113205535e-08,-6.32792733768e-08,-7.43586214824e-09,7.95738319681e-09,-2.22366463021e-08,1.37132222244e-10,4.09113205535e-08,6.32792733768e-08,4.45658724857e-06,0.0,2.19646238975e-07,4.63287470609e-08,-9.40896605073e-09,1.72418290756e-09,-7.43586214824e-09,-7.95738319681e-09,2.19646238975e-07,-4.63287470609e-08,5.21852916791e-06,0.0
1625185954303383884,height,4,32,width,4,8,imag,2,2,0,2.66514827985e-08,0.0,2.90977991702e-10,1.03341601942e-09,-2.32697434654e-08,-6.12029538161e-09,-1.34558071352e-08,-6.33929397864e-09,2.90977991702e-10,-1.03341601942e-09,3.95815050069e-06,0.0,3.59666643135e-08,-3.52571269957e-08,-2.43247590959e-08,7.03775260291e-09,-2.32697434654e-08,6.12029538161e-09,3.59666643135e-08,3.52571269957e-08,4.48220407634e-06,0.0,2.47414874366e-07,1.07986961595e-08,-1.34558071352e-08,6.33929397864e-09,-2.43247590959e-08,-7.03775260291e-09,2.47414874366e-07,-1.07986961595e-08,5.2070467973e-06,0.0
1625185954566507896,height,4,32,width,4,8,imag,2,2,0,2.66140496308e-08,0.0,-6.59519161506e-10,-5.19190912485e-10,-2.29330652246e-08,1.35190103556e-09,-1.2483343248e-08,-3.14688963776e-09,-6.59519161506e-10,5.19190912485e-10,3.93271739085e-06,0.0,4.99476087157e-08,-8.50999271051e-08,2.93475856949e-08,1.9262776263e-08,-2.29330652246e-08,-1.35190103556e-09,4.99476087157e-08,8.50999271051e-08,4.4505736696e-06,0.0,2.51062374446e-07,7.00536091358e-08,-1.2483343248e-08,3.14688963776e-09,2.93475856949e-08,-1.9262776263e-08,2.51062374446e-07,-7.00536091358e-08,5.22027676197e-06,0.0
1625185954697861344,height,4,32,width,4,8,imag,2,2,0,2.64106159165e-08,0.0,3.42663009079e-09,-6.57393872672e-09,-2.01112850817e-08,-4.48328840719e-09,-1.00132568903e-08,-2.41543407498e-09,3.42663009079e-09,6.57393872672e-09,3.88781381844e-06,0.0,-9.97751126164e-09,-5.21797751674e-08,8.78441763774e-09,-3.26453530874e-08,-2.01112850817e-08,4.48328840719e-09,-9.97751126164e-09,5.21797751674e-08,4.46245940111e-06,0.0,2.21074103024e-07,2.60043435674e-08,-1.00132568903e-08,2.41543407498e-09,8.78441763774e-09,3.26453530874e-08,2.21074103024e-07,-2.60043435674e-08,5.27125303051e-06,0.0
1625185954972395290,height,4,32,width,4,8,imag,2,2,0,2.66302304652e-08,0.0,-3.04323388711e-09,-3.83851572749e-09,-2.34780550556e-08,-4.00867250505e-09,-1.1184784654e-08,-3.18989146209e-09,-3.04323388711e-09,3.83851572749e-09,3.94655717173e-06,0.0,3.73127519993e-08,-1.04215317265e-07,1.04266328904e-08,-6.27892120519e-08,-2.34780550556e-08,4.00867250505e-09,3.73127519993e-08,1.04215317265e-07,4.50978086519e-06,0.0,2.35441490304e-07,2.55121701542e-08,-1.1184784654e-08,3.18989146209e-09,1.04266328904e-08,6.27892120519e-08,2.35441490304e-07,-2.55121701542e-08,5.19951208844e-06,0.0
1625185955241372959,height,4,32,width,4,8,imag,2,2,0,0.000517604057677,0.0,0.000690734654199,0.0103049874306,-0.00613854732364,0.0127945328131,-0.00606755446643,-0.00444175861776,0.000690734654199,-0.0103049874306,0.206934124231,0.0,0.24754551053,0.139813914895,-0.0960974320769,0.114237450063,-0.00613854732364,-0.0127945328131,0.24754551053,-0.139813914895,0.393167704344,0.0,-0.0377156287432,0.201628550887,-0.00606755446643,0.00444175861776,-0.0960974320769,-0.114237450063,-0.0377156287432,-0.201628550887,0.110002085567,0.0
1625185955447098248,height,4,32,width,4,8,imag,2,2,0,0.000506986922119,0.0,0.000603819091339,0.0100334566087,-0.00613318290561,0.0124837374315,-0.0060012047179,-0.00435862364247,0.000603819091339,-0.0100334566087,0.200191020966,0.0,0.240838825703,0.136812701821,-0.0929556265473,0.112884268165,-0.00613318290561,-0.0124837374315,0.240838825703,-0.136812701821,0.385598838329,0.0,-0.0346164107323,0.199377939105,-0.0060012047179,0.00435862364247,-0.0929556265473,-0.112884268165,-0.0346164107323,-0.199377939105,0.109318979084,0.0
1625185955602517874,height,4,32,width,4,8,imag,2,2,0,0.00051343155792,0.0,0.00063707382651,0.0101540610194,-0.00618245825171,0.0126803796738,-0.00613278383389,-0.00443036016077,0.00063707382651,-0.0101540610194,0.202434778214,0.0,0.244108512998,0.138529926538,-0.0948237553239,0.115153856575,-0.00618245825171,-0.0126803796738,0.244108512998,-0.138529926538,0.391798138618,0.0,-0.0354809612036,0.203773915768,-0.00613278383389,0.00443036016077,-0.0948237553239,-0.115153856575,-0.0354809612036,-0.203773915768,0.112231172621,0.0
1625185955836941930,height,4,32,width,4,8,imag,2,2,0,0.000510834448505,0.0,0.000596764439251,0.0100410794839,-0.00627231644467,0.0125575773418,-0.00633809249848,-0.00435942504555,0.000596764439251,-0.0100410794839,0.198862597346,0.0,0.240473389626,0.138475313783,-0.0926851928234,0.118858762085,-0.00627231644467,-0.0125575773418,0.240473389626,-0.138475313783,0.389897555113,0.0,-0.0292490199208,0.208288773894,-0.00633809249848,0.00435942504555,-0.0926851928234,-0.118858762085,-0.0292490199208,-0.208288773894,0.116621464491,0.0
1625185956090988549,height,4,32,width,4,8,imag,2,2,0,0.0005104453885,0.0,0.000657458498608,0.00999283976853,-0.0062628458254,0.0125246923417,-0.00637181755155,-0.00434376904741,0.000657458498608,-0.00999283976853,0.197319328785,0.0,0.238153010607,0.139293327928,-0.0927993506193,0.11848577112,-0.0062628458254,-0.0125246923417,0.238153010607,-0.139293327928,0.388340681791,0.0,-0.0282933842391,0.208542406559,-0.00637181755155,0.00434376904741,-0.0927993506193,-0.11848577112,-0.0282933842391,-0.208542406559,0.117317356169,0.0
1625185956346733696,height,4,32,width,4,8,imag,2,2,0,0.000188168633031,0.0,0.000280929089058,0.00368155981414,-0.00225463928655,0.00463899271563,-0.00233071669936,-0.00161358062178,0.000280929089058,-0.00368155981414,0.0727688446641,0.0,0.0877778232098,0.0512438602746,-0.0348877683282,0.0429613366723,-0.00225463928655,-0.00463899271563,0.0877778232098,-0.0512438602746,0.142946764827,0.0,-0.0118086226285,0.0764074772596,-0.00233071669936,0.00161358062178,-0.0348877683282,-0.0429613366723,-0.0118086226285,-0.0764074772596,0.043001241982,0.0
1625185956600559355,height,4,32,width,4,8,imag,2,2,0,2.65769060093e-08,0.0,-1.15373866016e-09,6.54304055381e-10,-1.97780281042e-08,-3.56951490588e-09,-9.16910192217e-09,-3.93151333711e-09,-1.15373866016e-09,-6.54304055381e-10,3.98588872486e-06,0.0,3.25964535364e-08,-6.469373659e-08,6.60898979987e-09,-2.29769643312e-08,-1.97780281042e-08,3.56951490588e-09,3.25964535364e-08,6.469373659e-08,4.43599446953e-06,0.0,2.61350919573e-07,2.37200570297e-08,-9.16910192217e-09,3.93151333711e-09,6.60898979987e-09,2.29769643312e-08,2.61350919573e-07,-2.37200570297e-08,5.21568699696e-06,0.0
1625185956863725390,height,4,32,width,4,8,imag,2,2,0,2.65352078088e-08,0.0,-3.63122837355e-10,-1.07818087791e-09,-2.43546711687e-08,-1.42086620247e-09,-6.4384222398e-09,-3.56026652604e-09,-3.63122837355e-10,1.07818087791e-09,3.935953373e-06,0.0,4.53198190087e-08,-1.04371821408e-07,1.59137165667e-08,-3.54043976358e-08,-2.43546711687e-08,1.42086620247e-09,4.53198190087e-08,1.04371821408e-07,4.46659942099e-06,0.0,2.2216157447e-07,3.17692681051e-08,-6.4384222398e-09,3.56026652604e-09,1.59137165667e-08,3.54043976358e-08,2.2216157447e-07,-3.17692681051e-08,5.23372773387e-06,0.0
1625185957122077696,height,4,32,width,4,8,imag,2,2,0,2.70837112737e-08,0.0,-3.36728844808e-09,-1.06560560376e-09,-2.63342005979e-08,-5.57071411222e-09,-1.20983862928e-08,-2.0673445178e-09,-3.36728844808e-09,1.06560560376e-09,3.91709272662e-06,0.0,1.36507445347e-08,-6.28534309044e-08,9.52903800311e-09,-1.01377537476e-07,-2.63342005979e-08,5.57071411222e-09,1.36507445347e-08,6.28534309044e-08,4.41223937742e-06,0.0,1.85947357068e-07,6.62762076331e-08,-1.20983862928e-08,2.0673445178e-09,9.52903800311e-09,1.01377537476e-07,1.85947357068e-07,-6.62762076331e-08,5.24816323377e-06,0.0
1625185957380163956,height,4,32,width,4,8,imag,2,2,0,2.62707420262e-08,0.0,-8.06232525186e-10,-3.12523429358e-09,-2.19635545307e-08,-5.83886139438e-09,-1.11987068507e-08,-3.28890026324e-09,-8.06232525186e-10,3.12523429358e-09,3.93147183786e-06,0.0,6.06612076126e-08,-9.88533557233e-08,1.34559519083e-08,-6.63408030732e-08,-2.19635545307e-08,5.83886139438e-09,6.06612076126e-08,9.88533557233e-08,4.49656181445e-06,0.0,2.29964058462e-07,5.26601127149e-08,-1.11987068507e-08,3.28890026324e-09,1.34559519083e-08,6.63408030732e-08,2.29964058462e-07,-5.26601127149e-08,5.22655864188e-06,0.0
1625185957627764973,height,4,32,width,4,8,imag,2,2,0,2.67578794677e-08,0.0,-7.11067482673e-10,-1.86253490408e-09,-2.4887336636e-08,-5.44291545168e-09,-9.59088009012e-09,-1.35461508677e-09,-7.11067482673e-10,1.86253490408e-09,3.94387961933e-06,0.0,3.74732103126e-08,-5.82458277165e-08,-6.19189144402e-09,5.28872412531e-09,-2.4887336636e-08,5.44291545168e-09,3.74732103126e-08,5.82458277165e-08,4.46429294243e-06,0.0,2.29315602951e-07,5.56339649904e-08,-9.59088009012e-09,1.35461508677e-09,-6.19189144402e-09,-5.28872412531e-09,2.29315602951e-07,-5.56339649904e-08,5.22825939697e-06,0.0
1625185957895037242,height,4,32,width,4,8,imag,2,2,0,2.67351758509e-08,0.0,-1.62298108286e-09,-2.19059925755e-09,-2.43031283986e-08,-1.3025182044e-09,-8.28447266343e-09,-1.6737751185e-09,-1.62298108286e-09,2.19059925755e-09,3.95053393731e-06,0.0,3.65214276599e-08,-9.27002261619e-08,4.12855882814e-08,-2.75741274258e-09,-2.43031283986e-08,1.3025182044e-09,3.65214276599e-08,9.27002261619e-08,4.42510918219e-06,0.0,2.12218097317e-07,-1.84850534879e-08,-8.28447266343e-09,1.6737751185e-09,4.12855882814e-08,2.75741274258e-09,2.12218097317e-07,1.84850534879e-08,5.18854449183e-06,0.0
1625185958142803092,height,4,32,width,4,8,imag,2,2,0,2.66420929762e-08,0.0,3.72954511718e-09,-1.43426592825e-09,-2.14794813047e-08,1.73261113789e-10,-8.28228685634e-09,-1.74663428165e-09,3.72954511718e-09,1.43426592825e-09,3.92770516555e-06,0.0,1.18094307666e-08,-7.58011111657e-08,4.28560120724e-08,7.72510855285e-09,-2.14794813047e-08,-1.73261113789e-10,1.18094307666e-08,7.58011111657e-08,4.47132015324e-06,0.0,2.19027384674e-07,9.02808583447e-09,-8.28228685634e-09,1.74663428165e-09,4.28560120724e-08,-7.72510855285e-09,2.19027384674e-07,-9.02808583447e-09,5.18826891494e-06,0.0
1625185958405978388,height,4,32,width,4,8,imag,2,2,0,2.69089337479e-08,0.0,1.76188452716e-09,-1.66893365794e-09,-2.45543247956e-08,-2.743964167e-09,-9.55907175637e-09,-3.4954583672e-09,1.76188452716e-09,1.66893365794e-09,3.95829192712e-06,0.0,6.90496690936e-08,-7.78877975449e-08,9.67601465618e-09,-4.18550172299e-08,-2.45543247956e-08,2.743964167e-09,6.90496690936e-08,7.78877975449e-08,4.44489887741e-06,0.0,2.29408129826e-07,2.66800341819e-08,-9.55907175637e-09,3.4954583672e-09,9.67601465618e-09,4.18550172299e-08,2.29408129826e-07,-2.66800341819e-08,5.24293773196e-06,0.0
1625185958657991243,height,4,32,width,4,8,imag,2,2,0,2.65570587743e-08,0.0,-4.49703785321e-09,-2.55993670706e-09,-2.37752608712e-08,-5.19246334818e-09,-1.13880203045e-08,-6.14313799829e-09,-4.49703785321e-09,2.55993670706e-09,3.95824872612e-06,0.0,3.94821846328e-08,-8.18210708076e-08,1.22983889739e-08,-2.03323491377e-08,-2.37752608712e-08,5.19246334818e-09,3.94821846328e-08,8.18210708076e-08,4.43027738584e-06,0.0,2.51682138241e-07,1.59196140714e-08,-1.13880203045e-08,6.14313799829e-09,1.22983889739e-08,2.03323491377e-08,2.51682138241e-07,-1.59196140714e-08,5.32311696588e-06,0.0
1625185958909489771,height,4,32,width,4,8,imag,2,2,0,2.66739572652e-08,0.0,-1.48892986829e-09,-1.6813233028e-09,-2.01569552161e-08,-3.89328791428e-09,-1.2709301167e-08,-1.22448751139e-09,-1.48892986829e-09,1.6813233028e-09,3.90980267184e-06,0.0,3.69818877743e-08,-5.60636550517e-08,-1.7388050999e-09,1.02890469478e-08,-2.01569552161e-08,3.89328791428e-09,3.69818877743e-08,5.60636550517e-08,4.44604211225e-06,0.0,2.89224800554e-07,3.33174163814e-08,-1.2709301167e-08,1.22448751139e-09,-1.7388050999e-09,-1.02890469478e-08,2.89224800554e-07,-3.33174163814e-08,5.20929870618e-06,0.0
1625185959059178842,height,4,32,width,4,8,imag,2,2,0,2.61767265641e-08,0.0,-3.91703114389e-09,-2.41829978265e-09,-2.03454053604e-08,-2.29083019221e-09,-1.38573321706e-08,-5.35304511828e-09,-3.91703114389e-09,2.41829978265e-09,3.9155270315e-06,0.0,3.80130629196e-08,-7.16649921628e-08,2.32340173767e-08,-2.40209701019e-08,-2.03454053604e-08,2.29083019221e-09,3.80130629196e-08,7.16649921628e-08,4.45607975053e-06,0.0,2.15921915014e-07,1.79777952525e-08,-1.38573321706e-08,5.35304511828e-09,2.32340173767e-08,2.40209701019e-08,2.15921915014e-07,-1.79777952525e-08,5.25024415765e-06,0.0
1625185959294718224,height,4,32,width,4,8,imag,2,2,0,2.66066404464e-08,0.0,1.22779911238e-10,-4.20886481223e-09,-2.14295834411e-08,-3.29372196184e-10,-9.77270442348e-09,-3.24867843737e-09,1.22779911238e-10,4.20886481223e-09,3.90767172576e-06,0.0,2.34964687706e-08,-7.08255427639e-08,3.89526721989e-09,-8.14861778053e-09,-2.14295834411e-08,3.29372196184e-10,2.34964687706e-08,7.08255427639e-08,4.4945109039e-06,0.0,2.53340289191e-07,3.37391559135e-09,-9.77270442348e-09,3.24867843737e-09,3.89526721989e-09,8.14861778053e-09,2.53340289191e-07,-3.37391559135e-09,5.23040489497e-06,0.0
1625185959555557001,height,4,32,width,4,8,imag,2,2,0,0.000492429360747,0.0,0.00133637106046,0.0096834814176,-0.00517188105732,0.0123761510476,-0.0062814722769,-0.00387237174436,0.00133637106046,-0.0096834814176,0.194878518581,0.0,0.230326250196,0.135830804706,-0.0927616357803,0.112384445965,-0.00517188105732,-0.0123761510476,0.230326250196,-0.135830804706,0.369257420301,0.0,-0.0312435850501,0.197499603033,-0.0062814722769,0.00387237174436,-0.0927616357803,-0.112384445965,-0.0312435850501,-0.197499603033,0.11135379225,0.0
1625185959811659312,height,4,32,width,4,8,imag,2,2,0,0.000514478015248,0.0,0.00139145669527,0.0101332692429,-0.00544155295938,0.0129572413862,-0.00652388390154,-0.00399345578626,0.00139145669527,-0.0101332692429,0.204233825207,0.0,0.24153894186,0.142797768116,-0.09582131356,0.117039479315,-0.00544155295938,-0.0129572413862,0.24153894186,-0.142797768116,0.387935727835,0.0,-0.031431350857,0.205444246531,-0.00652388390154,0.00399345578626,-0.09582131356,-0.117039479315,-0.031431350857,-0.205444246531,0.114534378052,0.0
1625185960059540714,height,4,32,width,4,8,imag,2,2,0,0.000509510166012,0.0,0.00134901353158,0.0100313741714,-0.00542152812704,0.0128426859155,-0.00647202087566,-0.00387419806793,0.00134901353158,-0.0100313741714,0.201973482966,0.0,0.239573419094,0.141335457563,-0.0929482802749,0.116478249431,-0.00542152812704,-0.0128426859155,0.239573419094,-0.141335457563,0.385443747044,0.0,-0.028684258461,0.203221559525,-0.00647202087566,0.00387419806793,-0.0929482802749,-0.116478249431,-0.028684258461,-0.203221559525,0.11249153316,0.0
1625185960325304557,height,4,32,width,4,8,imag,2,2,0,0.00051129097119,0.0,0.00135199760552,0.0100808795542,-0.0054432451725,0.012909273617,-0.00647914875299,-0.00392753025517,0.00135199760552,-0.0100808795542,0.203210681677,0.0,0.241156578064,0.142026215792,-0.094130165875,0.116716362536,-0.0054432451725,-0.012909273617,0.241156578064,-0.142026215792,0.388025045395,0.0,-0.0300903059542,0.204349011183,-0.00647914875299,0.00392753025517,-0.094130165875,-0.116716362536,-0.0300903059542,-0.204349011183,0.11303845793,0.0
1625185960572400517,height,4,32,width,4,8,imag,2,2,0,0.000513636390679,0.0,0.00124950543977,0.0101580601186,-0.00562971876934,0.0129127968103,-0.00657406216487,-0.00395318586379,0.00124950543977,-0.0101580601186,0.204767897725,0.0,0.242667153478,0.143294721842,-0.0937559753656,0.119758747518,-0.00562971876934,-0.0129127968103,0.242667153478,-0.143294721842,0.390499353409,0.0,-0.0272482838482,0.207561060786,-0.00657406216487,0.00395318586379,-0.0937559753656,-0.119758747518,-0.0272482838482,-0.207561060786,0.115329690278,0.0
1625185960836717192,height,4,32,width,4,8,imag,2,2,0,2.68838427075e-08,0.0,-2.70686850712e-09,-1.63454594304e-09,-2.47183109536e-08,-3.26601723444e-09,-1.20439311857e-08,-3.98339894403e-09,-2.70686850712e-09,1.63454594304e-09,3.98070551455e-06,0.0,4.93550409431e-08,-9.15246332056e-08,3.01253599844e-08,-6.35012975536e-09,-2.47183109536e-08,3.26601723444e-09,4.93550409431e-08,9.15246332056e-08,4.43634871772e-06,0.0,2.16483073245e-07,5.57194042017e-08,-1.20439311857e-08,3.98339894403e-09,3.01253599844e-08,6.35012975536e-09,2.16483073245e-07,-5.57194042017e-08,5.24685810888e-06,0.0
1625185961079822377,height,4,32,width,4,8,imag,2,2,0,2.6688477206e-08,0.0,9.60403090389e-10,-2.38672748232e-09,-2.14773461238e-08,-2.18628981585e-09,-1.22354908427e-08,-4.63630289715e-09,9.60403090389e-10,2.38672748232e-09,3.99037071475e-06,0.0,5.77196814788e-08,-4.94389773564e-08,9.63979651658e-09,-1.01447081846e-08,-2.14773461238e-08,2.18628981585e-09,5.77196814788e-08,4.94389773564e-08,4.49352546639e-06,0.0,2.00910534431e-07,5.37970237247e-08,-1.22354908427e-08,4.63630289715e-09,9.63979651658e-09,1.01447081846e-08,2.00910534431e-07,-5.37970237247e-08,5.22676191395e-06,0.0
1625185961226971781,height,4,32,width,4,8,imag,2,2,0,2.66191459986e-08,0.0,-8.93563556481e-10,-2.05670325215e-09,-2.27386429685e-08,-2.2502990582e-09,-8.41215630487e-09,-1.64629532229e-09,-8.93563556481e-10,2.05670325215e-09,3.9430178731e-06,0.0,4.69569592099e-08,-8.40027354343e-08,4.3631631641e-09,-1.13328466611e-08,-2.27386429685e-08,2.2502990582e-09,4.69569592099e-08,8.40027354343e-08,4.5029305511e-06,0.0,1.59342491202e-07,8.55543103029e-09,-8.41215630487e-09,1.64629532229e-09,4.3631631641e-09,1.13328466611e-08,1.59342491202e-07,-8.55543103029e-09,5.16317550137e-06,0.0
1625185961476267930,height,4,32,width,4,8,imag,2,2,0,2.65174229241e-08,0.0,7.46845862931e-10,-2.42795317185e-09,-2.37142305792e-08,-2.90823320981e-09,-9.89950788011e-09,-1.78012504737e-09,7.46845862931e-10,2.42795317185e-09,3.96661062041e-06,0.0,5.53840067141e-08,-6.28022220894e-08,4.74358721192e-08,-4.65915235281e-08,-2.37142305792e-08,2.90823320981e-09,5.53840067141e-08,6.28022220894e-08,4.48105538453e-06,0.0,2.34025861801e-07,1.23002283914e-08,-9.89950788011e-09,1.78012504737e-09,4.74358721192e-08,4.65915235281e-08,2.34025861801e-07,-1.23002283914e-08,5.1993215493e-06,0.0
1625185961727762850,height,4,32,width,4,8,imag,2,2,0,2.70576450134e-08,0.0,1.63602986714e-09,-4.14660838999e-09,-2.71652602635e-08,-1.11119280444e-09,-7.8689703642e-09,-3.1036855308e-09,1.63602986714e-09,4.14660838999e-09,3.95648066842e-06,0.0,2.35149890671e-08,-7.06725842292e-08,-3.005616378e-08,-6.0209657704e-08,-2.71652602635e-08,1.11119280444e-09,2.35149890671e-08,7.06725842292e-08,4.44706483904e-06,0.0,2.28662898394e-07,7.44939256947e-08,-7.8689703642e-09,3.1036855308e-09,-3.005616378e-08,6.0209657704e-08,2.28662898394e-07,-7.44939256947e-08,5.25824543729e-06,0.0
1625185961992374957,height,4,32,width,4,8,imag,2,2,0,2.63392454514e-08,0.0,-1.2481954359e-09,-5.06332586969e-10,-2.32460610761e-08,-3.9405971819e-09,-9.58617718538e-09,-3.79576503562e-09,-1.2481954359e-09,5.06332586969e-10,3.9292845031e-06,0.0,2.48392915125e-08,-7.17614554446e-08,1.18673453287e-08,-4.71078323017e-08,-2.32460610761e-08,3.9405971819e-09,2.48392915125e-08,7.17614554446e-08,4.43718772658e-06,0.0,2.39375452793e-07,4.87713194275e-08,-9.58617718538e-09,3.79576503562e-09,1.18673453287e-08,4.71078323017e-08,2.39375452793e-07,-4.87713194275e-08,5.21128322362e-06,0.0
1625185962268346266,height,4,32,width,4,8,imag,2,2,0,2.68348685495e-08,0.0,-6.52499720921e-10,-1.32657429486e-09,-2.63658499478e-08,-4.97084240436e-09,-1.25549171059e-08,5.03807717767e-10,-6.52499720921e-10,1.32657429486e-09,3.95314418711e-06,0.0,1.99264960088e-08,-5.22183043472e-08,-2.33006307582e-08,-1.22186412099e-08,-2.63658499478e-08,4.97084240436e-09,1.99264960088e-08,5.22183043472e-08,4.471191005e-06,0.0,2.83124734324e-07,6.40465955826e-08,-1.25549171059e-08,-5.03807717767e-10,-2.33006307582e-08,1.22186412099e-08,2.83124734324e-07,-6.40465955826e-08,5.24640199728e-06,0.0
1625185962529789763,height,4,32,width,4,8,imag,2,2,0,2.67383875041e-08,0.0,3.78774256404e-09,-2.67596056425e-09,-2.52370639942e-08,-5.2468185352e-09,-8.94384033501e-09,-1.81854609149e-09,3.78774256404e-09,2.67596056425e-09,3.97442454414e-06,0.0,-2.74498224151e-09,-7.75949970944e-08,-3.92519901027e-08,-9.83140502342e-09,-2.52370639942e-08,5.2468185352e-09,-2.74498224151e-09,7.75949970944e-08,4.48246100859e-06,0.0,2.1235979375e-07,1.7907806793e-08,-8.94384033501e-09,1.81854609149e-09,-3.92519901027e-08,9.83140502342e-09,2.1235979375e-07,-1.7907806793e-08,5.18783917869e-06,0.0
1625185962783434123,height,4,32,width,4,8,imag,2,2,0,2.67982684932e-08,0.0,2.00802396932e-09,-3.28149130091e-09,-2.0857736871e-08,-5.37898126041e-09,-1.32173214595e-08,-4.58701343575e-09,2.00802396932e-09,3.28149130091e-09,3.93966320189e-06,0.0,1.12007105812e-08,-4.36520082303e-08,3.99011357288e-09,-5.40651345915e-09,-2.0857736871e-08,5.37898126041e-09,1.12007105812e-08,4.36520082303e-08,4.45913610747e-06,0.0,2.38764869209e-07,5.63261508546e-08,-1.32173214595e-08,4.58701343575e-09,3.99011357288e-09,5.40651345915e-09,2.38764869209e-07,-5.63261508546e-08,5.22357368027e-06,0.0
1625185963047537870,height,4,32,width,4,8,imag,2,2,0,2.66513815461e-08,0.0,9.8503087631e-11,-1.54292245647e-09,-2.3263513782e-08,-3.21048010399e-09,-1.29695889584e-08,2.03505420848e-10,9.8503087631e-11,1.54292245647e-09,3.93898699258e-06,0.0,3.4723424136e-08,-2.95131936667e-08,3.93939636467e-08,6.37752108901e-08,-2.3263513782e-08,3.21048010399e-09,3.4723424136e-08,2.95131936667e-08,4.39737368652e-06,0.0,2.6337946224e-07,4.70191174884e-08,-1.29695889584e-08,-2.03505420848e-10,3.93939636467e-08,-6.37752108901e-08,2.6337946224e-07,-4.70191174884e-08,5.20936600878e-06,0.0
1625185963295574408,height,4,32,width,4,8,imag,2,2,0,2.65739785732e-08,0.0,1.43234946126e-09,-3.07177150383e-09,-2.30941026302e-08,-4.17599421709e-09,-1.09687450234e-08,-2.09204231716e-09,1.43234946126e-09,3.07177150383e-09,3.94436347051e-06,0.0,1.88566087189e-08,-9.18563571872e-08,-1.21531025243e-08,-4.12767313662e-08,-2.30941026302e-08,4.17599421709e-09,1.88566087189e-08,9.18563571872e-08,4.45646082881e-06,0.0,2.13719758335e-07,4.37295177846e-08,-1.09687450234e-08,2.09204231716e-09,-1.21531025243e-08,4.12767313662e-08,2.13719758335e-07,-4.37295177846e-08,5.1808851822e-06,0.0
1625185963549923431,height,4,32,width,4,8,imag,2,2,0,2.6953273391e-08,0.0,7.29862975613e-11,-2.23580576275e-09,-2.61342520957e-08,-5.44675105019e-09,-8.56339088529e-09,-1.82779547053e-09,7.29862975613e-11,2.23580576275e-09,3.92427136831e-06,0.0,5.53633690004e-08,-8.3095642367e-08,3.58910732245e-08,2.76437503999e-08,-2.61342520957e-08,5.44675105019e-09,5.53633690004e-08,8.3095642367e-08,4.41396059614e-06,0.0,1.63614473081e-07,2.38370638783e-08,-8.56339088529e-09,1.82779547053e-09,3.58910732245e-08,-2.76437503999e-08,1.63614473081e-07,-2.38370638783e-08,5.24138795299e-06,0.0
1625185963814894204,height,4,32,width,4,8,imag,2,2,0,2.6679103371e-08,0.0,5.7111865237e-10,-2.07073780345e-09,-2.26772467471e-08,-3.38942163225e-09,-9.98096716387e-09,-2.9525411005e-09,5.7111865237e-10,2.07073780345e-09,3.94948619942e-06,0.0,4.20311963012e-08,-6.45199591531e-08,4.04816198341e-08,-2.84869705602e-09,-2.26772467471e-08,3.38942163225e-09,4.20311963012e-08,6.45199591531e-08,4.3826739784e-06,0.0,1.81896297136e-07,2.84657222238e-08,-9.98096716387e-09,2.9525411005e-09,4.04816198341e-08,2.84869705602e-09,1.81896297136e-07,-2.84657222238e-08,5.21702895639e-06,0.0
1625185964031151729,height,4,32,width,4,8,imag,2,2,0,0.000511601741891,0.0,0.00115048117004,0.0101565932855,-0.00578650459647,0.0128604313359,-0.00652334466577,-0.00396748026833,0.00115048117004,-0.0101565932855,0.205062374473,0.0,0.243306159973,0.144341915846,-0.0930038392544,0.119936481118,-0.00578650459647,-0.0128604313359,0.243306159973,-0.144341915846,0.39284953475,0.0,-0.0258534867316,0.207792282104,-0.00652334466577,0.00396748026833,-0.0930038392544,-0.119936481118,-0.0258534867316,-0.207792282104,0.114726923406,0.0
1625185964294238194,height,4,32,width,4,8,imag,2,2,0,0.000513274222612,0.0,0.00115650449879,0.0101681258529,-0.00579781178385,0.0128392986953,-0.00652087200433,-0.00395841477439,0.00115650449879,-0.0101681258529,0.20486189425,0.0,0.242248728871,0.144320443273,-0.0926856175065,0.119643300772,-0.00579781178385,-0.0128392986953,0.242248728871,-0.144320443273,0.390787035227,0.0,-0.025261439383,0.206815585494,-0.00652087200433,0.00395841477439,-0.0926856175065,-0.119643300772,-0.025261439383,-0.206815585494,0.114122122526,0.0
1625185964423771019,height,4,32,width,4,8,imag,2,2,0,0.00051326508401,0.0,0.00118565268349,0.0101141687483,-0.00571879372001,0.0128188254312,-0.00650255382061,-0.00399154704064,0.00118565268349,-0.0101141687483,0.20290993154,0.0,0.240419149399,0.142877623439,-0.0932247117162,0.118257708848,-0.00571879372001,-0.0128188254312,0.240419149399,-0.142877623439,0.387968659401,0.0,-0.0271375048906,0.205784291029,-0.00650255382061,0.00399154704064,-0.0932247117162,-0.118257708848,-0.0271375048906,-0.205784291029,0.114227816463,0.0
1625185964685987697,height,4,32,width,4,8,imag,2,2,0,0.000514997169375,0.0,0.001081082155,0.0101027991623,-0.00587360933423,0.0127944629639,-0.00653899367899,-0.00399027811363,0.001081082155,-0.0101027991623,0.201285839081,0.0,0.239640936255,0.142625451088,-0.0915872305632,0.119245707989,-0.00587360933423,-0.0127944629639,0.239640936255,-0.142625451088,0.388965308666,0.0,-0.0244869645685,0.206908330321,-0.00653899367899,0.00399027811363,-0.0915872305632,-0.119245707989,-0.0244869645685,-0.206908330321,0.114735260606,0.0
1625185964941005155,height,4,32,width,4,8,imag,2,2,0,0.000514186860528,0.0,0.00111753249075,0.0100501570851,-0.00580184627324,0.012791541405,-0.00649843271822,-0.00401638029143,0.00111753249075,-0.0100501570851,0.199722796679,0.0,0.238436058164,0.141765221953,-0.0921926945448,0.117606274784,-0.00580184627324,-0.012791541405,0.238436058164,-0.141765221953,0.387626349926,0.0,-0.0265187751502,0.20586514473,-0.00649843271822,0.00401638029143,-0.0921926945448,-0.117606274784,-0.0265187751502,-0.20586514473,0.114331461489,0.0
1625185965094635547,height,4,32,width,4,8,imag,2,2,0,0.000515631283633,0.0,0.00106718309689,0.010059133172,-0.00592874363065,0.0127743799239,-0.00655055278912,-0.00397801958025,0.00106718309689,-0.010059133172,0.199279397726,0.0,0.237938463688,0.142655700445,-0.090717561543,0.118903696537,-0.00592874363065,-0.0127743799239,0.237938463688,-0.142655700445,0.388801753521,0.0,-0.0231332406402,0.206929758191,-0.00655055278912,0.00397801958025,-0.090717561543,-0.118903696537,-0.0231332406402,-0.206929758191,0.114723168314,0.0
1625185965333225457,height,4,32,width,4,8,imag,2,2,0,2.64075854517e-08,0.0,8.62692417503e-10,-1.43195078017e-09,-2.28086971532e-08,-5.65199753666e-09,-1.20090470901e-08,5.48538228728e-11,8.62692417503e-10,1.43195078017e-09,3.93136770072e-06,0.0,6.70541666636e-08,1.57643120779e-10,9.34648358708e-09,-2.80132539388e-08,-2.28086971532e-08,5.65199753666e-09,6.70541666636e-08,-1.57643120779e-10,4.49751632914e-06,0.0,2.57385835312e-07,1.41816347554e-09,-1.20090470901e-08,-5.48538228728e-11,9.34648358708e-09,2.80132539388e-08,2.57385835312e-07,-1.41816347554e-09,5.19000423083e-06,0.0
1625185965584745420,height,4,32,width,4,8,imag,2,2,0,2.65110386977e-08,0.0,-2.77238387802e-09,-2.18596585277e-09,-2.02367811397e-08,-7.08969505325e-09,-1.39826887846e-08,-2.95091662217e-09,-2.77238387802e-09,2.18596585277e-09,3.94733206122e-06,0.0,2.91141475373e-08,-5.18420470996e-08,6.78107570096e-09,-3.54916251943e-09,-2.02367811397e-08,7.08969505325e-09,2.91141475373e-08,5.18420470996e-08,4.47761658506e-06,0.0,2.28856563922e-07,7.6109536451e-08,-1.39826887846e-08,2.95091662217e-09,6.78107570096e-09,3.54916251943e-09,2.28856563922e-07,-7.6109536451e-08,5.17776334163e-06,0.0
1625185965844722256,height,4,32,width,4,8,imag,2,2,0,2.65673278932e-08,0.0,4.22771373465e-10,-8.56777315761e-10,-2.26471978948e-08,-4.01358990487e-09,-1.08076072536e-08,-8.58538218296e-09,4.22771373465e-10,8.56777315761e-10,3.93140862798e-06,0.0,1.9329506884e-08,-6.79707028439e-08,-1.46859724381e-08,-1.30879280746e-08,-2.26471978948e-08,4.01358990487e-09,1.9329506884e-08,6.79707028439e-08,4.42743930762e-06,0.0,2.30379001209e-07,9.92380506659e-08,-1.08076072536e-08,8.58538218296e-09,-1.46859724381e-08,1.30879280746e-08,2.30379001209e-07,-9.92380506659e-08,5.25941504748e-06,0.0
1625185965989179563,height,4,32,width,4,8,imag,2,2,0,2.67563056155e-08,0.0,-1.84598858421e-09,-3.19334025889e-09,-2.68116799873e-08,-2.59530685831e-09,-1.00973664985e-08,-4.55876225658e-09,-1.84598858421e-09,3.19334025889e-09,3.97081521442e-06,0.0,5.52653069974e-08,-1.06891860696e-07,1.90213764739e-08,-2.20991793753e-08,-2.68116799873e-08,2.59530685831e-09,5.52653069974e-08,1.06891860696e-07,4.43835688202e-06,0.0,2.18844448341e-07,7.05460649897e-08,-1.00973664985e-08,4.55876225658e-09,1.90213764739e-08,2.20991793753e-08,2.18844448341e-07,-7.05460649897e-08,5.21562333233e-06,0.0
1625185966223199168,height,4,32,width,4,8,imag,2,2,0,2.68285234029e-08,0.0,-1.18403745142e-10,-1.7907976213e-09,-2.50972558291e-08,-3.94767551981e-09,-1.14509814964e-08,1.98496130643e-09,-1.18403745142e-10,1.7907976213e-09,3.98123665946e-06,0.0,-1.01814806586e-10,-6.54952145851e-08,2.77627396628e-08,-6.38974100298e-08,-2.50972558291e-08,3.94767551981e-09,-1.01814806586e-10,6.54952145851e-08,4.45229989054e-06,0.0,1.51836104578e-07,8.99756429362e-08,-1.14509814964e-08,-1.98496130643e-09,2.77627396628e-08,6.38974100298e-08,1.51836104578e-07,-8.99756429362e-08,5.21247375218e-06,0.0
1625185966461469632,height,4,32,width,4,8,imag,2,2,0,2.66015245387e-08,0.0,-4.34111163683e-10,-2.39582664818e-09,-2.21092140151e-08,-6.7312124763e-09,-1.32755877402e-08,-3.98876737195e-10,-4.34111163683e-10,2.39582664818e-09,3.9199121602e-06,0.0,1.76999197521e-08,-5.37802833378e-08,-1.78802539441e-09,1.25160966036e-08,-2.21092140151e-08,6.7312124763e-09,1.76999197521e-08,5.37802833378e-08,4.4723137762e-06,0.0,2.26610779919e-07,-3.23709148375e-09,-1.32755877402e-08,3.98876737195e-10,-1.78802539441e-09,-1.25160966036e-08,2.26610779919e-07,3.23709148375e-09,5.20158482686e-06,0.0
1625185966715983283,height,4,32,width,4,8,imag,2,2,0,2.66418442862e-08,0.0,-1.61142121868e-09,-5.42060885067e-09,-2.16588649238e-08,-2.10099715403e-09,-9.81742509509e-09,7.22870319159e-10,-1.61142121868e-09,5.42060885067e-09,3.95301958633e-06,0.0,4.70420715715e-08,-8.80957813365e-08,3.97365251814e-09,-4.71908059296e-08,-2.16588649238e-08,2.10099715403e-09,4.70420715715e-08,8.80957813365e-08,4.44914257969e-06,0.0,2.68014019866e-07,3.9733297541e-08,-9.81742509509e-09,-7.22870319159e-10,3.97365251814e-09,4.71908059296e-08,2.68014019866e-07,-3.9733297541e-08,5.18925844517e-06,0.0
1625185966979427764,height,4,32,width,4,8,imag,2,2,0,2.69080651094e-08,0.0,-5.54030932243e-10,-2.89024426614e-09,-2.80174976552e-08,-2.72580802374e-09,-1.1493238361e-08,-1.60951652006e-09,-5.54030932243e-10,2.89024426614e-09,3.93918753616e-06,0.0,1.73425238614e-08,-5.24569792049e-08,2.19018492231e-08,-3.96120789503e-08,-2.80174976552e-08,2.72580802374e-09,1.73425238614e-08,5.24569792049e-08,4.44214856543e-06,0.0,2.40073148916e-07,3.46481030533e-08,-1.1493238361e-08,1.60951652006e-09,2.19018492231e-08,3.96120789503e-08,2.40073148916e-07,-3.46481030533e-08,5.21629181094e-06,0.0
1625185967227831164,height,4,32,width,4,8,imag,2,2,0,2.66155648632e-08,0.0,-3.24347687597e-10,1.64852265172e-09,-2.15644355706e-08,-7.00777880169e-10,-8.7398959181e-09,-3.9237804117e-09,-3.24347687597e-10,-1.64852265172e-09,3.99541386287e-06,0.0,5.64257014446e-08,-1.23244277006e-07,6.3675202e-08,-1.85702226929e-08,-2.15644355706e-08,7.00777880169e-10,5.64257014446e-08,1.23244277006e-07,4.48905029771e-06,0.0,1.51359770939e-07,2.33703527641e-08,-8.7398959181e-09,3.9237804117e-09,6.3675202e-08,1.85702226929e-08,1.51359770939e-07,-2.33703527641e-08,5.23206153957e-06,0.0
1625185967491016956,height,4,32,width,4,8,imag,2,2,0,2.6415746035e-08,0.0,-8.83411566122e-10,-5.48356582364e-10,-2.25621032968e-08,-3.79460329825e-09,-9.72663816157e-09,1.52414036947e-09,-8.83411566122e-10,5.48356582364e-10,3.95623192162e-06,0.0,2.55698946461e-08,-8.96407144069e-08,3.45809745284e-08,-2.39062636354e-08,-2.25621032968e-08,3.79460329825e-09,2.55698946461e-08,8.96407144069e-08,4.43928138338e-06,0.0,2.25090531103e-07,7.18572863434e-08,-9.72663816157e-09,-1.52414036947e-09,3.45809745284e-08,2.39062636354e-08,2.25090531103e-07,-7.18572863434e-08,5.24711549588e-06,0.0
1625185967746570481,height,4,32,width,4,8,imag,2,2,0,2.63244182008e-08,0.0,-1.19520027209e-09,-2.11903916636e-09,-2.37489352628e-08,-3.58915142051e-09,-1.22519301371e-08,-2.39629227572e-09,-1.19520027209e-09,2.11903916636e-09,3.95531924369e-06,0.0,4.85311346665e-08,-7.65951071457e-08,3.38219940943e-08,-2.76690172996e-08,-2.37489352628e-08,3.58915142051e-09,4.85311346665e-08,7.65951071457e-08,4.460375294e-06,0.0,2.2325741611e-07,2.63818620283e-08,-1.22519301371e-08,2.39629227572e-09,3.38219940943e-08,2.76690172996e-08,2.2325741611e-07,-2.63818620283e-08,5.25887116964e-06,0.0
1625185968003711316,height,4,32,width,4,8,imag,2,2,0,2.65992934345e-08,0.0,-7.24671600505e-10,-2.40264674822e-09,-2.38037625166e-08,-9.31687971217e-09,-1.23423715692e-08,-2.98649172059e-09,-7.24671600505e-10,2.40264674822e-09,3.94308290197e-06,0.0,3.19036637109e-08,-2.93712858479e-08,-1.76759833437e-08,-2.78199845383e-08,-2.38037625166e-08,9.31687971217e-09,3.19036637109e-08,2.93712858479e-08,4.50545485364e-06,0.0,2.49446003409e-07,4.89293512373e-08,-1.23423715692e-08,2.98649172059e-09,-1.76759833437e-08,2.78199845383e-08,2.49446003409e-07,-4.89293512373e-08,5.22702202943e-06,0.0
1625185968134791941,height,4,32,width,4,8,imag,2,2,0,2.62835868625e-08,0.0,5.73886389799e-11,-6.60585253165e-10,-2.13739781429e-08,-2.10579353954e-09,-9.398583245e-09,-2.18607953961e-09,5.73886389799e-11,6.60585253165e-10,3.89742899642e-06,0.0,5.94829039358e-08,-3.23613207343e-08,-1.14435145804e-08,-7.34109661948e-09,-2.13739781429e-08,2.10579353954e-09,5.94829039358e-08,3.23613207343e-08,4.44816032541e-06,0.0,2.64207017153e-07,7.41153129979e-08,-9.398583245e-09,2.18607953961e-09,-1.14435145804e-08,7.34109661948e-09,2.64207017153e-07,-7.41153129979e-08,5.16731779499e-06,0.0
1625185968382475149,height,4,32,width,4,8,imag,2,2,0,0.000145288853673,0.0,0.000364469597116,0.00282943807542,-0.0015830299817,0.00362770515494,-0.00184772931971,-0.00110989704262,0.000364469597116,-0.00282943807542,0.0562789514661,0.0,0.066984847188,0.0401041135192,-0.0261150859296,0.0330125056207,-0.0015830299817,-0.00362770515494,0.066984847188,-0.0401041135192,0.108984455466,0.0,-0.00754384649917,0.0579134002328,-0.00184772931971,0.00110989704262,-0.0261150859296,-0.0330125056207,-0.00754384649917,-0.0579134002328,0.0322230234742,0.0
1625185968635988268,height,4,32,width,4,8,imag,2,2,0,0.000521299254615,0.0,0.0011570568895,0.0101623944938,-0.00585639663041,0.0129377311096,-0.00666226679459,-0.00394308986142,0.0011570568895,-0.0101623944938,0.201498687267,0.0,0.240189507604,0.143424406648,-0.0912544354796,0.120467148721,-0.00585639663041,-0.0129377311096,0.240189507604,-0.143424406648,0.390952736139,0.0,-0.0229720268399,0.208582907915,-0.00666226679459,0.00394308986142,-0.0912544354796,-0.120467148721,-0.0229720268399,-0.208582907915,0.115759916604,0.0
1625185968900021358,height,4,32,width,4,8,imag,2,2,0,0.000515359104611,0.0,0.0011859445367,0.0100446278229,-0.0057137934491,0.0128375058994,-0.00659949006513,-0.00390157639049,0.0011859445367,-0.0100446278229,0.199388697743,0.0,0.23812264204,0.141493037343,-0.0908000692725,0.118935398757,-0.0057137934491,-0.0128375058994,0.23812264204,-0.141493037343,0.387086033821,0.0,-0.0239717531949,0.206494912505,-0.00659949006513,0.00390157639049,-0.0908000692725,-0.118935398757,-0.0239717531949,-0.206494912505,0.114899948239,0.0
1625185969153745344,height,4,32,width,4,8,imag,2,2,0,0.000518236018252,0.0,0.00116669177078,0.0100982207805,-0.00576622085646,0.0128991557285,-0.00667285779491,-0.00388799817301,0.00116669177078,-0.0100982207805,0.200212180614,0.0,0.239355713129,0.141938969493,-0.0903773456812,0.12061791122,-0.00576622085646,-0.0128991557285,0.239355713129,-0.141938969493,0.389310628176,0.0,-0.0224640052766,0.208277732134,-0.00667285779491,0.00388799817301,-0.0903773456812,-0.12061791122,-0.0224640052766,-0.208277732134,0.115886002779,0.0
1625185969404926043,height,4,32,width,4,8,imag,2,2,0,0.00051361246733,0.0,0.00115727854427,0.0100312205032,-0.00571102183312,0.0128244208172,-0.00662335101515,-0.00387635827065,0.00115727854427,-0.0100312205032,0.19938364625,0.0,0.238629698753,0.141003876925,-0.0901976302266,0.119944602251,-0.00571102183312,-0.0128244208172,0.238629698753,-0.141003876925,0.387764751911,0.0,-0.0230697244406,0.207370132208,-0.00662335101515,0.00387635827065,-0.0901976302266,-0.119944602251,-0.0230697244406,-0.207370132208,0.115490086377,0.0
1625185969665781459,height,4,32,width,4,8,imag,2,2,0,0.000242388385232,0.0,0.000545316142961,0.00474187545478,-0.0027016014792,0.00606064405292,-0.00313156377524,-0.00181499042083,0.000545316142961,-0.00474187545478,0.0944097712636,0.0,0.112991370261,0.0667627602816,-0.0423351712525,0.0568544380367,-0.0027016014792,-0.00606064405292,0.112991370261,-0.0667627602816,0.183543175459,0.0,-0.0104324668646,0.0979865640402,-0.00313156377524,0.00181499042083,-0.0423351712525,-0.0568544380367,-0.0104324668646,-0.0979865640402,0.0544673539698,0.0
1625185969923235868,height,4,32,width,4,8,imag,2,2,0,2.66295643314e-08,0.0,-4.93149743264e-10,-9.58248147498e-10,-2.52857823568e-08,-2.3369839397e-09,-1.07545030659e-08,-4.61977611721e-09,-4.93149743264e-10,9.58248147498e-10,3.93358732254e-06,0.0,1.56924659933e-08,-9.77027667659e-08,-2.05910950513e-08,-2.28375558464e-08,-2.52857823568e-08,2.3369839397e-09,1.56924659933e-08,9.77027667659e-08,4.46442754765e-06,0.0,2.14929812614e-07,2.21819167479e-08,-1.07545030659e-08,4.61977611721e-09,-2.05910950513e-08,2.28375558464e-08,2.14929812614e-07,-2.21819167479e-08,5.22989284946e-06,0.0
1625185970198108069,height,4,32,width,4,8,imag,2,2,0,2.6634644712e-08,0.0,-3.79662606909e-10,-9.88443216166e-10,-2.37131470016e-08,-1.81177273184e-09,-1.03373087867e-08,-3.02457014989e-09,-3.79662606909e-10,9.88443216166e-10,3.97501071348e-06,0.0,2.78178298174e-08,-7.40059391546e-08,1.17783631737e-08,3.73455542046e-08,-2.37131470016e-08,1.81177273184e-09,2.78178298174e-08,7.40059391546e-08,4.42691816716e-06,0.0,2.54375692066e-07,2.97069924216e-08,-1.03373087867e-08,3.02457014989e-09,1.17783631737e-08,-3.73455542046e-08,2.54375692066e-07,-2.97069924216e-08,5.28733835381e-06,0.0
1625185970436801103,height,4,32,width,4,8,imag,2,2,0,2.68211675092e-08,0.0,-2.00301983333e-10,-1.36986277877e-09,-2.65970534485e-08,-4.20417300973e-09,-9.33266797176e-09,-1.83466894454e-10,-2.00301983333e-10,1.36986277877e-09,3.95435017708e-06,0.0,3.355369671e-08,-3.56213440966e-08,1.68833622638e-08,-4.80597250885e-08,-2.65970534485e-08,4.20417300973e-09,3.355369671e-08,3.56213440966e-08,4.50869038104e-06,0.0,2.60166729049e-07,6.23955713763e-08,-9.33266797176e-09,1.83466894454e-10,1.68833622638e-08,4.80597250885e-08,2.60166729049e-07,-6.23955713763e-08,5.23822200194e-06,0.0
1625185970709814784,height,4,32,width,4,8,imag,2,2,0,2.65257220633e-08,0.0,2.65104493913e-09,-1.99394811773e-09,-2.24592291431e-08,-6.20469364776e-09,-1.13583853434e-08,-5.20229681555e-09,2.65104493913e-09,1.99394811773e-09,3.95966435462e-06,0.0,4.01080377799e-08,-1.14730994483e-07,1.06580460013e-08,-3.28301230645e-09,-2.24592291431e-08,6.20469364776e-09,4.01080377799e-08,1.14730994483e-07,4.43138105766e-06,0.0,2.31462436773e-07,9.82809922334e-09,-1.13583853434e-08,5.20229681555e-09,1.06580460013e-08,3.28301230645e-09,2.31462436773e-07,-9.82809922334e-09,5.20035246154e-06,0.0
1625185970970821340,height,4,32,width,4,8,imag,2,2,0,2.67120245923e-08,0.0,1.55416657321e-09,-2.00938021777e-09,-2.21635438891e-08,-7.06701097641e-09,-1.01723207635e-08,-5.9403286734e-09,1.55416657321e-09,2.00938021777e-09,3.88835860576e-06,0.0,1.17997267512e-09,-1.06379744125e-07,1.83727504321e-08,-2.48224374388e-08,-2.21635438891e-08,7.06701097641e-09,1.17997267512e-09,1.06379744125e-07,4.45219438916e-06,0.0,1.66399232171e-07,5.61801556387e-08,-1.01723207635e-08,5.9403286734e-09,1.83727504321e-08,2.48224374388e-08,1.66399232171e-07,-5.61801556387e-08,5.22759228261e-06,0.0
1625185971226729557,height,4,32,width,4,8,imag,2,2,0,2.65810822242e-08,0.0,-2.92831470183e-09,-2.13597517451e-09,-2.65723407722e-08,-3.56834783943e-09,-1.53731569696e-08,-7.28012450324e-09,-2.92831470183e-09,2.13597517451e-09,3.9714623199e-06,0.0,5.24650367595e-08,-4.41113918725e-08,2.04847676599e-08,-1.17695275748e-08,-2.65723407722e-08,3.56834783943e-09,5.24650367595e-08,4.41113918725e-08,4.40548365077e-06,0.0,1.59583194659e-07,1.24199619478e-08,-1.53731569696e-08,7.28012450324e-09,2.04847676599e-08,1.17695275748e-08,1.59583194659e-07,-1.24199619478e-08,5.20711228091e-06,0.0
1625185971485094177,height,4,32,width,4,8,imag,2,2,0,2.66868998011e-08,0.0,2.6249982743e-10,-8.31318214267e-09,-2.27058922775e-08,-6.23139095879e-10,-1.04218234043e-08,-2.23620733042e-10,2.6249982743e-10,8.31318214267e-09,3.93598520532e-06,0.0,1.90028792701e-08,-9.53533856318e-08,8.3721465316e-09,-1.23164243249e-08,-2.27058922775e-08,6.23139095879e-10,1.90028792701e-08,9.53533856318e-08,4.46766580353e-06,0.0,2.52870961504e-07,6.26730525255e-08,-1.04218234043e-08,2.23620733042e-10,8.3721465316e-09,1.23164243249e-08,2.52870961504e-07,-6.26730525255e-08,5.2413602134e-06,0.0
1625185971708904439,height,4,32,width,4,8,imag,2,2,0,2.66215014477e-08,0.0,1.65095659366e-10,-3.27885740781e-09,-2.17431086469e-08,-3.8517926626e-09,-1.01246095952e-08,-3.70574415598e-09,1.65095659366e-10,3.27885740781e-09,3.91355433749e-06,0.0,2.68678963522e-08,-1.09348903266e-07,1.31692994287e-08,-3.1298156955e-08,-2.17431086469e-08,3.8517926626e-09,2.68678963522e-08,1.09348903266e-07,4.40752910436e-06,0.0,2.26229943223e-07,4.14871976773e-08,-1.01246095952e-08,3.70574415598e-09,1.31692994287e-08,3.1298156955e-08,2.26229943223e-07,-4.14871976773e-08,5.20490584677e-06,0.0
1625185971995747482,height,4,32,width,4,8,imag,2,2,0,2.65040949188e-08,0.0,5.79090830843e-10,4.61066240742e-10,-2.5099465617e-08,-7.35006766561e-09,-1.28444765934e-08,-5.23546983544e-09,5.79090830843e-10,-4.61066240742e-10,3.9324863792e-06,0.0,6.32775680742e-08,-4.89573430684e-08,-4.90959877197e-08,2.78427531031e-10,-2.5099465617e-08,7.35006766561e-09,6.32775680742e-08,4.89573430684e-08,4.50300240118e-06,0.0,2.24389367531e-07,5.53121459745e-08,-1.28444765934e-08,5.23546983544e-09,-4.90959877197e-08,-2.78427531031e-10,2.24389367531e-07,-5.53121459745e-08,5.22235541212e-06,0.0
1625185972259196673,height,4,32,width,4,8,imag,2,2,0,2.67298183587e-08,0.0,3.95135313358e-11,-1.17467024996e-09,-2.154819434e-08,-4.94335594681e-09,-1.3358998352e-08,-3.44231176896e-09,3.95135313358e-11,1.17467024996e-09,3.97012945541e-06,0.0,2.21705658277e-08,-3.46159261255e-08,4.20816945734e-08,2.01337204686e-08,-2.154819434e-08,4.94335594681e-09,2.21705658277e-08,3.46159261255e-08,4.46915419161e-06,0.0,2.67125983555e-07,3.0412923735e-08,-1.3358998352e-08,3.44231176896e-09,4.20816945734e-08,-2.01337204686e-08,2.67125983555e-07,-3.0412923735e-08,5.25772156834e-06,0.0
1625185972508240904,height,4,32,width,4,8,imag,2,2,0,2.63230930386e-08,0.0,6.78988920644e-10,-4.42249792343e-09,-2.25020908573e-08,-5.33479616038e-09,-8.52988257805e-09,-2.14251238972e-09,6.78988920644e-10,4.42249792343e-09,3.93710524804e-06,0.0,6.80923406549e-08,-7.67604078078e-08,3.07393221988e-08,-3.03037275273e-08,-2.25020908573e-08,5.33479616038e-09,6.80923406549e-08,7.67604078078e-08,4.43119233751e-06,0.0,2.47830172384e-07,5.39687121659e-08,-8.52988257805e-09,2.14251238972e-09,3.07393221988e-08,3.03037275273e-08,2.47830172384e-07,-5.39687121659e-08,5.25287669007e-06,0.0
1625185972765920554,height,4,32,width,4,8,imag,2,2,0,2.63363979514e-08,0.0,2.11078265977e-09,-3.32804495073e-09,-2.58390855379e-08,-6.43512976239e-09,-1.59172053316e-08,-4.27558699556e-09,2.11078265977e-09,3.32804495073e-09,3.97392159357e-06,0.0,1.4465131315e-08,-7.14645906896e-08,2.02603516186e-08,-7.87222909082e-09,-2.58390855379e-08,6.43512976239e-09,1.4465131315e-08,7.14645906896e-08,4.50331390311e-06,0.0,2.86740174715e-07,1.0038180065e-08,-1.59172053316e-08,4.27558699556e-09,2.02603516186e-08,7.87222909082e-09,2.86740174715e-07,-1.0038180065e-08,5.2046852943e-06,0.0
1625185972989939670,height,4,32,width,4,8,imag,2,2,0,0.000517600565217,0.0,0.00107584369835,0.0100869908929,-0.00585460523143,0.0128436610103,-0.00665633566678,-0.00380131788552,0.00107584369835,-0.0100869908929,0.199700653553,0.0,0.239193812013,0.141371533275,-0.0874829888344,0.121115058661,-0.00585460523143,-0.0128436610103,0.239193812013,-0.141371533275,0.38894739747,0.0,-0.0189726855606,0.20702329278,-0.00665633566678,0.00380131788552,-0.0874829888344,-0.121115058661,-0.0189726855606,-0.20702329278,0.114348225296,0.0
1625185973244752981,height,4,32,width,4,8,imag,2,2,0,0.000515236461069,0.0,0.00115000794176,0.0100605515763,-0.00572952954099,0.0128403892741,-0.00661310972646,-0.00382738979533,0.00115000794176,-0.0100605515763,0.19986358285,0.0,0.238955453038,0.141101375222,-0.0890583097935,0.11991327256,-0.00572952954099,-0.0128403892741,0.238955453038,-0.141101375222,0.387808293104,0.0,-0.021765705198,0.206267744303,-0.00661310972646,0.00382738979533,-0.0890583097935,-0.11991327256,-0.021765705198,-0.206267744303,0.114125341177,0.0
1625185973507612759,height,4,32,width,4,8,imag,2,2,0,0.000519556459039,0.0,0.00118117209058,0.0101455505937,-0.00575888017192,0.0129659315571,-0.00662752287462,-0.00393403228372,0.00118117209058,-0.0101455505937,0.201623752713,0.0,0.241078794003,0.14247033,-0.0914994031191,0.119813226163,-0.00575888017192,-0.0129659315571,0.241078794003,-0.14247033,0.391458451748,0.0,-0.0246792621911,0.20794634521,-0.00662752287462,0.00393403228372,-0.0914994031191,-0.119813226163,-0.0246792621911,-0.20794634521,0.115110218525,0.0
1625185973755408016,height,4,32,width,4,8,imag,2,2,0,0.000518406799529,0.0,0.00109190307558,0.0101285995916,-0.0058347210288,0.0128922071308,-0.00664843060076,-0.00388923939317,0.00109190307558,-0.0101285995916,0.201000347733,0.0,0.240575551987,0.141684755683,-0.0895700678229,0.121066376567,-0.0058347210288,-0.0128922071308,0.240575551987,-0.141684755683,0.390419900417,0.0,-0.0218049883842,0.208055257797,-0.00664843060076,0.00388923939317,-0.0895700678229,-0.121066376567,-0.0218049883842,-0.208055257797,0.115229606628,0.0
1625185974013829384,height,4,32,width,4,8,imag,2,2,0,0.000472093670396,0.0,0.00100426794961,0.00921168737113,-0.00524600315839,0.0117440326139,-0.00601689144969,-0.00355433276854,0.00100426794961,-0.00921168737113,0.182633653283,0.0,0.218903958797,0.127844050527,-0.0817716419697,0.10925065726,-0.00524600315839,-0.0117440326139,0.218903958797,-0.127844050527,0.35415661335,0.0,-0.0214868690819,0.188194960356,-0.00601689144969,0.00355433276854,-0.0817716419697,-0.10925065726,-0.0214868690819,-0.188194960356,0.104167155921,0.0
1625185974268719513,height,4,32,width,4,8,imag,2,2,0,2.63852690807e-08,0.0,2.31106755955e-09,-3.46416229036e-10,-2.14260467146e-08,-2.26224772248e-09,-1.01574073597e-08,-5.38124211857e-10,2.31106755955e-09,3.46416229036e-10,3.92437641494e-06,0.0,3.26465148248e-08,-9.7209529315e-08,-2.4503490792e-08,2.57689887206e-08,-2.14260467146e-08,2.26224772248e-09,3.26465148248e-08,9.7209529315e-08,4.44759507445e-06,0.0,2.08430748216e-07,-1.55849522177e-09,-1.01574073597e-08,5.38124211857e-10,-2.4503490792e-08,-2.57689887206e-08,2.08430748216e-07,1.55849522177e-09,5.22475465914e-06,0.0
1625185974526369018,height,4,32,width,4,8,imag,2,2,0,2.7107915912e-08,0.0,-1.26408405965e-09,-3.60779850439e-09,-2.21665175104e-08,-2.09571493492e-09,-1.19455387804e-08,-4.8067607672e-09,-1.26408405965e-09,3.60779850439e-09,3.91863704863e-06,0.0,5.69380453896e-08,-9.23079781501e-08,7.85131248904e-08,-3.22203952408e-08,-2.21665175104e-08,2.09571493492e-09,5.69380453896e-08,9.23079781501e-08,4.48167656941e-06,0.0,2.49110030381e-07,-2.24513723168e-08,-1.19455387804e-08,4.8067607672e-09,7.85131248904e-08,3.22203952408e-08,2.49110030381e-07,2.24513723168e-08,5.28271493749e-06,0.0
1625185974781731179,height,4,32,width,4,8,imag,2,2,0,2.67875268634e-08,0.0,3.07055048054e-10,-4.67729899256e-09,-2.27873435676e-08,-3.03344460661e-09,-1.19523564379e-08,-6.01734839734e-09,3.07055048054e-10,4.67729899256e-09,3.92894889956e-06,0.0,4.63116123228e-08,-1.18485637302e-07,-4.87258056125e-09,1.30953461408e-08,-2.27873435676e-08,3.03344460661e-09,4.63116123228e-08,1.18485637302e-07,4.49137451142e-06,0.0,2.5176657914e-07,6.09404580132e-08,-1.19523564379e-08,6.01734839734e-09,-4.87258056125e-09,-1.30953461408e-08,2.5176657914e-07,-6.09404580132e-08,5.34199898539e-06,0.0
1625185974924066222,height,4,32,width,4,8,imag,2,2,0,2.63983430671e-08,0.0,3.12128572988e-10,-3.1042310944e-09,-2.11743476086e-08,-5.27653032378e-09,-1.64239501999e-08,-9.97788962565e-10,3.12128572988e-10,3.1042310944e-09,3.92037918573e-06,0.0,1.46726524264e-08,-7.15734387313e-08,-1.37271181089e-08,8.22902279651e-09,-2.11743476086e-08,5.27653032378e-09,1.46726524264e-08,7.15734387313e-08,4.45945897809e-06,0.0,2.17392511104e-07,-1.71201985921e-09,-1.64239501999e-08,9.97788962565e-10,-1.37271181089e-08,-8.22902279651e-09,2.17392511104e-07,1.71201985921e-09,5.20438879903e-06,0.0
1625185975165323679,height,4,32,width,4,8,imag,2,2,0,2.63916337673e-08,0.0,1.51211365651e-09,-1.81160586532e-09,-2.09695194542e-08,-3.65646868339e-09,-1.08660351827e-08,-2.28878249686e-09,1.51211365651e-09,1.81160586532e-09,3.94414610128e-06,0.0,-7.22396231723e-09,-8.04017403766e-08,2.6197270131e-08,-7.82313502867e-09,-2.09695194542e-08,3.65646868339e-09,-7.22396231723e-09,8.04017403766e-08,4.47083493782e-06,0.0,1.79404537448e-07,5.36027364717e-08,-1.08660351827e-08,2.28878249686e-09,2.6197270131e-08,7.82313502867e-09,1.79404537448e-07,-5.36027364717e-08,5.23928201801e-06,0.0
1625185975422014781,height,4,32,width,4,8,imag,2,2,0,2.66576503094e-08,0.0,-1.49079315559e-09,-3.00503599782e-09,-2.68296300732e-08,-4.10278522267e-09,-1.00240820089e-08,-1.10739828418e-09,-1.49079315559e-09,3.00503599782e-09,3.97713893108e-06,0.0,-1.64342477404e-08,-8.83462405454e-08,2.03755305961e-08,-3.22271205278e-08,-2.68296300732e-08,4.10278522267e-09,-1.64342477404e-08,8.83462405454e-08,4.42219652541e-06,0.0,2.12707007563e-07,-2.49720617518e-08,-1.00240820089e-08,1.10739828418e-09,2.03755305961e-08,3.22271205278e-08,2.12707007563e-07,2.49720617518e-08,5.15314877703e-06,0.0
1625185975561781965,height,4,32,width,4,8,imag,2,2,0,2.65253987664e-08,0.0,-1.78110071136e-09,-2.0840273951e-09,-2.37648603019e-08,-4.63468952105e-09,-9.48078859864e-09,-4.17140855191e-09,-1.78110071136e-09,2.0840273951e-09,3.95264441977e-06,0.0,2.57913210788e-08,-8.10476379343e-08,1.21681704712e-08,2.97820825779e-08,-2.37648603019e-08,4.63468952105e-09,2.57913210788e-08,8.10476379343e-08,4.41138899987e-06,0.0,2.08595338336e-07,1.86761521803e-08,-9.48078859864e-09,4.17140855191e-09,1.21681704712e-08,-2.97820825779e-08,2.08595338336e-07,-1.86761521803e-08,5.28856526216e-06,0.0
1625185975813103980,height,4,32,width,4,8,imag,2,2,0,2.63763375585e-08,0.0,-2.98006175292e-09,-1.55413604208e-09,-2.31201422451e-08,-3.0947997498e-09,-8.23089063573e-09,-3.65547303538e-09,-2.98006175292e-09,1.55413604208e-09,3.93217169403e-06,0.0,2.77923888348e-08,-7.15855321687e-08,-2.73145328578e-08,-2.66772772761e-08,-2.31201422451e-08,3.0947997498e-09,2.77923888348e-08,7.15855321687e-08,4.4718517529e-06,0.0,2.63208676188e-07,2.66993858133e-08,-8.23089063573e-09,3.65547303538e-09,-2.73145328578e-08,2.66772772761e-08,2.63208676188e-07,-2.66993858133e-08,5.20923140357e-06,0.0
1625185976067014377,height,4,32,width,4,8,imag,2,2,0,2.64660862115e-08,0.0,1.33798461199e-09,-1.83344384119e-09,-2.06008081705e-08,-3.81422582407e-09,-1.01887520643e-08,-5.58334667389e-09,1.33798461199e-09,1.83344384119e-09,3.94799008063e-06,0.0,1.07680167005e-08,-1.20896018529e-07,-2.62291899311e-09,-1.39075329031e-08,-2.06008081705e-08,3.81422582407e-09,1.07680167005e-08,1.20896018529e-07,4.41939482698e-06,0.0,2.14951015209e-07,4.48577459622e-08,-1.01887520643e-08,5.58334667389e-09,-2.62291899311e-09,1.39075329031e-08,2.14951015209e-07,-4.48577459622e-08,5.26324674865e-06,0.0
1625185976324612821,height,4,32,width,4,8,imag,2,2,0,2.6740039516e-08,0.0,7.69440955395e-10,-2.72781308652e-09,-2.29151506659e-08,-5.16352471891e-09,-1.20231700151e-08,-4.39111857986e-09,7.69440955395e-10,2.72781308652e-09,3.92754373024e-06,0.0,2.20117630789e-08,-7.09426259959e-08,3.03790637091e-09,6.28889207377e-09,-2.29151506659e-08,5.16352471891e-09,2.20117630789e-08,7.09426259959e-08,4.47337333753e-06,0.0,2.08524383538e-07,5.50969003754e-09,-1.20231700151e-08,4.39111857986e-09,3.03790637091e-09,-6.28889207377e-09,2.08524383538e-07,-5.50969003754e-09,5.20903222423e-06,0.0
1625185976578622936,height,4,32,width,4,8,imag,2,2,0,2.64540034323e-08,0.0,8.98477237055e-10,-3.3786942133e-09,-2.4076495464e-08,-2.40816744324e-09,-8.71139516079e-09,1.0880497614e-09,8.98477237055e-10,3.3786942133e-09,3.93128766518e-06,0.0,5.26749381891e-08,-6.27758325322e-08,5.74164848999e-09,4.09291267545e-09,-2.4076495464e-08,2.40816744324e-09,5.26749381891e-08,6.27758325322e-08,4.43665339844e-06,0.0,1.97311749162e-07,3.69979211712e-08,-8.71139516079e-09,-1.0880497614e-09,5.74164848999e-09,-4.09291267545e-09,1.97311749162e-07,-3.69979211712e-08,5.22088021171e-06,0.0
1625185976830955448,height,4,32,width,4,8,imag,2,2,0,2.64438035913e-08,0.0,-2.41706682447e-10,-3.68755315172e-09,-2.28082157605e-08,-5.73618086364e-09,-1.03395647599e-08,-1.61306978885e-09,-2.41706682447e-10,3.68755315172e-09,3.95019606003e-06,0.0,5.32620063609e-08,-9.73802229964e-08,1.18437890606e-08,-6.98013096212e-08,-2.28082157605e-08,5.73618086364e-09,5.32620063609e-08,9.73802229964e-08,4.41875909019e-06,0.0,1.96458671553e-07,5.04945667501e-08,-1.03395647599e-08,1.61306978885e-09,1.18437890606e-08,6.98013096212e-08,1.96458671553e-07,-5.04945667501e-08,5.21850643054e-06,0.0
1625185977084510226,height,4,32,width,4,8,imag,2,2,0,2.65663686605e-08,0.0,1.952168871e-09,-1.51764478762e-09,-2.44154811924e-08,-4.40888747733e-09,-9.12461750602e-09,-1.70430425328e-09,1.952168871e-09,1.51764478762e-09,3.93023265133e-06,0.0,3.38385035548e-08,-8.93888056908e-08,2.73647948745e-08,-1.79756316498e-08,-2.44154811924e-08,4.40888747733e-09,3.38385035548e-08,8.93888056908e-08,4.43368026026e-06,0.0,2.39495818732e-07,3.95994277369e-08,-9.12461750602e-09,1.70430425328e-09,2.73647948745e-08,1.79756316498e-08,2.39495818732e-07,-3.95994277369e-08,5.15411193192e-06,0.0
1625185977348677805,height,4,32,width,4,8,imag,2,2,0,0.000320987717714,0.0,0.000674342736602,0.0062396209687,-0.0036224226933,0.00793563108891,-0.00408942298964,-0.00246631749906,0.000674342736602,-0.0062396209687,0.123217955232,0.0,0.147254690528,0.0874252468348,-0.0562850907445,0.0739230588078,-0.0036224226933,-0.00793563108891,0.147254690528,-0.0874252468348,0.239608377218,0.0,-0.014784283936,0.128299579024,-0.00408942298964,0.00246631749906,-0.0562850907445,-0.0739230588078,-0.014784283936,-0.128299579024,0.0715203285217,0.0
1625185977597632619,height,4,32,width,4,8,imag,2,2,0,0.000519962864928,0.0,0.00111693365034,0.010103918612,-0.00583782698959,0.0128673138097,-0.0066401087679,-0.00395262707025,0.00111693365034,-0.010103918612,0.199555501342,0.0,0.238472223282,0.141620084643,-0.0906541794538,0.119891487062,-0.00583782698959,-0.0128673138097,0.238472223282,-0.141620084643,0.388070046902,0.0,-0.0231890380383,0.207634568214,-0.0066401087679,0.00395262707025,-0.0906541794538,-0.119891487062,-0.0231890380383,-0.207634568214,0.115639708936,0.0
1625185977854987368,height,4,32,width,4,8,imag,2,2,0,0.000519676599652,0.0,0.00107094983105,0.0100916586816,-0.00589250726625,0.0128504401073,-0.00662052631378,-0.00395892048255,0.00107094983105,-0.0100916586816,0.19900649786,0.0,0.238388031721,0.141452223063,-0.0900766700506,0.119771420956,-0.00589250726625,-0.0128504401073,0.238388031721,-0.141452223063,0.388700306416,0.0,-0.0227076858282,0.207541570067,-0.00662052631378,0.00395892048255,-0.0900766700506,-0.119771420956,-0.0227076858282,-0.207541570067,0.115295782685,0.0
1625185978128264115,height,4,32,width,4,8,imag,2,2,0,0.000519839115441,0.0,0.00104887562338,0.0100796045735,-0.00594634050503,0.0128151606768,-0.00663648219779,-0.0039774258621,0.00104887562338,-0.0100796045735,0.198412746191,0.0,0.237518429756,0.141724869609,-0.0900934189558,0.11997410655,-0.00594634050503,-0.0128151606768,0.237518429756,-0.141724869609,0.38808131218,0.0,-0.0220856238157,0.20798830688,-0.00663648219779,0.0039774258621,-0.0900934189558,-0.11997410655,-0.0220856238157,-0.20798830688,0.115968585014,0.0
1625185978411701221,height,4,32,width,4,8,imag,2,2,0,0.000521982787177,0.0,0.0011081652483,0.0101447887719,-0.00596890971065,0.012889098376,-0.00669015198946,-0.00396059919149,0.0011081652483,-0.0101447887719,0.200336962938,0.0,0.238814681768,0.143924549222,-0.0907754972577,0.120975598693,-0.00596890971065,-0.012889098376,0.238814681768,-0.143924549222,0.390645712614,0.0,-0.0212423522025,0.209432795644,-0.00669015198946,0.00396059919149,-0.0907754972577,-0.120975598693,-0.0212423522025,-0.209432795644,0.116561003029,0.0
1625185978668673963,height,4,32,width,4,8,imag,2,2,0,7.05778365955e-05,0.0,0.000160154027981,0.00137117970735,-0.000802372873295,0.00174268370029,-0.000901717517991,-0.000540413078852,0.000160154027981,-0.00137117970735,0.0271350089461,0.0,0.0321887545288,0.0196301043034,-0.0124884080142,0.0161978881806,-0.000802372873295,-0.00174268370029,0.0321887545288,-0.0196301043034,0.0527406819165,0.0,-0.00308925844729,0.0282547362149,-0.000901717517991,0.000540413078852,-0.0124884080142,-0.0161978881806,-0.00308925844729,-0.0282547362149,0.0157919768244,0.0
1625185978934503669,height,4,32,width,4,8,imag,2,2,0,2.63613344487e-08,0.0,-8.89783413616e-10,-1.35137789847e-09,-2.3367599411e-08,3.07281505796e-10,-1.23607923896e-08,-2.8599851376e-09,-8.89783413616e-10,1.35137789847e-09,3.93509799324e-06,0.0,1.21216405802e-08,-6.30378522715e-08,3.36071579454e-08,-2.37045192364e-08,-2.3367599411e-08,-3.07281505796e-10,1.21216405802e-08,6.30378522715e-08,4.5045949264e-06,0.0,2.93381248184e-07,1.82298975915e-08,-1.23607923896e-08,2.8599851376e-09,3.36071579454e-08,2.37045192364e-08,2.93381248184e-07,-1.82298975915e-08,5.27063275513e-06,0.0
1625185979150637563,height,4,32,width,4,8,imag,2,2,0,2.66255621995e-08,0.0,3.27376770137e-09,-3.33076699555e-09,-2.13856878872e-08,-4.86499462937e-09,-1.12273497166e-08,-3.50392981296e-09,3.27376770137e-09,3.33076699555e-09,3.98142174163e-06,0.0,4.15118250885e-08,-7.07604570493e-08,7.13246990358e-08,-5.51426566631e-08,-2.13856878872e-08,4.86499462937e-09,4.15118250885e-08,7.07604570493e-08,4.45042678621e-06,0.0,2.27099519634e-07,3.85959708638e-08,-1.12273497166e-08,3.50392981296e-09,7.13246990358e-08,5.51426566631e-08,2.27099519634e-07,-3.85959708638e-08,5.26228996023e-06,0.0
1625185979388680491,height,4,32,width,4,8,imag,2,2,0,2.65195190252e-08,0.0,2.48960563276e-09,-1.38110078929e-09,-2.3162728624e-08,-3.97055588408e-09,-1.08036459778e-08,-3.12574277572e-09,2.48960563276e-09,1.38110078929e-09,3.9621140786e-06,0.0,-9.34443367129e-09,-5.10343163285e-08,5.22417060722e-08,-1.32634561112e-08,-2.3162728624e-08,3.97055588408e-09,-9.34443367129e-09,5.10343163285e-08,4.44554325441e-06,0.0,2.58620019622e-07,2.46389362246e-08,-1.08036459778e-08,3.12574277572e-09,5.22417060722e-08,1.32634561112e-08,2.58620019622e-07,-2.46389362246e-08,5.22105165146e-06,0.0
1625185979649561359,height,4,32,width,4,8,imag,2,2,0,2.65222936946e-08,0.0,-5.07956399165e-10,-4.25482049593e-09,-2.4859001968e-08,-3.80195697147e-09,-1.07265156757e-08,-2.36342478921e-09,-5.07956399165e-10,4.25482049593e-09,3.96262066715e-06,0.0,7.30745242095e-08,-5.54825838606e-08,3.07479695039e-08,-1.44145975156e-08,-2.4859001968e-08,3.80195697147e-09,7.30745242095e-08,5.54825838606e-08,4.43702856501e-06,0.0,2.39037518668e-07,6.11523205407e-08,-1.07265156757e-08,2.36342478921e-09,3.07479695039e-08,1.44145975156e-08,2.39037518668e-07,-6.11523205407e-08,5.20421326655e-06,0.0
1625185979897895804,height,4,32,width,4,8,imag,2,2,0,2.65977959657e-08,0.0,1.42547784687e-09,-2.14983295055e-10,-2.53805829686e-08,-6.78352840566e-09,-1.05390718375e-08,-1.86459847562e-09,1.42547784687e-09,2.14983295055e-10,3.95121560359e-06,0.0,2.80897420879e-08,-7.61062537435e-08,4.23987458475e-08,3.12686658788e-08,-2.53805829686e-08,6.78352840566e-09,2.80897420879e-08,7.61062537435e-08,4.49202889286e-06,0.0,2.29595656265e-07,3.02097973304e-08,-1.05390718375e-08,1.86459847562e-09,4.23987458475e-08,-3.12686658788e-08,2.29595656265e-07,-3.02097973304e-08,5.26481608176e-06,0.0
1625185980048681081,height,4,32,width,4,8,imag,2,2,0,2.65657220666e-08,0.0,-1.52770662787e-09,-1.28517685383e-09,-2.17082565257e-08,-3.17489878832e-09,-8.351823233e-09,9.03697394694e-10,-1.52770662787e-09,1.28517685383e-09,3.88973603549e-06,0.0,-9.36449406908e-09,-9.02196575225e-08,1.96898231053e-08,-1.75286238857e-08,-2.17082565257e-08,3.17489878832e-09,-9.36449406908e-09,9.02196575225e-08,4.45457590104e-06,0.0,2.21023540803e-07,-1.62078528376e-08,-8.351823233e-09,-9.03697394694e-10,1.96898231053e-08,1.75286238857e-08,2.21023540803e-07,1.62078528376e-08,5.18617662237e-06,0.0
1625185980291334402,height,4,32,width,4,8,imag,2,2,0,2.67047735036e-08,0.0,-7.7150302813e-10,-3.76111053413e-09,-2.67261253128e-08,-3.09789860431e-09,-1.01595816204e-08,-4.47507009227e-09,-7.7150302813e-10,3.76111053413e-09,3.97821031584e-06,0.0,1.73142442605e-08,-7.08410539119e-08,9.77384573275e-09,-2.13250803682e-08,-2.67261253128e-08,3.09789860431e-09,1.73142442605e-08,7.08410539119e-08,4.44462102678e-06,0.0,2.0978669113e-07,4.15469827431e-08,-1.01595816204e-08,4.47507009227e-09,9.77384573275e-09,2.13250803682e-08,2.0978669113e-07,-4.15469827431e-08,5.23391736351e-06,0.0
1625185980539815299,height,4,32,width,4,8,imag,2,2,0,2.63526924726e-08,0.0,1.90863791438e-09,-4.97955099377e-09,-2.29473879898e-08,-2.88636536894e-09,-1.08403011012e-08,-4.21551105134e-09,1.90863791438e-09,4.97955099377e-09,3.9623801058e-06,0.0,1.54175623379e-08,-1.02833787707e-07,2.12832613755e-08,-1.64258810997e-08,-2.29473879898e-08,2.88636536894e-09,1.54175623379e-08,1.02833787707e-07,4.44773877462e-06,0.0,1.8896741949e-07,4.95018070978e-08,-1.08403011012e-08,4.21551105134e-09,2.12832613755e-08,1.64258810997e-08,1.8896741949e-07,-4.95018070978e-08,5.21720494362e-06,0.0
1625185980797765037,height,4,32,width,4,8,imag,2,2,0,2.66066351173e-08,0.0,-1.10679831966e-09,-1.78240577853e-09,-2.28349534837e-08,-6.30222807274e-09,-1.45725653766e-08,-5.45482814474e-09,-1.10679831966e-09,1.78240577853e-09,3.94753215005e-06,0.0,3.28102736091e-08,-1.0025308228e-07,-3.80142637368e-08,-1.41665248421e-08,-2.28349534837e-08,6.30222807274e-09,3.28102736091e-08,1.0025308228e-07,4.42875125373e-06,0.0,2.75506550906e-07,-3.98461423856e-08,-1.45725653766e-08,5.45482814474e-09,-3.80142637368e-08,1.41665248421e-08,2.75506550906e-07,3.98461423856e-08,5.20350022271e-06,0.0
1625185981077401616,height,4,32,width,4,8,imag,2,2,0,2.63260577782e-08,0.0,-3.88222121117e-09,-3.59955110163e-09,-2.0874463047e-08,-1.59423274582e-09,-9.6789234405e-09,-2.77873546395e-09,-3.88222121117e-09,3.59955110163e-09,3.93335767512e-06,0.0,5.04805264256e-08,-1.10338945092e-07,5.30057988612e-08,-3.31152101296e-08,-2.0874463047e-08,1.59423274582e-09,5.04805264256e-08,1.10338945092e-07,4.45564819529e-06,0.0,2.58451137825e-07,5.71831115792e-08,-9.6789234405e-09,2.77873546395e-09,5.30057988612e-08,3.31152101296e-08,2.58451137825e-07,-5.71831115792e-08,5.2279456213e-06,0.0
1625185981328122884,height,4,32,width,4,8,imag,2,2,0,2.69142592657e-08,0.0,-3.75373598871e-09,-1.1081600082e-09,-2.39172450733e-08,-5.13093389998e-09,-1.24748078534e-08,-5.43627987071e-09,-3.75373598871e-09,1.1081600082e-09,3.94638891521e-06,0.0,5.00835071193e-08,-2.68235016421e-08,2.82619279091e-08,-5.02453865181e-08,-2.39172450733e-08,5.13093389998e-09,5.00835071193e-08,2.68235016421e-08,4.41828069597e-06,0.0,2.7237518907e-07,4.24987689485e-08,-1.24748078534e-08,5.43627987071e-09,2.82619279091e-08,5.02453865181e-08,2.7237518907e-07,-4.24987689485e-08,5.27146494278e-06,0.0
1625185981609281550,height,4,32,width,4,8,imag,2,2,0,2.6581494339e-08,0.0,-1.89716287124e-09,-5.1850790328e-09,-2.20689990726e-08,-7.08900715907e-09,-8.66823057777e-09,-3.44715100908e-09,-1.89716287124e-09,5.1850790328e-09,3.95977758672e-06,0.0,-4.18270129643e-09,-9.93510198555e-08,-1.72170366852e-08,-2.79096479261e-08,-2.20689990726e-08,7.08900715907e-09,-4.18270129643e-09,9.93510198555e-08,4.46239255325e-06,0.0,2.57681705307e-07,-1.43693261734e-08,-8.66823057777e-09,3.44715100908e-09,-1.72170366852e-08,2.79096479261e-08,2.57681705307e-07,1.43693261734e-08,5.18735078003e-06,0.0
1625185981847079066,height,4,32,width,4,8,imag,2,2,0,0.000517453241628,0.0,0.00105619244277,0.010063149035,-0.00591197935864,0.0127859832719,-0.00663128355518,-0.00396316265687,0.00105619244277,-0.010063149035,0.19871070981,0.0,0.237604022026,0.14163389802,-0.0901816412807,0.120195798576,-0.00591197935864,-0.0127859832719,0.237604022026,-0.14163389802,0.387608319521,0.0,-0.0220992546529,0.208031415939,-0.00663128355518,0.00396316265687,-0.0901816412807,-0.120195798576,-0.0220992546529,-0.208031415939,0.116152621806,0.0
1625185982095428794,height,4,32,width,4,8,imag,2,2,0,0.00051478826208,0.0,0.00102346460335,0.0100298859179,-0.00592718506232,0.012745404616,-0.006609889213,-0.00392959080637,0.00102346460335,-0.0100298859179,0.198325946927,0.0,0.237584635615,0.14139534533,-0.0892723798752,0.120283223689,-0.00592718506232,-0.012745404616,0.237584635615,-0.14139534533,0.387795418501,0.0,-0.0211152732372,0.207779288292,-0.006609889213,0.00392959080637,-0.0892723798752,-0.120283223689,-0.0211152732372,-0.207779288292,0.115687973797,0.0
1625185982358959785,height,4,32,width,4,8,imag,2,2,0,0.000518310116604,0.0,0.00100664340425,0.0101063493639,-0.00602254644036,0.0128118060529,-0.00669384002686,-0.00389484898187,0.00100664340425,-0.0101063493639,0.199825108051,0.0,0.239082053304,0.142846748233,-0.0885283946991,0.122315973043,-0.00602254644036,-0.0128118060529,0.239082053304,-0.142846748233,0.390738725662,0.0,-0.0184188019484,0.209667548537,-0.00669384002686,0.00389484898187,-0.0885283946991,-0.122315973043,-0.0184188019484,-0.209667548537,0.116505689919,0.0
1625185982613405584,height,4,32,width,4,8,imag,2,2,0,0.000515132152941,0.0,0.00103046256118,0.0100297192112,-0.00594317726791,0.0127359135076,-0.00662647560239,-0.00388918118551,0.00103046256118,-0.0100297192112,0.198198720813,0.0,0.237102821469,0.141756549478,-0.088564530015,0.120556756854,-0.00594317726791,-0.0127359135076,0.237102821469,-0.141756549478,0.387540131807,0.0,-0.0196610298008,0.207602262497,-0.00662647560239,0.00388918118551,-0.088564530015,-0.120556756854,-0.0196610298008,-0.207602262497,0.115411989391,0.0
1625185982863857284,height,4,32,width,4,8,imag,2,2,0,0.000514202925842,0.0,0.00104685279075,0.00999725889415,-0.00590789504349,0.0127236507833,-0.00659559713677,-0.00389565387741,0.00104685279075,-0.00999725889415,0.19735275209,0.0,0.236358553171,0.141331911087,-0.0887310728431,0.119621314108,-0.00590789504349,-0.0127236507833,0.236358553171,-0.141331911087,0.386691153049,0.0,-0.0205483026803,0.206852480769,-0.00659559713677,0.00389565387741,-0.0887310728431,-0.119621314108,-0.0205483026803,-0.206852480769,0.11494871974,0.0
1625185983116531552,height,4,32,width,4,8,imag,2,2,0,2.64699142605e-08,0.0,1.9700310272e-09,-2.39835773463e-09,-2.40313990929e-08,-1.28442301239e-09,-1.1205025352e-08,-1.46286471825e-09,1.9700310272e-09,2.39835773463e-09,3.95694678446e-06,0.0,1.54555408471e-08,-4.1906087489e-08,3.1828729874e-08,3.9490867465e-08,-2.40313990929e-08,1.28442301239e-09,1.54555408471e-08,4.1906087489e-08,4.44221814178e-06,0.0,1.96487661697e-07,2.18076525726e-08,-1.1205025352e-08,1.46286471825e-09,3.1828729874e-08,-3.9490867465e-08,1.96487661697e-07,-2.18076525726e-08,5.24963024873e-06,0.0
1625185983275135552,height,4,32,width,4,8,imag,2,2,0,2.65512500874e-08,0.0,1.18727649934e-09,-1.35523525735e-09,-2.41848177041e-08,-6.01012528634e-09,-1.26838726189e-08,-2.85719758963e-09,1.18727649934e-09,1.35523525735e-09,3.91162757296e-06,0.0,3.24684634734e-08,-8.80264821035e-08,4.13277723155e-09,-2.13080149081e-08,-2.41848177041e-08,6.01012528634e-09,3.24684634734e-08,8.80264821035e-08,4.43667249783e-06,0.0,2.1185452681e-07,3.34448131412e-08,-1.26838726189e-08,2.85719758963e-09,4.13277723155e-09,2.13080149081e-08,2.1185452681e-07,-3.34448131412e-08,5.15107785759e-06,0.0
1625185983509105193,height,4,32,width,4,8,imag,2,2,0,2.69625761717e-08,0.0,-8.22719448124e-10,-1.39496003637e-09,-2.10251744903e-08,-2.73150080332e-09,-9.40814981476e-09,-3.78291886705e-09,-8.22719448124e-10,1.39496003637e-09,3.94358949052e-06,0.0,6.57082921407e-08,-4.56347883926e-08,-3.58866962813e-08,-2.17669722247e-08,-2.10251744903e-08,2.73150080332e-09,6.57082921407e-08,4.56347883926e-08,4.47475485998e-06,0.0,2.30935924606e-07,6.62121735218e-08,-9.40814981476e-09,3.78291886705e-09,-3.58866962813e-08,2.17669722247e-08,2.30935924606e-07,-6.62121735218e-08,5.22574191564e-06,0.0
1625185983766326543,height,4,32,width,4,8,imag,2,2,0,2.66155986139e-08,0.0,1.11341558195e-09,-3.42887829241e-09,-2.50856011519e-08,-2.36221886496e-09,-1.12704361399e-08,-5.87874637858e-09,1.11341558195e-09,3.42887829241e-09,3.89981323679e-06,0.0,1.70628240426e-08,-5.29288186613e-08,1.35743825069e-08,-3.28906395453e-08,-2.50856011519e-08,2.36221886496e-09,1.70628240426e-08,5.29288186613e-08,4.42793452748e-06,0.0,2.3361567969e-07,-6.33180796683e-09,-1.12704361399e-08,5.87874637858e-09,1.35743825069e-08,3.28906395453e-08,2.3361567969e-07,6.33180796683e-09,5.2178779697e-06,0.0
1625185983996074271,height,4,32,width,4,8,imag,2,2,0,2.66444359909e-08,0.0,-7.75181363544e-10,-3.10236836221e-09,-2.23528040522e-08,-3.65548546988e-09,-1.25344588042e-08,-3.25081050967e-09,-7.75181363544e-10,3.10236836221e-09,3.94551398131e-06,0.0,5.3284129109e-08,-5.8385872137e-08,-1.78687713515e-08,-2.8002865804e-08,-2.23528040522e-08,3.65548546988e-09,5.3284129109e-08,5.8385872137e-08,4.43637554781e-06,0.0,2.1093856617e-07,1.79308621284e-08,-1.25344588042e-08,3.25081050967e-09,-1.78687713515e-08,2.8002865804e-08,2.1093856617e-07,-1.79308621284e-08,5.25878840563e-06,0.0
1625185984259011694,height,4,32,width,4,8,imag,2,2,0,2.65913406849e-08,0.0,3.16197379391e-09,-5.40237188318e-09,-2.15164135398e-08,-2.79201550768e-09,-9.33659816127e-09,-4.68448080326e-09,3.16197379391e-09,5.40237188318e-09,3.9240494516e-06,0.0,7.50743112121e-09,-4.50005046559e-08,3.69241099918e-08,7.48022088715e-09,-2.15164135398e-08,2.79201550768e-09,7.50743112121e-09,4.50005046559e-08,4.51092410003e-06,0.0,1.96055339075e-07,-1.21829382138e-08,-9.33659816127e-09,4.68448080326e-09,3.69241099918e-08,-7.48022088715e-09,1.96055339075e-07,1.21829382138e-08,5.23451535628e-06,0.0
1625185984507293810,height,4,32,width,4,8,imag,2,2,0,2.65858535187e-08,0.0,3.29076810246e-09,-4.71246375255e-09,-2.48354119492e-08,-1.19805021459e-09,-1.13363602949e-08,1.00904756772e-10,3.29076810246e-09,4.71246375255e-09,3.94663220504e-06,0.0,1.74649645857e-08,-3.70251846959e-08,-6.45944853161e-09,1.64307998318e-08,-2.48354119492e-08,1.19805021459e-09,1.74649645857e-08,3.70251846959e-08,4.43202952738e-06,0.0,1.8361171783e-07,7.06176628285e-09,-1.13363602949e-08,-1.00904756772e-10,-6.45944853161e-09,-1.64307998318e-08,1.8361171783e-07,-7.06176628285e-09,5.24517281519e-06,0.0
1625185984765367570,height,4,32,width,4,8,imag,2,2,0,2.6667370534e-08,0.0,2.12409800859e-09,-3.40997186044e-09,-2.49717864165e-08,-5.2866830913e-09,-8.1855491274e-09,-1.29051991316e-09,2.12409800859e-09,3.40997186044e-09,3.96464247387e-06,0.0,2.35924684233e-08,-1.10359671623e-07,-3.38903234365e-08,-3.5579983404e-08,-2.49717864165e-08,5.2866830913e-09,2.35924684233e-08,1.10359671623e-07,4.42930195277e-06,0.0,2.46743383059e-07,4.84661200062e-09,-8.1855491274e-09,1.29051991316e-09,-3.38903234365e-08,3.5579983404e-08,2.46743383059e-07,-4.84661200062e-09,5.22388654645e-06,0.0
1625185985019564599,height,4,32,width,4,8,imag,2,2,0,2.64854538301e-08,0.0,-4.91248508538e-09,-5.16632514547e-09,-2.25015508448e-08,-1.50159873424e-09,-8.3443616461e-09,-3.76926134749e-09,-4.91248508538e-09,5.16632514547e-09,3.89805654777e-06,0.0,7.36760341624e-08,-5.24428465098e-08,1.51930557024e-08,-6.95532920147e-09,-2.25015508448e-08,1.50159873424e-09,7.36760341624e-08,5.24428465098e-08,4.4611388148e-06,0.0,2.0206520901e-07,2.06334238584e-08,-8.3443616461e-09,3.76926134749e-09,1.51930557024e-08,6.95532920147e-09,2.0206520901e-07,-2.06334238584e-08,5.17348553331e-06,0.0
1625185985297820198,height,4,32,width,4,8,imag,2,2,0,2.62975063947e-08,0.0,-4.26039287182e-10,3.63347935073e-10,-2.18850857436e-08,-3.3398297461e-09,-1.11036690953e-08,-3.02589353574e-09,-4.26039287182e-10,-3.63347935073e-10,3.94260268877e-06,0.0,2.41149056279e-08,-6.91170356504e-08,-5.23935783647e-09,-1.26050903049e-08,-2.18850857436e-08,3.3398297461e-09,2.41149056279e-08,6.91170356504e-08,4.4660405365e-06,0.0,2.16286423438e-07,6.07910806139e-08,-1.11036690953e-08,3.02589353574e-09,-5.23935783647e-09,1.26050903049e-08,2.16286423438e-07,-6.07910806139e-08,5.24873485119e-06,0.0
1625185985557630118,height,4,32,width,4,8,imag,2,2,0,2.63572594861e-08,0.0,2.20178819621e-10,-1.72418168631e-09,-2.16808277997e-08,-4.329332004e-09,-1.13487175213e-08,-3.69070707329e-09,2.20178819621e-10,1.72418168631e-09,3.8763878365e-06,0.0,1.12425091459e-08,-7.26607964907e-08,1.28159260981e-08,-2.85968511093e-08,-2.16808277997e-08,4.329332004e-09,1.12425091459e-08,7.26607964907e-08,4.42005557488e-06,0.0,2.49537691843e-07,-1.97580209971e-08,-1.13487175213e-08,3.69070707329e-09,1.28159260981e-08,2.85968511093e-08,2.49537691843e-07,1.97580209971e-08,5.28634973307e-06,0.0
1625185985814665050,height,4,32,width,4,8,imag,2,2,0,2.64660329208e-08,0.0,-6.46235509549e-10,-2.81690137882e-09,-2.1208657941e-08,-2.8053452894e-09,-1.22888037524e-08,-1.0791435523e-09,-6.46235509549e-10,2.81690137882e-09,3.96125687985e-06,0.0,6.90173678208e-08,-7.26028872577e-08,7.17895076718e-08,-2.63896442476e-08,-2.1208657941e-08,2.8053452894e-09,6.90173678208e-08,7.26028872577e-08,4.46318699687e-06,0.0,2.33945314676e-07,4.89211116061e-09,-1.22888037524e-08,1.0791435523e-09,7.17895076718e-08,2.63896442476e-08,2.33945314676e-07,-4.89211116061e-09,5.20055027664e-06,0.0
1625185986069700479,height,4,32,width,4,8,imag,2,2,0,2.64546624607e-08,0.0,-8.79637251927e-10,-2.72776379262e-09,-2.24618101896e-08,-2.88001200666e-09,-1.19526673004e-08,-3.71642583374e-09,-8.79637251927e-10,2.72776379262e-09,3.92735682908e-06,0.0,5.15887137453e-08,-6.20919280436e-08,2.9856021655e-08,-3.8504271771e-08,-2.24618101896e-08,2.88001200666e-09,5.15887137453e-08,6.20919280436e-08,4.48261789643e-06,0.0,2.53448405374e-07,1.10438662659e-08,-1.19526673004e-08,3.71642583374e-09,2.9856021655e-08,3.8504271771e-08,2.53448405374e-07,-1.10438662659e-08,5.25131508766e-06,0.0
1625185986319682499,height,4,32,width,4,8,imag,2,2,0,0.000493734783959,0.0,0.00106272811536,0.00955891888589,-0.00559795834124,0.0121720321476,-0.0062716761604,-0.00381661579013,0.00106272811536,-0.00955891888589,0.188149005175,0.0,0.224555686116,0.13511185348,-0.0869751721621,0.112578064203,-0.00559795834124,-0.0121720321476,0.224555686116,-0.13511185348,0.36735662818,0.0,-0.0229106843472,0.196848526597,-0.0062716761604,0.00381661579013,-0.0869751721621,-0.112578064203,-0.0229106843472,-0.196848526597,0.109946638346,0.0
1625185986581087151,height,4,32,width,4,8,imag,2,2,0,0.000521379814018,0.0,0.00106702372432,0.0100877247751,-0.00600886018947,0.0128113143146,-0.0066388277337,-0.00399649236351,0.00106702372432,-0.0100877247751,0.198218345642,0.0,0.236602529883,0.143055051565,-0.0904962867498,0.119582228363,-0.00600886018947,-0.0128113143146,0.236602529883,-0.143055051565,0.388069212437,0.0,-0.0216516964138,0.208076477051,-0.0066388277337,0.00399649236351,-0.0904962867498,-0.119582228363,-0.0216516964138,-0.208076477051,0.1159837991,0.0
1625185986838913247,height,4,32,width,4,8,imag,2,2,0,0.000516819825862,0.0,0.00108667323366,0.0100001078099,-0.00590164586902,0.0127299679443,-0.00658198213205,-0.0039450218901,0.00108667323366,-0.0100001078099,0.19664670527,0.0,0.234944656491,0.141540706158,-0.0897499322891,0.118357509375,-0.00590164586902,-0.0127299679443,0.234944656491,-0.141540706158,0.384904980659,0.0,-0.0219816882163,0.206031516194,-0.00658198213205,0.0039450218901,-0.0897499322891,-0.118357509375,-0.0219816882163,-0.206031516194,0.114782802761,0.0
1625185987093281234,height,4,32,width,4,8,imag,2,2,0,0.000517817039508,0.0,0.00113405589946,0.0100245596841,-0.00584440352395,0.0127788595855,-0.00657746056095,-0.00398123590276,0.00113405589946,-0.0100245596841,0.197348639369,0.0,0.235545381904,0.141671150923,-0.0910595059395,0.117984309793,-0.00584440352395,-0.0127788595855,0.235545381904,-0.141671150923,0.38540327549,0.0,-0.0239386446774,0.206200137734,-0.00657746056095,0.00398123590276,-0.0910595059395,-0.117984309793,-0.0239386446774,-0.206200137734,0.114945448935,0.0
1625185987344466765,height,4,32,width,4,8,imag,2,2,0,0.000524130824488,0.0,0.00110727001447,0.0101531948894,-0.00600897148252,0.0129046915099,-0.00667200610042,-0.004001211375,0.00110727001447,-0.0101531948894,0.199819430709,0.0,0.238233938813,0.144194871187,-0.0911924391985,0.120168328285,-0.00600897148252,-0.0129046915099,0.238233938813,-0.144194871187,0.390727728605,0.0,-0.0219522565603,0.209117248654,-0.00667200610042,0.004001211375,-0.0911924391985,-0.120168328285,-0.0219522565603,-0.209117248654,0.116247802973,0.0
1625185987599422185,height,4,32,width,4,8,imag,2,2,0,2.63594710503e-08,0.0,2.45090259199e-09,-5.01445285295e-09,-2.5486860622e-08,-2.73797917671e-09,-9.00913921242e-09,-2.00646965709e-09,2.45090259199e-09,5.01445285295e-09,3.96974292016e-06,0.0,3.23796776058e-08,-8.42171417048e-08,1.69552336615e-08,1.25574688425e-08,-2.5486860622e-08,2.73797917671e-09,3.23796776058e-08,8.42171417048e-08,4.45891009804e-06,0.0,2.27676608233e-07,1.41819969102e-08,-9.00913921242e-09,2.00646965709e-09,1.69552336615e-08,-1.25574688425e-08,2.27676608233e-07,-1.41819969102e-08,5.24338702235e-06,0.0
1625185987862082969,height,4,32,width,4,8,imag,2,2,0,2.66709427876e-08,0.0,3.91153776036e-10,-2.67642685792e-09,-1.98481089342e-08,-5.38698419206e-10,-8.352893488e-09,-3.8653702461e-09,3.91153776036e-10,2.67642685792e-09,3.95377674067e-06,0.0,3.39776740077e-08,-7.75378055096e-08,3.71176263059e-08,-3.66897334736e-09,-1.98481089342e-08,5.38698419206e-10,3.39776740077e-08,7.75378055096e-08,4.45336399935e-06,0.0,2.22460172949e-07,1.94308373835e-08,-8.352893488e-09,3.8653702461e-09,3.71176263059e-08,3.66897334736e-09,2.22460172949e-07,-1.94308373835e-08,5.22199252373e-06,0.0
1625185988110638631,height,4,32,width,4,8,imag,2,2,0,2.67442690216e-08,0.0,-1.08304143431e-09,5.65395785745e-10,-1.94051157365e-08,-3.68812203e-09,-7.88397880314e-09,-2.84331691525e-09,-1.08304143431e-09,-5.65395785745e-10,3.93093296225e-06,0.0,1.7442172151e-08,-5.52801679987e-08,-2.05095620487e-08,-3.74819464355e-08,-1.94051157365e-08,3.68812203e-09,1.7442172151e-08,5.52801679987e-08,4.47662341685e-06,0.0,2.18946951236e-07,1.94459843783e-08,-7.88397880314e-09,2.84331691525e-09,-2.05095620487e-08,3.74819464355e-08,2.18946951236e-07,-1.94459843783e-08,5.23186736245e-06,0.0
1625185988374371145,height,4,32,width,4,8,imag,2,2,0,2.65865978122e-08,0.0,-1.39379874309e-09,-1.35190225681e-09,-2.43354918439e-08,-4.54660487037e-09,-1.28466535187e-08,-6.15690032291e-09,-1.39379874309e-09,1.35190225681e-09,3.92600259147e-06,0.0,-4.87628215584e-10,-6.66303847652e-08,-4.99045826885e-09,-4.86994906623e-08,-2.43354918439e-08,4.54660487037e-09,-4.87628215584e-10,6.66303847652e-08,4.492905191e-06,0.0,2.47717139246e-07,-2.04521235503e-08,-1.28466535187e-08,6.15690032291e-09,-4.99045826885e-09,4.86994906623e-08,2.47717139246e-07,2.04521235503e-08,5.26204121343e-06,0.0
1625185988610249242,height,4,32,width,4,8,imag,2,2,0,2.66216630962e-08,0.0,-2.24508323043e-09,-6.15164807982e-09,-2.29166019494e-08,-5.75619463206e-09,-1.18248593139e-08,-1.1664607058e-09,-2.24508323043e-09,6.15164807982e-09,3.93810296373e-06,0.0,4.96624856794e-08,-1.04746980867e-07,1.99315142169e-08,-8.34943492123e-09,-2.29166019494e-08,5.75619463206e-09,4.96624856794e-08,1.04746980867e-07,4.45772775493e-06,0.0,2.50669501156e-07,1.97900416055e-08,-1.18248593139e-08,1.1664607058e-09,1.99315142169e-08,8.34943492123e-09,2.50669501156e-07,-1.97900416055e-08,5.2741906984e-06,0.0
1625185988861844254,height,4,32,width,4,8,imag,2,2,0,2.6672731579e-08,0.0,-1.38279299122e-09,1.62059521358e-09,-2.33946853001e-08,-5.25339416413e-09,-1.2560881224e-08,-2.95238633541e-09,-1.38279299122e-09,-1.62059521358e-09,3.9343321987e-06,0.0,6.07061281244e-08,-8.81571438072e-08,-1.0058156974e-08,8.35794367049e-09,-2.33946853001e-08,5.25339416413e-09,6.07061281244e-08,8.81571438072e-08,4.42055034e-06,0.0,2.2762850449e-07,5.02128258972e-08,-1.2560881224e-08,2.95238633541e-09,-1.0058156974e-08,-8.35794367049e-09,2.2762850449e-07,-5.02128258972e-08,5.21706670042e-06,0.0
1625185989117519016,height,4,32,width,4,8,imag,2,2,0,2.65040007719e-08,0.0,1.10371189965e-09,1.53887805276e-10,-2.58715981971e-08,-5.65915225792e-09,-9.40260402871e-09,-3.45192230355e-09,1.10371189965e-09,-1.53887805276e-10,3.98266456614e-06,0.0,8.94737794965e-08,-5.52318262237e-08,3.53870177605e-08,-2.02158378926e-08,-2.58715981971e-08,5.65915225792e-09,8.94737794965e-08,5.52318262237e-08,4.41598422185e-06,0.0,2.19717549044e-07,5.57766277609e-08,-9.40260402871e-09,3.45192230355e-09,3.53870177605e-08,2.02158378926e-08,2.19717549044e-07,-5.57766277609e-08,5.24951292391e-06,0.0
1625185989285356785,height,4,32,width,4,8,imag,2,2,0,2.64119695004e-08,0.0,2.44718934006e-09,-6.03645522457e-10,-2.11805577521e-08,-1.30235999762e-09,-1.52577275259e-08,-5.63213653493e-09,2.44718934006e-09,6.03645522457e-10,3.97204348701e-06,0.0,5.52316770097e-08,-6.79669938108e-08,2.35572841234e-08,-1.25977939192e-08,-2.11805577521e-08,1.30235999762e-09,5.52316770097e-08,6.79669938108e-08,4.44074657935e-06,0.0,2.13560909401e-07,1.03301509569e-07,-1.52577275259e-08,5.63213653493e-09,2.35572841234e-08,1.25977939192e-08,2.13560909401e-07,-1.03301509569e-07,5.24955885339e-06,0.0
1625185989533964128,height,4,32,width,4,8,imag,2,2,0,2.65899000595e-08,0.0,1.01962860377e-09,-5.12352549276e-10,-2.12555804069e-08,-4.38285763238e-09,-1.06613793349e-08,-1.74918812768e-09,1.01962860377e-09,5.12352549276e-10,3.93337768401e-06,0.0,3.15152384189e-08,-1.07797113458e-07,2.69423132693e-08,-5.25945287322e-09,-2.12555804069e-08,4.38285763238e-09,3.15152384189e-08,1.07797113458e-07,4.45500563728e-06,0.0,2.35659186387e-07,7.83894407164e-08,-1.06613793349e-08,1.74918812768e-09,2.69423132693e-08,5.25945287322e-09,2.35659186387e-07,-7.83894407164e-08,5.23959170096e-06,0.0
1625185989790643393,height,4,32,width,4,8,imag,2,2,0,2.66961102113e-08,0.0,-5.47214461244e-11,-1.6012093873e-09,-2.28046577178e-08,-2.94934698886e-09,-1.21377317086e-08,-1.83640258555e-09,-5.47214461244e-11,1.6012093873e-09,3.92345282307e-06,0.0,4.26255013508e-08,-1.16107628401e-07,1.56367487847e-08,3.17383719306e-09,-2.28046577178e-08,2.94934698886e-09,4.26255013508e-08,1.16107628401e-07,4.47829052064e-06,0.0,2.30178883953e-07,4.57755398031e-08,-1.21377317086e-08,1.83640258555e-09,1.56367487847e-08,-3.17383719306e-09,2.30178883953e-07,-4.57755398031e-08,5.1692722991e-06,0.0
1625185990015118827,height,4,32,width,4,8,imag,2,2,0,2.66553694672e-08,0.0,2.1775732606e-10,-3.22966453581e-09,-2.27899654703e-08,-3.46398953965e-09,-1.08416697842e-08,-1.07891429124e-09,2.1775732606e-10,3.22966453581e-09,3.94695689465e-06,0.0,5.83779495855e-08,-9.41753484085e-08,1.55140682523e-08,-3.33033689515e-09,-2.27899654703e-08,3.46398953965e-09,5.83779495855e-08,9.41753484085e-08,4.48902983408e-06,0.0,2.40969029619e-07,2.89945334409e-09,-1.08416697842e-08,1.07891429124e-09,1.55140682523e-08,3.33033689515e-09,2.40969029619e-07,-2.89945334409e-09,5.32247668161e-06,0.0
1625185990271374421,height,4,32,width,4,8,imag,2,2,0,2.67233701834e-08,0.0,-6.93798130058e-10,-3.4488460976e-09,-2.0964874281e-08,-5.31324939601e-09,-1.15552669655e-08,-4.12814626927e-09,-6.93798130058e-10,3.4488460976e-09,3.92526226278e-06,0.0,7.88372602756e-08,-8.07676698855e-08,3.28058860077e-08,5.29160075757e-08,-2.0964874281e-08,5.31324939601e-09,7.88372602756e-08,8.07676698855e-08,4.41779411631e-06,0.0,2.20562384357e-07,6.76995171034e-08,-1.15552669655e-08,4.12814626927e-09,3.28058860077e-08,-5.29160075757e-08,2.20562384357e-07,-6.76995171034e-08,5.20090407008e-06,0.0
1625185990526150062,height,4,32,width,4,8,imag,2,2,0,2.66346020794e-08,0.0,1.75480840969e-09,-2.10807948875e-09,-2.56092640427e-08,-3.4948779426e-09,-7.07842184866e-09,-1.37690059354e-09,1.75480840969e-09,2.10807948875e-09,3.95822235078e-06,0.0,1.58023549801e-08,-7.53172244572e-08,-2.37415225257e-08,-3.07990326576e-08,-2.56092640427e-08,3.4948779426e-09,1.58023549801e-08,7.53172244572e-08,4.46416652267e-06,0.0,2.15272677906e-07,1.76145391606e-08,-7.07842184866e-09,1.37690059354e-09,-2.37415225257e-08,3.07990326576e-08,2.15272677906e-07,-1.76145391606e-08,5.21826541444e-06,0.0
1625185990781217518,height,4,32,width,4,8,imag,2,2,0,0.000531116267666,0.0,0.00107072119135,0.0102321114391,-0.00609238352627,0.0129745127633,-0.00674512470141,-0.00395788997412,0.00107072119135,-0.0102321114391,0.200108289719,0.0,0.238658770919,0.144085466862,-0.0894343554974,0.121316470206,-0.00609238352627,-0.0129745127633,0.238658770919,-0.144085466862,0.39095890522,0.0,-0.0192560721189,0.209111228585,-0.00674512470141,0.00395788997412,-0.0894343554974,-0.121316470206,-0.0192560721189,-0.209111228585,0.11594595015,0.0
1625185991035884167,height,4,32,width,4,8,imag,2,2,0,0.000530686229467,0.0,0.000953251030296,0.0102022504434,-0.00622932286933,0.0129111204296,-0.00674677686766,-0.00396532239392,0.000953251030296,-0.0102022504434,0.198629274964,0.0,0.237966969609,0.143477857113,-0.0879520997405,0.121954217553,-0.00622932286933,-0.0129111204296,0.237966969609,-0.143477857113,0.39139559865,0.0,-0.0172205436975,0.209651187062,-0.00674677686766,0.00396532239392,-0.0879520997405,-0.121954217553,-0.0172205436975,-0.209651187062,0.116173714399,0.0
1625185991293865152,height,4,32,width,4,8,imag,2,2,0,0.000531165802386,0.0,0.000980159617029,0.010204016231,-0.00619653752074,0.0129227507859,-0.0067505016923,-0.00399112887681,0.000980159617029,-0.010204016231,0.198659107089,0.0,0.237808048725,0.143438100815,-0.0887295156717,0.121654249728,-0.00619653752074,-0.0129227507859,0.237808048725,-0.143438100815,0.390807330608,0.0,-0.0183117575943,0.209722161293,-0.0067505016923,0.00399112887681,-0.0887295156717,-0.121654249728,-0.0183117575943,-0.209722161293,0.116566896439,0.0
1625185991555588224,height,4,32,width,4,8,imag,2,2,0,0.000528176256921,0.0,0.00100215442944,0.0101334583014,-0.00613678898662,0.012855743058,-0.00671045435593,-0.0039686546661,0.00100215442944,-0.0101334583014,0.197145357728,0.0,0.235990688205,0.142692416906,-0.0884458422661,0.120551370084,-0.00613678898662,-0.012855743058,0.235990688205,-0.142692416906,0.388347864151,0.0,-0.0185649618506,0.208343967795,-0.00671045435593,0.0039686546661,-0.0884458422661,-0.120551370084,-0.0185649618506,-0.208343967795,0.115899085999,0.0
1625185991811992110,height,4,32,width,4,8,imag,2,2,0,0.000527800817508,0.0,0.00093860598281,0.0101405922323,-0.00617968430743,0.0128252441064,-0.00669797696173,-0.00396555103362,0.00093860598281,-0.0101405922323,0.197315886617,0.0,0.236402899027,0.142095506191,-0.0877127349377,0.120968870819,-0.00617968430743,-0.0128252441064,0.236402899027,-0.142095506191,0.388157755136,0.0,-0.0179231353104,0.208111092448,-0.00669797696173,0.00396555103362,-0.0877127349377,-0.120968870819,-0.0179231353104,-0.208111092448,0.115585885942,0.0
1625185992065740578,height,4,32,width,4,8,imag,2,2,0,2.66468465071e-08,0.0,-2.05924033381e-09,-2.54829157775e-09,-1.87641155946e-08,-2.82454259981e-09,-1.26251675781e-08,-3.58549145929e-09,-2.05924033381e-09,2.54829157775e-09,3.90213926948e-06,0.0,2.53971599307e-08,-8.06975393175e-08,3.98673947188e-08,7.83602960297e-09,-1.87641155946e-08,2.82454259981e-09,2.53971599307e-08,8.06975393175e-08,4.46267267762e-06,0.0,1.78903192705e-07,3.28599618626e-08,-1.26251675781e-08,3.58549145929e-09,3.98673947188e-08,-7.83602960297e-09,1.78903192705e-07,-3.28599618626e-08,5.29053522769e-06,0.0
1625185992317024667,height,4,32,width,4,8,imag,2,2,0,2.65942539102e-08,0.0,6.31637575577e-10,-1.29508415103e-09,-2.31259633665e-08,-4.79174966372e-09,-1.21910002093e-08,-4.16825329808e-09,6.31637575577e-10,1.29508415103e-09,3.9156202547e-06,0.0,5.96216693793e-08,-7.32335081466e-08,6.97511808312e-08,-4.23103152514e-08,-2.31259633665e-08,4.79174966372e-09,5.96216693793e-08,7.32335081466e-08,4.48411310572e-06,0.0,2.25752842198e-07,-3.05487996011e-10,-1.21910002093e-08,4.16825329808e-09,6.97511808312e-08,4.23103152514e-08,2.25752842198e-07,3.05487996011e-10,5.23208746017e-06,0.0
1625185992461666217,height,4,32,width,4,8,imag,2,2,0,2.65619775064e-08,0.0,-9.27282362007e-10,-2.98904428986e-10,-2.13385771275e-08,-2.1839214881e-09,-1.38376714531e-08,-1.85373416617e-09,-9.27282362007e-10,2.98904428986e-10,3.98543943447e-06,0.0,5.37022941671e-08,-8.62342091068e-08,-1.09270459347e-08,-9.75349667698e-09,-2.13385771275e-08,2.1839214881e-09,5.37022941671e-08,8.62342091068e-08,4.44680836154e-06,0.0,2.32469517414e-07,1.78777748161e-09,-1.38376714531e-08,1.85373416617e-09,-1.09270459347e-08,9.75349667698e-09,2.32469517414e-07,-1.78777748161e-09,5.21648917129e-06,0.0
1625185992700828277,height,4,32,width,4,8,imag,2,2,0,2.67883368821e-08,0.0,3.98352080488e-11,-3.92618693112e-09,-2.24025544782e-08,-4.87678519789e-09,-8.66270344346e-09,-5.09967068574e-12,3.98352080488e-11,3.92618693112e-09,3.9258347897e-06,0.0,7.21356698818e-08,-7.12548242632e-08,4.23445740694e-08,-4.34391083104e-08,-2.24025544782e-08,4.87678519789e-09,7.21356698818e-08,7.12548242632e-08,4.42732152806e-06,0.0,2.69211284376e-07,2.74162772484e-08,-8.66270344346e-09,5.09967068574e-12,4.23445740694e-08,4.34391083104e-08,2.69211284376e-07,-2.74162772484e-08,5.1892020565e-06,0.0
1625185992963004036,height,4,32,width,4,8,imag,2,2,0,2.68586131114e-08,0.0,5.34553346032e-10,5.83845027879e-10,-2.49185312384e-08,-2.33081687284e-09,-1.03904387316e-08,-3.34631300447e-09,5.34553346032e-10,-5.83845027879e-10,3.9140404624e-06,0.0,2.46948665961e-08,-8.09973599303e-08,-3.73578856738e-09,1.16000027361e-08,-2.49185312384e-08,2.33081687284e-09,2.46948665961e-08,8.09973599303e-08,4.44309853265e-06,0.0,2.35998385278e-07,2.88796666581e-08,-1.03904387316e-08,3.34631300447e-09,-3.73578856738e-09,-1.16000027361e-08,2.35998385278e-07,-2.88796666581e-08,5.19606692251e-06,0.0
1625185993219563154,height,4,32,width,4,8,imag,2,2,0,2.65519979337e-08,0.0,1.29945304517e-10,-4.10714129373e-09,-2.50538203517e-08,-4.37678471243e-09,-8.62330207241e-09,-1.01427910515e-09,1.29945304517e-10,4.10714129373e-09,3.94708786189e-06,0.0,2.7413422643e-08,-1.62104072388e-08,5.00139485382e-08,2.27460397184e-08,-2.50538203517e-08,4.37678471243e-09,2.7413422643e-08,1.62104072388e-08,4.42989221483e-06,0.0,2.02962638696e-07,8.73292826942e-11,-8.62330207241e-09,1.01427910515e-09,5.00139485382e-08,-2.27460397184e-08,2.02962638696e-07,-8.73292826942e-11,5.15690908287e-06,0.0
1625185993467885073,height,4,32,width,4,8,imag,2,2,0,2.6583585111e-08,0.0,1.15191667316e-09,-2.3370561042e-09,-2.32533281519e-08,-4.27441415596e-09,-1.14364162584e-08,-7.25345028485e-09,1.15191667316e-09,2.3370561042e-09,3.9232504605e-06,0.0,4.8629313909e-08,-5.71116522963e-08,-5.30507582308e-10,-3.41040369278e-08,-2.32533281519e-08,4.27441415596e-09,4.8629313909e-08,5.71116522963e-08,4.5018146011e-06,0.0,2.11114553395e-07,1.02177102335e-08,-1.14364162584e-08,7.25345028485e-09,-5.30507582308e-10,3.41040369278e-08,2.11114553395e-07,-1.02177102335e-08,5.24405822944e-06,0.0
1625185993725152301,height,4,32,width,4,8,imag,2,2,0,2.64722359589e-08,0.0,-1.44473422115e-09,1.03358754888e-09,-2.1511018744e-08,-2.85582157922e-09,-8.73869687723e-09,-3.44796369234e-09,-1.44473422115e-09,-1.03358754888e-09,3.92037236452e-06,0.0,1.73088232636e-09,-8.90949110044e-08,1.33664137536e-08,1.54656962792e-08,-2.1511018744e-08,2.85582157922e-09,1.73088232636e-09,8.90949110044e-08,4.42057989858e-06,0.0,2.96581873727e-07,3.67971750848e-08,-8.73869687723e-09,3.44796369234e-09,1.33664137536e-08,-1.54656962792e-08,2.96581873727e-07,-3.67971750848e-08,5.18800516147e-06,0.0
1625185993980694565,height,4,32,width,4,8,imag,2,2,0,2.66268358473e-08,0.0,-3.51168261137e-10,-2.06965803003e-12,-2.21796039312e-08,-3.78390918598e-09,-1.0380504456e-08,-1.34963407117e-09,-3.51168261137e-10,2.06965803003e-12,3.91580442738e-06,0.0,4.52789166161e-08,-5.60874653388e-08,2.30395560408e-08,-1.92452880299e-08,-2.21796039312e-08,3.78390918598e-09,4.52789166161e-08,5.60874653388e-08,4.43826138508e-06,0.0,2.53113540793e-07,6.90871004849e-08,-1.0380504456e-08,1.34963407117e-09,2.30395560408e-08,1.92452880299e-08,2.53113540793e-07,-6.90871004849e-08,5.22139362147e-06,0.0
1625185994240855106,height,4,32,width,4,8,imag,2,2,0,2.65735806693e-08,0.0,-1.59955881873e-09,-2.47374720708e-09,-2.09369392934e-08,-4.61601157298e-09,-1.14475531277e-08,-4.03755606726e-09,-1.59955881873e-09,2.47374720708e-09,3.92649599235e-06,0.0,4.76368313684e-08,-1.03464721235e-07,1.81649895126e-08,-4.66954519496e-09,-2.09369392934e-08,4.61601157298e-09,4.76368313684e-08,1.03464721235e-07,4.44010947831e-06,0.0,1.86131359214e-07,2.48967495509e-08,-1.14475531277e-08,4.03755606726e-09,1.81649895126e-08,4.66954519496e-09,1.86131359214e-07,-2.48967495509e-08,5.17881608175e-06,0.0
1625185994375261922,height,4,32,width,4,8,imag,2,2,0,2.66120316894e-08,0.0,1.51179724295e-09,1.99369187825e-09,-2.60534775975e-08,-1.02835528981e-09,-9.82974590613e-09,-8.50243764283e-10,1.51179724295e-09,-1.99369187825e-09,3.99044347432e-06,0.0,5.003675696e-08,-9.60068433642e-08,-7.31171212465e-09,-1.88580457916e-08,-2.60534775975e-08,1.02835528981e-09,5.003675696e-08,9.60068433642e-08,4.48244327345e-06,0.0,1.87263736962e-07,3.22699236222e-08,-9.82974590613e-09,8.50243764283e-10,-7.31171212465e-09,1.88580457916e-08,1.87263736962e-07,-3.22699236222e-08,5.23171638633e-06,0.0
1625185994622682464,height,4,32,width,4,8,imag,2,2,0,2.66619224476e-08,0.0,-2.33940067318e-09,-2.79379563928e-09,-2.56233523288e-08,-5.22233456479e-09,-9.9426982203e-09,-3.6645122492e-09,-2.33940067318e-09,2.79379563928e-09,3.97504027205e-06,0.0,2.93367463655e-08,-6.11627939406e-08,-3.14164374515e-08,-5.29902450808e-08,-2.56233523288e-08,5.22233456479e-09,2.93367463655e-08,6.11627939406e-08,4.44656188847e-06,0.0,2.00583713195e-07,2.60275090369e-08,-9.9426982203e-09,3.6645122492e-09,-3.14164374515e-08,5.29902450808e-08,2.00583713195e-07,-2.60275090369e-08,5.22989193996e-06,0.0
1625185994877124961,height,4,32,width,4,8,imag,2,2,0,2.63060133676e-08,0.0,-2.06745642828e-09,-2.12650186349e-09,-1.99121412692e-08,-3.55623486215e-09,-1.2178633213e-08,-1.75615944009e-09,-2.06745642828e-09,2.12650186349e-09,3.91614139517e-06,0.0,8.59501270156e-08,-1.0247627813e-07,-6.2465754791e-11,2.59305501515e-08,-1.99121412692e-08,3.55623486215e-09,8.59501270156e-08,1.0247627813e-07,4.50320658274e-06,0.0,2.29009586405e-07,4.745608706e-08,-1.2178633213e-08,1.75615944009e-09,-6.2465754791e-11,-2.59305501515e-08,2.29009586405e-07,-4.745608706e-08,5.23589005752e-06,0.0
1625185995133366100,height,4,32,width,4,8,imag,2,2,0,0.000147742030094,0.0,0.000312399643008,0.00282213906758,-0.00163950968999,0.00360504677519,-0.00184910942335,-0.00111965753604,0.000312399643008,-0.00282213906758,0.054819945246,0.0,0.0656973645091,0.0391088984907,-0.0251827687025,0.0327567383647,-0.00163950968999,-0.00360504677519,0.0656973645091,-0.0391088984907,0.107314504683,0.0,-0.00679460028186,0.0572252385318,-0.00184910942335,0.00111965753604,-0.0251827687025,-0.0327567383647,-0.00679460028186,-0.0572252385318,0.0318775475025,0.0
1625185995394395910,height,4,32,width,4,8,imag,2,2,0,0.000537660787813,0.0,0.00105082371738,0.0102743050084,-0.0060551026836,0.0130835091695,-0.00676529016346,-0.00401344802231,0.00105082371738,-0.0102743050084,0.199190169573,0.0,0.23916195333,0.141814753413,-0.0895038992167,0.120796725154,-0.0060551026836,-0.0130835091695,0.23916195333,-0.141814753413,0.390677541494,0.0,-0.0213953796774,0.208758115768,-0.00676529016346,0.00401344802231,-0.0895038992167,-0.120796725154,-0.0213953796774,-0.208758115768,0.115868464112,0.0
1625185995651777655,height,4,32,width,4,8,imag,2,2,0,0.000533080601599,0.0,0.00107772706542,0.0101819289848,-0.00599367590621,0.0129824858159,-0.00667942408472,-0.00401580985636,0.00107772706542,-0.0101819289848,0.197532951832,0.0,0.236900791526,0.141313031316,-0.0897526964545,0.11876577884,-0.00599367590621,-0.0129824858159,0.236900791526,-0.141313031316,0.38753208518,0.0,-0.0226220190525,0.206669673324,-0.00667942408472,0.00401580985636,-0.0897526964545,-0.11876577884,-0.0226220190525,-0.206669673324,0.114796757698,0.0
1625185995899060826,height,4,32,width,4,8,imag,2,2,0,0.000535739178304,0.0,0.00103709381074,0.0102508887649,-0.00607488444075,0.0130526730791,-0.00674803229049,-0.00398663477972,0.00103709381074,-0.0102508887649,0.198963716626,0.0,0.238972321153,0.142037764192,-0.0889259204268,0.120754562318,-0.00607488444075,-0.0130526730791,0.238972321153,-0.142037764192,0.390968620777,0.0,-0.0205310788006,0.208551585674,-0.00674803229049,0.00398663477972,-0.0889259204268,-0.120754562318,-0.0205310788006,-0.208551585674,0.115453593433,0.0
1625185996060463259,height,4,32,width,4,8,imag,2,2,0,0.000527545635123,0.0,0.00103594432585,0.0100878514349,-0.00597053114325,0.0128451948985,-0.00664413068444,-0.00391324330121,0.00103594432585,-0.0100878514349,0.195781216025,0.0,0.234915137291,0.139957770705,-0.0874725133181,0.118687599897,-0.00597053114325,-0.0128451948985,0.234915137291,-0.139957770705,0.384451150894,0.0,-0.0200578458607,0.204973772168,-0.00664413068444,0.00391324330121,-0.0874725133181,-0.118687599897,-0.0200578458607,-0.204973772168,0.11350813508,0.0
1625185996284154117,height,4,32,width,4,8,imag,2,2,0,0.000534729508217,0.0,0.00114747148473,0.0102357249707,-0.00595390005037,0.0130877252668,-0.00673095649108,-0.00397440139204,0.00114747148473,-0.0102357249707,0.199192047119,0.0,0.238706097007,0.142591059208,-0.0901162102818,0.119687601924,-0.00595390005037,-0.0130877252668,0.238706097007,-0.142591059208,0.390773653984,0.0,-0.0222633779049,0.207959666848,-0.00673095649108,0.00397440139204,-0.0901162102818,-0.119687601924,-0.0222633779049,-0.207959666848,0.115030452609,0.0
1625185996542145835,height,4,32,width,4,8,imag,2,2,0,2.67620592354e-08,0.0,-2.28872387709e-09,-1.447516218e-09,-2.07584704981e-08,-4.82280704261e-09,-1.27453443355e-08,-3.41345351984e-09,-2.28872387709e-09,1.447516218e-09,3.92268839278e-06,0.0,7.90009195839e-08,-1.02480996134e-07,2.08286632386e-08,-2.4431169976e-08,-2.07584704981e-08,4.82280704261e-09,7.90009195839e-08,1.02480996134e-07,4.48627497462e-06,0.0,2.64471708533e-07,1.46229011122e-08,-1.27453443355e-08,3.41345351984e-09,2.08286632386e-08,2.4431169976e-08,2.64471708533e-07,-1.46229011122e-08,5.26925987288e-06,0.0
1625185996799026296,height,4,32,width,4,8,imag,2,2,0,2.6795031971e-08,0.0,1.31893451716e-09,-7.71235875163e-09,-2.34568773294e-08,-4.55493598395e-09,-7.85057707731e-09,-1.57713497817e-09,1.31893451716e-09,7.71235875163e-09,3.94004200643e-06,0.0,2.26022631722e-08,-7.81566953378e-08,3.6522145308e-08,3.18904125329e-09,-2.34568773294e-08,4.55493598395e-09,2.26022631722e-08,7.81566953378e-08,4.48500304628e-06,0.0,2.26831517125e-07,2.69974158584e-08,-7.85057707731e-09,1.57713497817e-09,3.6522145308e-08,-3.18904125329e-09,2.26831517125e-07,-2.69974158584e-08,5.28242071596e-06,0.0
1625185997052696074,height,4,32,width,4,8,imag,2,2,0,2.6509123785e-08,0.0,-2.84099077597e-09,-2.26888596799e-09,-2.48881129039e-08,-2.94862156913e-09,-1.11569047334e-08,-3.40928352216e-09,-2.84099077597e-09,2.26888596799e-09,3.93849541069e-06,0.0,5.86658543966e-08,-1.09625219125e-07,2.50581533301e-09,1.5398043729e-08,-2.48881129039e-08,2.94862156913e-09,5.86658543966e-08,1.09625219125e-07,4.48586843049e-06,0.0,2.02702935326e-07,6.48407123549e-08,-1.11569047334e-08,3.40928352216e-09,2.50581533301e-09,-1.5398043729e-08,2.02702935326e-07,-6.48407123549e-08,5.21646416018e-06,0.0
1625185997308522866,height,4,32,width,4,8,imag,2,2,0,2.63021444624e-08,0.0,3.19178260211e-11,-2.23053286952e-09,-2.22759108937e-08,-4.79955852839e-09,-1.20743965937e-08,-1.30150257238e-09,3.19178260211e-11,2.23053286952e-09,3.93426034861e-06,0.0,4.66928966603e-08,-4.88422848832e-08,-1.05648281234e-08,8.02821542578e-09,-2.22759108937e-08,4.79955852839e-09,4.66928966603e-08,4.88422848832e-08,4.4624871407e-06,0.0,2.05132735687e-07,-2.11716280063e-08,-1.20743965937e-08,1.30150257238e-09,-1.05648281234e-08,-8.02821542578e-09,2.05132735687e-07,2.11716280063e-08,5.21827314515e-06,0.0
1625185997566162151,height,4,32,width,4,8,imag,2,2,0,2.64556980767e-08,0.0,1.60219293388e-09,1.35005104318e-10,-2.34158488155e-08,-1.19035881152e-09,-1.08040563163e-08,-2.50537457447e-09,1.60219293388e-09,-1.35005104318e-10,3.95163260691e-06,0.0,2.15341824372e-08,-6.1556995945e-08,1.1262247801e-09,-2.41884805519e-08,-2.34158488155e-08,1.19035881152e-09,2.15341824372e-08,6.1556995945e-08,4.46880767413e-06,0.0,1.84961209015e-07,2.6754630511e-08,-1.08040563163e-08,2.50537457447e-09,1.1262247801e-09,2.41884805519e-08,1.84961209015e-07,-2.6754630511e-08,5.19533432453e-06,0.0
1625185997820438308,height,4,32,width,4,8,imag,2,2,0,2.64850790188e-08,0.0,-1.52098311723e-09,-3.38022254631e-09,-2.35169395069e-08,-4.6698316325e-09,-1.17266392152e-08,-1.78450643151e-09,-1.52098311723e-09,3.38022254631e-09,3.96093537347e-06,0.0,3.01097458077e-08,-8.87853133236e-08,-2.22463150124e-08,-4.9734904195e-08,-2.35169395069e-08,4.6698316325e-09,3.01097458077e-08,8.87853133236e-08,4.42729833594e-06,0.0,2.28534190683e-07,3.8224690968e-08,-1.17266392152e-08,1.78450643151e-09,-2.22463150124e-08,4.9734904195e-08,2.28534190683e-07,-3.8224690968e-08,5.21448328072e-06,0.0
1625185998080580407,height,4,32,width,4,8,imag,2,2,0,2.66647877112e-08,0.0,1.01915857698e-10,-3.53899354266e-09,-2.14550670563e-08,-7.12849645979e-09,-1.19504965923e-08,-1.6932735214e-09,1.01915857698e-10,3.53899354266e-09,3.9388883124e-06,0.0,9.87842030398e-10,-8.93281111303e-08,2.11200426037e-08,2.599295712e-08,-2.14550670563e-08,7.12849645979e-09,9.87842030398e-10,8.93281111303e-08,4.45806290372e-06,0.0,2.18391917883e-07,6.46727693621e-09,-1.19504965923e-08,1.6932735214e-09,2.11200426037e-08,-2.599295712e-08,2.18391917883e-07,-6.46727693621e-09,5.20711637364e-06,0.0
1625185998221192523,height,4,32,width,4,8,imag,2,2,0,2.67539146392e-08,0.0,-6.58912813201e-10,-2.43988140802e-09,-2.38002719755e-08,-3.44636297278e-09,-1.18005205607e-08,-4.89965268358e-09,-6.58912813201e-10,2.43988140802e-09,3.93317350245e-06,0.0,6.3369824943e-08,-6.52171081583e-08,2.09198880441e-08,-4.65138576544e-08,-2.38002719755e-08,3.44636297278e-09,6.3369824943e-08,6.52171081583e-08,4.48704986411e-06,0.0,2.53142957263e-07,1.3018242484e-08,-1.18005205607e-08,4.89965268358e-09,2.09198880441e-08,4.65138576544e-08,2.53142957263e-07,-1.3018242484e-08,5.19921150044e-06,0.0
1625185998487636570,height,4,32,width,4,8,imag,2,2,0,2.65042725545e-08,0.0,9.50313050474e-10,9.99114790901e-10,-2.62046651045e-08,-4.38009806203e-09,-1.09586943964e-08,-1.65768321292e-09,9.50313050474e-10,-9.99114790901e-10,3.98945803681e-06,0.0,4.81099284855e-08,-1.05784053517e-07,1.18485834477e-08,1.61016400213e-09,-2.62046651045e-08,4.38009806203e-09,4.81099284855e-08,1.05784053517e-07,4.45388650405e-06,0.0,1.56734714096e-07,5.59851613957e-08,-1.09586943964e-08,1.65768321292e-09,1.18485834477e-08,-1.61016400213e-09,1.56734714096e-07,-5.59851613957e-08,5.23074095327e-06,0.0
1625185998735049973,height,4,32,width,4,8,imag,2,2,0,2.66909818691e-08,0.0,2.03437133806e-09,-3.238227686e-09,-2.3912155811e-08,-1.80579495801e-09,-1.16793872351e-08,-7.8824080596e-10,2.03437133806e-09,3.238227686e-09,3.90209015677e-06,0.0,3.47572743919e-08,-8.23953953955e-08,2.11746673529e-08,1.96151308529e-08,-2.3912155811e-08,1.80579495801e-09,3.47572743919e-08,8.23953953955e-08,4.45327214038e-06,0.0,2.4608482363e-07,1.18100496049e-09,-1.16793872351e-08,7.8824080596e-10,2.11746673529e-08,-1.96151308529e-08,2.4608482363e-07,-1.18100496049e-09,5.29163935425e-06,0.0
1625185998991367922,height,4,32,width,4,8,imag,2,2,0,2.63461128469e-08,0.0,-2.33123825799e-10,-1.51847467933e-09,-2.48704150607e-08,-3.6069194298e-09,-1.02592903062e-08,-2.25969687406e-09,-2.33123825799e-10,1.51847467933e-09,3.93468781112e-06,0.0,5.35441770921e-08,-8.16961076566e-08,2.56463472681e-08,3.21979527484e-08,-2.48704150607e-08,3.6069194298e-09,5.35441770921e-08,8.16961076566e-08,4.43700855612e-06,0.0,2.37930848357e-07,2.15442188534e-08,-1.02592903062e-08,2.25969687406e-09,2.56463472681e-08,-3.21979527484e-08,2.37930848357e-07,-2.15442188534e-08,5.26044277649e-06,0.0
1625185999247555883,height,4,32,width,4,8,imag,2,2,0,2.68148916405e-08,0.0,7.03967439897e-10,-1.49735202015e-09,-2.1849345444e-08,-4.83437156973e-09,-8.71322392015e-09,-2.0794301836e-09,7.03967439897e-10,1.49735202015e-09,3.94097560275e-06,0.0,2.09611972224e-08,-6.36540917753e-08,2.76774763108e-08,-1.86591950779e-08,-2.1849345444e-08,4.83437156973e-09,2.09611972224e-08,6.36540917753e-08,4.47454885943e-06,0.0,1.9037052823e-07,3.27527232002e-08,-8.71322392015e-09,2.0794301836e-09,2.76774763108e-08,1.86591950779e-08,1.9037052823e-07,-3.27527232002e-08,5.23850394529e-06,0.0
1625185999503383071,height,4,32,width,4,8,imag,2,2,0,2.67701931733e-08,0.0,-1.31329713771e-09,-1.39553490985e-09,-2.26379874846e-08,-3.24329452184e-09,-1.09059268283e-08,-9.80567960163e-10,-1.31329713771e-09,1.39553490985e-09,3.93447908209e-06,0.0,9.80204983847e-09,-7.86094389582e-08,-4.08991276402e-08,-1.05012745166e-08,-2.26379874846e-08,3.24329452184e-09,9.80204983847e-09,7.86094389582e-08,4.42409236712e-06,0.0,2.28819757808e-07,7.73682771182e-08,-1.09059268283e-08,9.80567960163e-10,-4.08991276402e-08,1.05012745166e-08,2.28819757808e-07,-7.73682771182e-08,5.19438026458e-06,0.0
1625185999758464247,height,4,32,width,4,8,imag,2,2,0,0.000534284918103,0.0,0.000969519896898,0.0102200638503,-0.00620809337124,0.0129554327577,-0.00678021414205,-0.00384986354038,0.000969519896898,-0.0102200638503,0.198117733002,0.0,0.237602859735,0.142834946513,-0.0855418592691,0.121999755502,-0.00620809337124,-0.0129554327577,0.237602859735,-0.142834946513,0.390313267708,0.0,-0.0145484628156,0.207997649908,-0.00678021414205,0.00384986354038,-0.0855418592691,-0.121999755502,-0.0145484628156,-0.207997649908,0.114619493484,0.0
1625186000018481202,height,4,32,width,4,8,imag,2,2,0,0.000531397818122,0.0,0.00106540962588,0.0101425936446,-0.00600356748328,0.0129316579551,-0.00669268751517,-0.0038793948479,0.00106540962588,-0.0101425936446,0.196556642652,0.0,0.235788270831,0.141075149179,-0.0870538577437,0.119284547865,-0.00600356748328,-0.0129316579551,0.235788270831,-0.141075149179,0.386615544558,0.0,-0.0187554936856,0.205588668585,-0.00669268751517,0.0038793948479,-0.0870538577437,-0.119284547865,-0.0187554936856,-0.205588668585,0.11343088001,0.0
1625186000270978253,height,4,32,width,4,8,imag,2,2,0,0.000538381107617,0.0,0.00116910017096,0.0102542629465,-0.00596547871828,0.0131311528385,-0.0067412853241,-0.00398875400424,0.00116910017096,-0.0102542629465,0.198670580983,0.0,0.238130316138,0.142682418227,-0.0901992842555,0.119083583355,-0.00596547871828,-0.0131311528385,0.238130316138,-0.142682418227,0.390389680862,0.0,-0.0225295163691,0.207551956177,-0.0067412853241,0.00398875400424,-0.0901992842555,-0.119083583355,-0.0225295163691,-0.207551956177,0.114750370383,0.0
1625186000531762828,height,4,32,width,4,8,imag,2,2,0,0.000538697699085,0.0,0.0011185730109,0.0102518498898,-0.00607248023152,0.0130891324952,-0.00679328292608,-0.00393980229273,0.0011185730109,-0.0102518498898,0.198244035244,0.0,0.237469017506,0.143289983273,-0.0887006893754,0.12044442445,-0.00607248023152,-0.0130891324952,0.237469017506,-0.143289983273,0.390621423721,0.0,-0.0191326681525,0.208421453834,-0.00679328292608,0.00393980229273,-0.0887006893754,-0.12044442445,-0.0191326681525,-0.208421453834,0.115247435868,0.0
1625186000816544032,height,4,32,width,4,8,imag,2,2,0,0.000491422077175,0.0,0.000973492686171,0.00935494527221,-0.00552521273494,0.0119468849152,-0.00619242573157,-0.00359977968037,0.000973492686171,-0.00935494527221,0.180755883455,0.0,0.217376351357,0.129338681698,-0.0804277136922,0.110149636865,-0.00552521273494,-0.0119468849152,0.217376351357,-0.129338681698,0.356289416552,0.0,-0.0178438294679,0.190037846565,-0.00619242573157,0.00359977968037,-0.0804277136922,-0.110149636865,-0.0178438294679,-0.190037846565,0.105130061507,0.0
1625186001078091067,height,4,32,width,4,8,imag,2,2,0,2.68684150484e-08,0.0,-4.00194721806e-09,-1.81084769402e-09,-2.47451215074e-08,-4.36545410931e-10,-9.70026903246e-09,-5.69070301992e-09,-4.00194721806e-09,1.81084769402e-09,3.91728190152e-06,0.0,5.54400543251e-08,-7.74417685534e-08,3.38676819922e-08,-5.7391869035e-09,-2.47451215074e-08,4.36545410931e-10,5.54400543251e-08,7.74417685534e-08,4.45676505478e-06,0.0,2.82684879949e-07,7.4000475081e-08,-9.70026903246e-09,5.69070301992e-09,3.38676819922e-08,5.7391869035e-09,2.82684879949e-07,-7.4000475081e-08,5.22910431755e-06,0.0
1625186001296877958,height,4,32,width,4,8,imag,2,2,0,2.69130335795e-08,0.0,-2.64306376785e-09,-2.06693862026e-09,-2.60065338153e-08,-3.75529785046e-09,-1.2429560492e-08,-2.79874257103e-09,-2.64306376785e-09,2.06693862026e-09,3.98081965614e-06,0.0,4.83833666465e-08,-9.28219634488e-08,2.86415691164e-08,-5.7934688158e-08,-2.60065338153e-08,3.75529785046e-09,4.83833666465e-08,9.28219634488e-08,4.48098853667e-06,0.0,1.93406549442e-07,3.01361922084e-08,-1.2429560492e-08,2.79874257103e-09,2.86415691164e-08,5.7934688158e-08,1.93406549442e-07,-3.01361922084e-08,5.22401887793e-06,0.0
1625186001551459945,height,4,32,width,4,8,imag,2,2,0,2.68047859464e-08,0.0,1.19895274264e-10,-5.48087442098e-09,-2.45681359701e-08,-4.04458466718e-09,-1.06123447807e-08,-2.61519050859e-09,1.19895274264e-10,5.48087442098e-09,3.90586319554e-06,0.0,5.98864460244e-08,-1.27052871335e-07,3.53656979257e-08,-4.50487647186e-08,-2.45681359701e-08,4.04458466718e-09,5.98864460244e-08,1.27052871335e-07,4.4157609409e-06,0.0,2.39929107693e-07,3.81632077051e-08,-1.06123447807e-08,2.61519050859e-09,3.53656979257e-08,4.50487647186e-08,2.39929107693e-07,-3.81632077051e-08,5.25338327861e-06,0.0
1625186001812630367,height,4,32,width,4,8,imag,2,2,0,2.65800448318e-08,0.0,-2.16288498223e-09,-4.19828571907e-09,-2.61488821707e-08,-3.9921173034e-09,-9.64918012158e-09,-2.20801998907e-09,-2.16288498223e-09,4.19828571907e-09,3.95811366616e-06,0.0,3.41012906802e-08,-7.5846124048e-08,-2.76226197471e-09,2.77776326385e-08,-2.61488821707e-08,3.9921173034e-09,3.41012906802e-08,7.5846124048e-08,4.46484727945e-06,0.0,2.12209968709e-07,1.80069417155e-08,-9.64918012158e-09,2.20801998907e-09,-2.76226197471e-09,-2.77776326385e-08,2.12209968709e-07,-1.80069417155e-08,5.1839842854e-06,0.0
1625186002064272901,height,4,32,width,4,8,imag,2,2,0,2.67117421515e-08,0.0,-3.43112760426e-10,-2.81748824271e-09,-2.51050487066e-08,-4.74071892853e-09,-1.16679741424e-08,-6.34871710758e-10,-3.43112760426e-10,2.81748824271e-09,3.90302420783e-06,0.0,5.09528845782e-08,-9.57089483222e-08,-1.88985627148e-08,-4.40639453814e-08,-2.51050487066e-08,4.74071892853e-09,5.09528845782e-08,9.57089483222e-08,4.48222272098e-06,0.0,2.61846196281e-07,5.39134852318e-08,-1.16679741424e-08,6.34871710758e-10,-1.88985627148e-08,4.40639453814e-08,2.61846196281e-07,-5.39134852318e-08,5.3033822951e-06,0.0
1625186002301648391,height,4,32,width,4,8,imag,2,2,0,2.67049085068e-08,0.0,-3.13165993138e-10,-3.18680770661e-09,-2.87795050014e-08,-2.23358354035e-09,-9.57537427126e-09,-4.46665948672e-09,-3.13165993138e-10,3.18680770661e-09,3.94364133172e-06,0.0,3.96110557688e-08,-1.10019122701e-07,2.98540392407e-08,-2.5786702551e-08,-2.87795050014e-08,2.23358354035e-09,3.96110557688e-08,1.10019122701e-07,4.44670968136e-06,0.0,2.13428776874e-07,1.79499028974e-08,-9.57537427126e-09,4.46665948672e-09,2.98540392407e-08,2.5786702551e-08,2.13428776874e-07,-1.79499028974e-08,5.17358239449e-06,0.0
1625186002556743288,height,4,32,width,4,8,imag,2,2,0,2.70246847123e-08,0.0,-2.92898727494e-09,-2.99458879915e-09,-2.28995844509e-08,-4.09238642973e-09,-1.30196227133e-08,-1.37899386354e-10,-2.92898727494e-09,2.99458879915e-09,3.93541040467e-06,0.0,2.79049370278e-08,-8.92427038934e-08,1.71547789307e-08,-2.80622565185e-08,-2.28995844509e-08,4.09238642973e-09,2.79049370278e-08,8.92427038934e-08,4.42089276476e-06,0.0,1.96327974322e-07,-1.1990717752e-08,-1.30196227133e-08,1.37899386354e-10,1.71547789307e-08,2.80622565185e-08,1.96327974322e-07,1.1990717752e-08,5.20753701494e-06,0.0
1625186002818241973,height,4,32,width,4,8,imag,2,2,0,2.65726747273e-08,0.0,2.22578080966e-10,-1.91573951147e-10,-2.3918657277e-08,-4.35194902337e-09,-1.19519727448e-08,-4.76353401169e-09,2.22578080966e-10,1.91573951147e-10,3.94325525122e-06,0.0,6.79821212657e-08,-3.22642037531e-08,6.61541079694e-08,-2.35371739876e-08,-2.3918657277e-08,4.35194902337e-09,6.79821212657e-08,3.22642037531e-08,4.43446742793e-06,0.0,2.49915956374e-07,2.97080013922e-08,-1.19519727448e-08,4.76353401169e-09,6.61541079694e-08,2.35371739876e-08,2.49915956374e-07,-2.97080013922e-08,5.24027564097e-06,0.0
1625186003075494376,height,4,32,width,4,8,imag,2,2,0,2.66128665771e-08,0.0,-5.00599839359e-10,-3.18262238785e-09,-2.40970301491e-08,-7.43182315688e-09,-1.03640527271e-08,1.00013575199e-09,-5.00599839359e-10,3.18262238785e-09,3.88604121326e-06,0.0,1.93778024737e-08,-6.74348399343e-08,1.63398414799e-08,-3.25092059938e-08,-2.40970301491e-08,7.43182315688e-09,1.93778024737e-08,6.74348399343e-08,4.42019290858e-06,0.0,2.23629825769e-07,2.94718347504e-08,-1.03640527271e-08,-1.00013575199e-09,1.63398414799e-08,3.25092059938e-08,2.23629825769e-07,-2.94718347504e-08,5.23177004652e-06,0.0
1625186003330631148,height,4,32,width,4,8,imag,2,2,0,2.66456492426e-08,0.0,-1.4342831367e-09,-2.55744736499e-09,-2.42922659766e-08,-3.70354125145e-09,-7.32374383361e-09,-5.19032761215e-10,-1.4342831367e-09,2.55744736499e-09,3.94504650103e-06,0.0,4.99835195455e-08,-9.20846829899e-08,-1.68837193115e-08,-2.46461731024e-08,-2.42922659766e-08,3.70354125145e-09,4.99835195455e-08,9.20846829899e-08,4.41005931862e-06,0.0,1.97887075615e-07,4.78337121024e-08,-7.32374383361e-09,5.19032761215e-10,-1.68837193115e-08,2.46461731024e-08,1.97887075615e-07,-4.78337121024e-08,5.19645072927e-06,0.0
1625186003588510859,height,4,32,width,4,8,imag,2,2,0,2.66234376767e-08,0.0,-2.97899283019e-09,-3.6701050532e-10,-2.24483454048e-08,-3.24377613659e-09,-1.10209708026e-08,-4.58093474265e-09,-2.97899283019e-09,3.6701050532e-10,3.95378174289e-06,0.0,4.50514008321e-08,-5.65434667976e-08,1.45613210378e-08,2.3860842191e-08,-2.24483454048e-08,3.24377613659e-09,4.50514008321e-08,5.65434667976e-08,4.45738260169e-06,0.0,2.62121233163e-07,5.16508684711e-08,-1.10209708026e-08,4.58093474265e-09,1.45613210378e-08,-2.3860842191e-08,2.62121233163e-07,-5.16508684711e-08,5.25072891833e-06,0.0
1625186003843096362,height,4,32,width,4,8,imag,2,2,0,2.66207518251e-08,0.0,-1.49307177733e-09,-1.52396062436e-09,-2.49168987665e-08,-2.86192491927e-09,-1.2386087711e-08,-5.88958215531e-09,-1.49307177733e-09,1.52396062436e-09,3.92580523112e-06,0.0,-1.35172678606e-10,-1.17135314781e-07,4.47209664856e-08,-5.23398657748e-09,-2.49168987665e-08,2.86192491927e-09,-1.35172678606e-10,1.17135314781e-07,4.50220386483e-06,0.0,2.24126281978e-07,5.35914814748e-08,-1.2386087711e-08,5.88958215531e-09,4.47209664856e-08,5.23398657748e-09,2.24126281978e-07,-5.35914814748e-08,5.29428916707e-06,0.0
1625186004101277725,height,4,32,width,4,8,imag,2,2,0,0.000324558699504,0.0,0.000668880296871,0.00612295046449,-0.00360431405716,0.00794965680689,-0.00348949688487,-0.00250000297092,0.000668880296871,-0.00612295046449,0.117373295128,0.0,0.14313878119,0.0847034081817,-0.0541217774153,0.0603350363672,-0.00360431405716,-0.00794965680689,0.14313878119,-0.0847034081817,0.237263038754,0.0,-0.0224216189235,0.112646669149,-0.00348949688487,0.00250000297092,-0.0541217774153,-0.0603350363672,-0.0224216189235,-0.112646669149,0.0571782886982,0.0
1625186004394129823,height,4,32,width,4,8,imag,2,2,0,0.000527925149072,0.0,0.000560346117709,0.00993312615901,-0.00647201994434,0.0126651478931,-0.00558114796877,-0.00432701269165,0.000560346117709,-0.00993312615901,0.188294738531,0.0,0.232425317168,0.135742023587,-0.0869789272547,0.0998213663697,-0.00647201994434,-0.0126651478931,0.232425317168,-0.135742023587,0.387307733297,0.0,-0.0353253781796,0.185949608684,-0.00558114796877,0.00432701269165,-0.0869789272547,-0.0998213663697,-0.0353253781796,-0.185949608684,0.0951387584209,0.0
1625186004662623379,height,4,32,width,4,8,imag,2,2,0,0.000557265535463,0.0,0.000750817183871,0.0101899690926,-0.00652161473408,0.0130914961919,-0.00577768776566,-0.0041178772226,0.000750817183871,-0.0101899690926,0.188113644719,0.0,0.231560409069,0.137399271131,-0.0827517360449,0.0995213985443,-0.00652161473408,-0.0130914961919,0.231560409069,-0.137399271131,0.387962669134,0.0,-0.0290929172188,0.182972684503,-0.00577768776566,0.0041178772226,-0.0827517360449,-0.0995213985443,-0.0290929172188,-0.182972684503,0.0909944996238,0.0
1625186004909738639,height,4,32,width,4,8,imag,2,2,0,0.000602169660851,0.0,0.000715219997801,0.0105179427192,-0.00696430867538,0.0134889557958,-0.00605225982144,-0.00447001727298,0.000715219997801,-0.0105179427192,0.185359045863,0.0,0.228322312236,0.13819630444,-0.0849112346768,0.0998219326138,-0.00696430867538,-0.0134889557958,0.228322312236,-0.13819630444,0.386770606041,0.0,-0.0301001854241,0.186290130019,-0.00605225982144,0.00447001727298,-0.0849112346768,-0.0998219326138,-0.0301001854241,-0.186290130019,0.0947293788195,0.0
1625186005137060324,height,4,32,width,4,8,imag,2,2,0,0.000659253273625,0.0,-0.000323345622746,0.0106194866821,-0.00880404561758,0.0133171994239,-0.00621767202392,-0.0049785641022,-0.000323345622746,-0.0106194866821,0.171991825104,0.0,0.219816043973,0.135816976428,-0.0767962113023,0.102114602923,-0.00880404561758,-0.0133171994239,0.219816043973,-0.135816976428,0.390755683184,0.0,-0.0174708329141,0.191177561879,-0.00621767202392,0.0049785641022,-0.0767962113023,-0.102114602923,-0.0174708329141,-0.191177561879,0.0970031395555,0.0
1625186005371934847,height,4,32,width,4,8,imag,2,2,0,0.000101132463897,0.0,-0.00013197955559,0.00149960583076,-0.00140685169026,0.00185941753443,-0.00093347276561,-0.000895537203178,-0.00013197955559,-0.00149960583076,0.0225192923099,0.0,0.0295532401651,0.0185179151595,-0.0120052034035,0.0149167878553,-0.00140685169026,-0.00185941753443,0.0295532401651,-0.0185179151595,0.0543712191284,0.0,-0.00347731215879,0.0294472854584,-0.00093347276561,0.000895537203178,-0.0120052034035,-0.0149167878553,-0.00347731215879,-0.0294472854584,0.0166879389435,0.0
1625186005636276028,height,4,32,width,4,8,imag,2,2,0,2.62554689101e-08,0.0,6.89542090093e-10,-4.42913927756e-09,-2.45252582687e-08,-4.16607148779e-09,-8.47696313144e-09,-1.09764153322e-09,6.89542090093e-10,4.42913927756e-09,3.91994126403e-06,0.0,4.82577959815e-08,-6.07384151863e-08,2.18467981483e-08,-1.4819597105e-08,-2.45252582687e-08,4.16607148779e-09,4.82577959815e-08,6.07384151863e-08,4.44109582531e-06,0.0,2.12064293237e-07,2.65277932954e-08,-8.47696313144e-09,1.09764153322e-09,2.18467981483e-08,1.4819597105e-08,2.12064293237e-07,-2.65277932954e-08,5.19926152265e-06,0.0
1625186005889342277,height,4,32,width,4,8,imag,2,2,0,2.66337316646e-08,0.0,2.52152876357e-09,-1.00857611152e-09,-2.5246446711e-08,-4.03418454198e-09,-1.37514355458e-08,-8.27617807619e-10,2.52152876357e-09,1.00857611152e-09,3.89428760172e-06,0.0,2.07383745732e-08,-9.96009958953e-08,2.2855131121e-08,4.3604262423e-09,-2.5246446711e-08,4.03418454198e-09,2.07383745732e-08,9.96009958953e-08,4.53341090179e-06,0.0,2.68394472869e-07,2.97717104303e-08,-1.37514355458e-08,8.27617807619e-10,2.2855131121e-08,-4.3604262423e-09,2.68394472869e-07,-2.97717104303e-08,5.21884112459e-06,0.0
1625186006147612918,height,4,32,width,4,8,imag,2,2,0,2.66178634689e-08,0.0,-7.02059244073e-10,-1.02263109092e-09,-2.51173553067e-08,-3.24752980063e-09,-8.13609801753e-09,-4.1206544843e-09,-7.02059244073e-10,1.02263109092e-09,3.989855486e-06,0.0,1.09498223821e-08,-5.06440649417e-08,1.42179530371e-08,-1.11987557005e-08,-2.51173553067e-08,3.24752980063e-09,1.09498223821e-08,5.06440649417e-08,4.47408046966e-06,0.0,2.19492292786e-07,1.05303584519e-07,-8.13609801753e-09,4.1206544843e-09,1.42179530371e-08,1.11987557005e-08,2.19492292786e-07,-1.05303584519e-07,5.23631479155e-06,0.0
1625186006396766521,height,4,32,width,4,8,imag,2,2,0,2.67302588952e-08,0.0,-1.43844758327e-09,-3.52041840124e-09,-2.30538681478e-08,-4.24623713968e-09,-9.78208269942e-09,-4.8453903112e-09,-1.43844758327e-09,3.52041840124e-09,3.98014071834e-06,0.0,3.47155051372e-08,-6.86779202397e-08,1.63732316594e-08,-9.77792513623e-09,-2.30538681478e-08,4.24623713968e-09,3.47155051372e-08,6.86779202397e-08,4.45908244728e-06,0.0,2.4824043976e-07,2.29727294965e-08,-9.78208269942e-09,4.8453903112e-09,1.63732316594e-08,9.77792513623e-09,2.4824043976e-07,-2.29727294965e-08,5.29670751348e-06,0.0
1625186006659912294,height,4,32,width,4,8,imag,2,2,0,2.6521041363e-08,0.0,6.66022514917e-10,-4.40668523893e-09,-2.20705498322e-08,-4.42229897146e-09,-9.82340786493e-09,-5.30115595865e-09,6.66022514917e-10,4.40668523893e-09,3.94655262426e-06,0.0,2.34842350011e-08,-6.22202165346e-08,9.53369161394e-10,-4.07821474369e-08,-2.20705498322e-08,4.42229897146e-09,2.34842350011e-08,6.22202165346e-08,4.41516795036e-06,0.0,2.04567712103e-07,4.96723595589e-09,-9.82340786493e-09,5.30115595865e-09,9.53369161394e-10,4.07821474369e-08,2.04567712103e-07,-4.96723595589e-09,5.21516312801e-06,0.0
1625186006908329373,height,4,32,width,4,8,imag,2,2,0,2.67540958276e-08,0.0,2.00349764556e-10,-1.85756432458e-09,-2.37564350414e-08,-8.03826871731e-09,-1.36150699603e-08,-5.78423975384e-09,2.00349764556e-10,1.85756432458e-09,3.97781423089e-06,0.0,7.9666776287e-08,-8.54129851291e-08,3.52599975884e-08,-8.29128854463e-09,-2.37564350414e-08,8.03826871731e-09,7.9666776287e-08,8.54129851291e-08,4.43872295364e-06,0.0,2.2506205255e-07,1.30006281296e-08,-1.36150699603e-08,5.78423975384e-09,3.52599975884e-08,8.29128854463e-09,2.2506205255e-07,-1.30006281296e-08,5.2347691053e-06,0.0
1625186007165713203,height,4,32,width,4,8,imag,2,2,0,2.67559130407e-08,0.0,-5.8341881326e-10,9.46728473394e-10,-2.35440893448e-08,-2.08303374549e-09,-1.0853307586e-08,-2.80039702538e-09,-5.8341881326e-10,-9.46728473394e-10,3.93339769289e-06,0.0,1.71097962465e-08,-4.03839166552e-08,-1.8209982855e-08,-1.61503468377e-08,-2.35440893448e-08,2.08303374549e-09,1.71097962465e-08,4.03839166552e-08,4.48731952929e-06,0.0,2.74596573036e-07,4.27860555874e-08,-1.0853307586e-08,2.80039702538e-09,-1.8209982855e-08,1.61503468377e-08,2.74596573036e-07,-4.27860555874e-08,5.22470509168e-06,0.0
1625186007426405694,height,4,32,width,4,8,imag,2,2,0,2.66487667488e-08,0.0,-2.74431766201e-09,-7.23535398262e-10,-2.37685604532e-08,-2.57918553181e-09,-5.380845991e-09,-6.6852772207e-09,-2.74431766201e-09,7.23535398262e-10,3.91837011193e-06,0.0,7.8531307679e-08,-4.50607231528e-08,-7.25284188263e-09,-4.50014638886e-08,-2.37685604532e-08,2.57918553181e-09,7.8531307679e-08,4.50607231528e-08,4.49276967629e-06,0.0,2.53025746133e-07,8.76030199493e-08,-5.380845991e-09,6.6852772207e-09,-7.25284188263e-09,4.50014638886e-08,2.53025746133e-07,-8.76030199493e-08,5.1802244343e-06,0.0
1625186007677337954,height,4,32,width,4,8,imag,2,2,0,2.64536179628e-08,0.0,-5.74342839954e-09,1.86537651992e-09,-2.33399397587e-08,-4.41116698724e-09,-1.05626991598e-08,-5.17594722638e-09,-5.74342839954e-09,-1.86537651992e-09,3.94559720007e-06,0.0,7.58952083402e-08,-7.60127392141e-08,3.94411010518e-08,-6.4880119055e-09,-2.33399397587e-08,4.41116698724e-09,7.58952083402e-08,7.60127392141e-08,4.49427034255e-06,0.0,2.48374703915e-07,2.12019894974e-08,-1.05626991598e-08,5.17594722638e-09,3.94411010518e-08,6.4880119055e-09,2.48374703915e-07,-2.12019894974e-08,5.22478194398e-06,0.0
1625186007932412745,height,4,32,width,4,8,imag,2,2,0,2.65628674612e-08,0.0,-1.08806341714e-09,-3.91008514455e-09,-2.59483812215e-08,-5.9388058915e-09,-5.9407940789e-09,-2.37619790511e-09,-1.08806341714e-09,3.91008514455e-09,3.93532445742e-06,0.0,6.82299505783e-09,-5.13247186973e-08,1.5135896092e-08,-3.88436660614e-08,-2.59483812215e-08,5.9388058915e-09,6.82299505783e-09,5.13247186973e-08,4.44595343652e-06,0.0,2.12284206214e-07,7.34541529823e-08,-5.9407940789e-09,2.37619790511e-09,1.5135896092e-08,3.88436660614e-08,2.12284206214e-07,-7.34541529823e-08,5.23040671396e-06,0.0
1625186008189571554,height,4,32,width,4,8,imag,2,2,0,2.6424084254e-08,0.0,-1.05873343426e-09,-1.65549562947e-09,-2.39493225251e-08,8.98780827541e-10,-9.80602710143e-09,-3.98950428249e-09,-1.05873343426e-09,1.65549562947e-09,3.92832725993e-06,0.0,9.93717730324e-09,-1.02386430001e-07,3.34617595854e-08,-1.96643306083e-08,-2.39493225251e-08,-8.98780827541e-10,9.93717730324e-09,1.02386430001e-07,4.49873687103e-06,0.0,2.52017656521e-07,7.90503995596e-10,-9.80602710143e-09,3.98950428249e-09,3.34617595854e-08,1.96643306083e-08,2.52017656521e-07,-7.90503995596e-10,5.22672144143e-06,0.0
1625186008444500292,height,4,32,width,4,8,imag,2,2,0,0.000136574817589,0.0,6.70588269713e-05,0.00200368906371,-0.00154232559726,0.00258594145998,-0.00112381658982,-0.00105110660661,6.70588269713e-05,-0.00200368906371,0.0295521561056,0.0,0.0373306795955,0.0239896643907,-0.0159121640027,0.0158715415746,-0.00154232559726,-0.00258594145998,0.0373306795955,-0.0239896643907,0.0670036450028,0.0,-0.00720997387543,0.0329738967121,-0.00112381658982,0.00105110660661,-0.0159121640027,-0.0158715415746,-0.00720997387543,-0.0329738967121,0.0174791179597,0.0
1625186008698685770,height,4,32,width,4,8,imag,2,2,0,0.00079617719166,0.0,0.000173434440512,0.0116640804335,-0.00935332011431,0.0148385977373,-0.00663648918271,-0.00594746088609,0.000173434440512,-0.0116640804335,0.171590864658,0.0,0.216209828854,0.140773251653,-0.0881728976965,0.0953753441572,-0.00935332011431,-0.0148385977373,0.216209828854,-0.140773251653,0.390470385551,0.0,-0.0327871963382,0.192526981235,-0.00663648918271,0.00594746088609,-0.0881728976965,-0.0953753441572,-0.0327871963382,-0.192526981235,0.100495308638,0.0
1625186008954374494,height,4,32,width,4,8,imag,2,2,0,0.000790033605881,0.0,0.000234481747611,0.011565444991,-0.00923025794327,0.0147850280628,-0.00654961587861,-0.00595627166331,0.000234481747611,-0.011565444991,0.170040249825,0.0,0.214543521404,0.1400295645,-0.0887429490685,0.0935676768422,-0.00923025794327,-0.0147850280628,0.214543521404,-0.1400295645,0.388571381569,0.0,-0.0348684228957,0.191149801016,-0.00654961587861,0.00595627166331,-0.0887429490685,-0.0935676768422,-0.0348684228957,-0.191149801016,0.0999432653189,0.0
1625186009212867671,height,4,32,width,4,8,imag,2,2,0,0.000793064886238,0.0,0.000213024104596,0.0116051398218,-0.00925006903708,0.0147809432819,-0.00656941533089,-0.00596200209111,0.000213024104596,-0.0116051398218,0.17054527998,0.0,0.21466204524,0.139849066734,-0.0886246487498,0.0939682275057,-0.00925006903708,-0.0147809432819,0.21466204524,-0.139849066734,0.387444376945,0.0,-0.0344441197813,0.190948039293,-0.00656941533089,0.00596200209111,-0.0886246487498,-0.0939682275057,-0.0344441197813,-0.190948039293,0.0999849066138,0.0
1625186009491238810,height,4,32,width,4,8,imag,2,2,0,0.000796985172201,0.0,0.000249211356277,0.0116700399667,-0.00922598317266,0.0149251725525,-0.00657821865752,-0.00603180332109,0.000249211356277,-0.0116700399667,0.171614095569,0.0,0.21650415659,0.140272185206,-0.0900000184774,0.093907803297,-0.00922598317266,-0.0149251725525,0.21650415659,-0.140272185206,0.390418559313,0.0,-0.0367332547903,0.192026555538,-0.00657821865752,0.00603180332109,-0.0900000184774,-0.093907803297,-0.0367332547903,-0.192026555538,0.100645571947,0.0
1625186009763423442,height,4,32,width,4,8,imag,2,2,0,0.000464926386485,0.0,5.05524549226e-05,0.00678877672181,-0.0055083874613,0.00861545372754,-0.00385723472573,-0.00347908190452,5.05524549226e-05,-0.00678877672181,0.0995235294104,0.0,0.125698760152,0.0816706642509,-0.0510017611086,0.0556259267032,-0.0055083874613,-0.00861545372754,0.125698760152,-0.0816706642509,0.227311953902,0.0,-0.0187333319336,0.112112700939,-0.00385723472573,0.00347908190452,-0.0510017611086,-0.0556259267032,-0.0187333319336,-0.112112700939,0.0584602989256,0.0
1625186010011290896,height,4,32,width,4,8,imag,2,2,0,2.67427680001e-08,0.0,1.95573157669e-09,-1.06865183369e-09,-2.59444732364e-08,-3.97453181478e-09,-1.41085978456e-08,-1.96807836694e-09,1.95573157669e-09,1.06865183369e-09,3.93456502934e-06,0.0,8.5222744417e-09,-1.03549069763e-07,1.07761155554e-09,-2.64935007266e-08,-2.59444732364e-08,3.97453181478e-09,8.5222744417e-09,1.03549069763e-07,4.44844181402e-06,0.0,2.67445273039e-07,3.87567666849e-08,-1.41085978456e-08,1.96807836694e-09,1.07761155554e-09,2.64935007266e-08,2.67445273039e-07,-3.87567666849e-08,5.23697190147e-06,0.0
1625186010267867361,height,4,32,width,4,8,imag,2,2,0,2.66868926957e-08,0.0,1.28163313295e-10,-2.50135667734e-09,-2.2794877097e-08,-2.83362378006e-09,-1.23542971409e-08,-2.79261902492e-09,1.28163313295e-10,2.50135667734e-09,3.95429242417e-06,0.0,1.39053382142e-08,-5.5932286358e-08,3.01925382473e-08,-1.34343602909e-08,-2.2794877097e-08,2.83362378006e-09,1.39053382142e-08,5.5932286358e-08,4.44135366706e-06,0.0,2.22911765491e-07,7.17878876344e-08,-1.23542971409e-08,2.79261902492e-09,3.01925382473e-08,1.34343602909e-08,2.22911765491e-07,-7.17878876344e-08,5.24969391336e-06,0.0
1625186010522526163,height,4,32,width,4,8,imag,2,2,0,2.68818904914e-08,0.0,-2.02704963925e-09,-1.57934776368e-09,-2.27337650927e-08,-3.12842818317e-09,-1.20022187744e-08,-4.58584858976e-09,-2.02704963925e-09,1.57934776368e-09,3.93209893446e-06,0.0,3.41381998226e-08,-6.72058106943e-08,6.67131294652e-10,-3.65020085269e-08,-2.27337650927e-08,3.12842818317e-09,3.41381998226e-08,6.72058106943e-08,4.45874911748e-06,0.0,2.38666473251e-07,4.4009812683e-08,-1.20022187744e-08,4.58584858976e-09,6.67131294652e-10,3.65020085269e-08,2.38666473251e-07,-4.4009812683e-08,5.207054528e-06,0.0
1625186010787657039,height,4,32,width,4,8,imag,2,2,0,2.66613700006e-08,0.0,3.72949537919e-09,3.11530551356e-10,-2.62920707428e-08,-4.20725010386e-09,-1.29361321655e-08,-5.36366240311e-09,3.72949537919e-09,-3.11530551356e-10,3.91875164496e-06,0.0,5.47712275534e-09,-6.64190338284e-08,1.61658886277e-09,-4.91697793592e-09,-2.62920707428e-08,4.20725010386e-09,5.47712275534e-09,6.64190338284e-08,4.48973560196e-06,0.0,2.50554080594e-07,4.51218653552e-08,-1.29361321655e-08,5.36366240311e-09,1.61658886277e-09,4.91697793592e-09,2.50554080594e-07,-4.51218653552e-08,5.23606195202e-06,0.0
1625186011031432302,height,4,32,width,4,8,imag,2,2,0,2.65293014223e-08,0.0,2.2108205544e-10,-4.8843185052e-10,-2.35883952371e-08,-3.43829165139e-09,-9.19984355363e-09,-2.63567767611e-09,2.2108205544e-10,4.8843185052e-10,3.9203837332e-06,0.0,6.31798116046e-08,-7.20367694385e-08,-4.9910693356e-09,1.03361230686e-08,-2.35883952371e-08,3.43829165139e-09,6.31798116046e-08,7.20367694385e-08,4.44514353148e-06,0.0,2.46365573275e-07,3.86542495789e-08,-9.19984355363e-09,2.63567767611e-09,-4.9910693356e-09,-1.03361230686e-08,2.46365573275e-07,-3.86542495789e-08,5.21035190104e-06,0.0
