%time,field.layout.dim0.label,field.layout.dim0.size,field.layout.dim0.stride,field.layout.dim1.label,field.layout.dim1.size,field.layout.dim1.stride,field.layout.dim2.label,field.layout.dim2.size,field.layout.dim2.stride,field.layout.data_offset,field.data0,field.data1,field.data2,field.data3,field.data4,field.data5,field.data6,field.data7,field.data8,field.data9,field.data10,field.data11,field.data12,field.data13,field.data14,field.data15,field.data16,field.data17,field.data18,field.data19,field.data20,field.data21,field.data22,field.data23,field.data24,field.data25,field.data26,field.data27,field.data28,field.data29,field.data30,field.data31
1630632754587360410,height,4,32,width,4,8,imag,2,2,0,3.234626638e-05,0.0,-3.91081954376e-07,-9.1772506039e-08,7.86166580724e-08,5.74514942286e-08,6.04105991897e-08,2.56691464529e-07,-3.91081954376e-07,9.1772506039e-08,3.58210709237e-05,0.0,2.22141352424e-07,-2.41939829948e-07,1.61865344239e-07,-1.68578424109e-07,7.86166580724e-08,-5.74514942286e-08,2.22141352424e-07,2.41939829948e-07,3.64419902326e-05,0.0,3.05846725723e-07,6.55312391018e-08,6.04105991897e-08,-2.56691464529e-07,1.61865344239e-07,1.68578424109e-07,3.05846725723e-07,-6.55312391018e-08,3.71434434783e-05,0.0
1630632754618646209,height,4,32,width,4,8,imag,2,2,0,3.18880011037e-05,0.0,1.04228014663e-07,7.5346932249e-08,1.17023255086e-07,-1.58578046694e-07,-1.00391460478e-07,-5.15084543906e-08,1.04228014663e-07,-7.5346932249e-08,3.59443074558e-05,0.0,-3.31786992547e-07,-6.40109902861e-08,5.76841614475e-08,-2.1225911695e-08,1.17023255086e-07,1.58578046694e-07,-3.31786992547e-07,6.40109902861e-08,3.61815291399e-05,0.0,1.23817542885e-07,1.31034724404e-07,-1.00391460478e-07,5.15084543906e-08,5.76841614475e-08,2.1225911695e-08,1.23817542885e-07,-1.31034724404e-07,3.71959431504e-05,0.0
1630632754685271027,height,4,32,width,4,8,imag,2,2,0,3.22485830111e-05,0.0,-2.76601213045e-08,3.23578674966e-08,-8.59709956558e-08,-5.22708347717e-08,3.53915254436e-07,6.25071336913e-08,-2.76601213045e-08,-3.23578674966e-08,3.61618585885e-05,0.0,-9.647264676e-08,-2.74117610388e-07,-1.57589425953e-07,6.9103379019e-08,-8.59709956558e-08,5.22708347717e-08,-9.647264676e-08,2.74117610388e-07,3.6694596929e-05,0.0,1.5068475534e-07,5.69886182689e-08,3.53915254436e-07,-6.25071336913e-08,-1.57589425953e-07,-6.9103379019e-08,1.5068475534e-07,-5.69886182689e-08,3.74829687644e-05,0.0
1630632754845186318,height,4,32,width,4,8,imag,2,2,0,3.21410007018e-05,0.0,9.80893943847e-08,3.30638094681e-08,-1.32530288965e-07,-9.9748383775e-08,-1.0196959721e-07,-2.93487047998e-08,9.80893943847e-08,-3.30638094681e-08,3.6264249502e-05,0.0,9.12819899668e-08,-1.16865713551e-07,2.17439133365e-08,-5.25133678764e-08,-1.32530288965e-07,9.9748383775e-08,9.12819899668e-08,1.16865713551e-07,3.62052742275e-05,0.0,2.62762199554e-07,3.76520944201e-07,-1.0196959721e-07,2.93487047998e-08,2.17439133365e-08,5.25133678764e-08,2.62762199554e-07,-3.76520944201e-07,3.70343987015e-05,0.0
1630632754854751140,height,4,32,width,4,8,imag,2,2,0,3.14840035571e-05,0.0,-1.58085413204e-07,-8.28376585105e-08,3.31006368981e-08,7.76627206989e-09,-2.10565900716e-07,-1.44299022509e-07,-1.58085413204e-07,8.28376585105e-08,3.59015684808e-05,0.0,-9.20986096276e-08,-4.63622278346e-08,-3.5988136915e-07,-1.65942466879e-07,3.31006368981e-08,-7.76627206989e-09,-9.20986096276e-08,4.63622278346e-08,3.66571366612e-05,0.0,1.79585413207e-07,3.39986456765e-08,-2.10565900716e-07,1.44299022509e-07,-3.5988136915e-07,1.65942466879e-07,1.79585413207e-07,-3.39986456765e-08,3.71861169697e-05,0.0
1630632754954009064,height,4,32,width,4,8,imag,2,2,0,3.19381797453e-05,0.0,4.57462441261e-08,-7.36564018666e-08,-6.9247995782e-08,2.79152970961e-07,1.01932393193e-07,1.96730866264e-07,4.57462441261e-08,7.36564018666e-08,3.60420781362e-05,0.0,5.82014081374e-08,-4.15739940252e-08,-4.47237447077e-08,-5.88605750806e-08,-6.9247995782e-08,-2.79152970961e-07,5.82014081374e-08,4.15739940252e-08,3.67639659089e-05,0.0,3.03930676182e-07,-1.04042186422e-07,1.01932393193e-07,-1.96730866264e-07,-4.47237447077e-08,5.88605750806e-08,3.03930676182e-07,1.04042186422e-07,3.76168572984e-05,0.0
1630632755004099886,height,4,32,width,4,8,imag,2,2,0,3.18688107654e-05,0.0,-1.43392313134e-07,2.65164516122e-07,7.51316733272e-08,1.62612764143e-07,-8.19879062419e-08,5.6139725757e-08,-1.43392313134e-07,-2.65164516122e-07,3.5843677324e-05,0.0,2.53449513821e-07,-2.56670944054e-07,-4.5945718341e-08,-3.14301864535e-08,7.51316733272e-08,-1.62612764143e-07,2.53449513821e-07,2.56670944054e-07,3.66426284018e-05,0.0,5.96581116952e-07,2.73793631322e-07,-8.19879062419e-08,-5.6139725757e-08,-4.5945718341e-08,3.14301864535e-08,5.96581116952e-07,-2.73793631322e-07,3.7395147956e-05,0.0
1630632755019444388,height,4,32,width,4,8,imag,2,2,0,3.22923187923e-05,0.0,-1.01294161947e-09,-1.11800325442e-07,9.23908487493e-08,8.80369555034e-08,-8.59767297356e-08,-9.39324138471e-08,-1.01294161947e-09,1.11800325442e-07,3.5705317714e-05,0.0,9.03404426822e-08,-9.53465573161e-08,-9.15167959192e-08,5.19067349103e-08,9.23908487493e-08,-8.80369555034e-08,9.03404426822e-08,9.53465573161e-08,3.66181593563e-05,0.0,1.40777672186e-07,-4.12456557797e-08,-8.59767297356e-08,9.39324138471e-08,-9.15167959192e-08,-5.19067349103e-08,1.40777672186e-07,4.12456557797e-08,3.70713387383e-05,0.0
1630632755164832642,height,4,32,width,4,8,imag,2,2,0,3.20016733895e-05,0.0,-3.8087755172e-08,4.34588400822e-08,-9.67331104107e-08,-1.61490785189e-08,-3.32555089244e-07,1.19212586469e-07,-3.8087755172e-08,-4.34588400822e-08,3.57839089702e-05,0.0,-1.00465094022e-07,4.75960426627e-08,-1.1767914998e-07,-2.60238579131e-07,-9.67331104107e-08,1.61490785189e-08,-1.00465094022e-07,-4.75960426627e-08,3.64676088793e-05,0.0,2.2784914222e-07,2.49261262297e-07,-3.32555089244e-07,-1.19212586469e-07,-1.1767914998e-07,2.60238579131e-07,2.2784914222e-07,-2.49261262297e-07,3.74662304239e-05,0.0
1630632755176111874,height,4,32,width,4,8,imag,2,2,0,3.1986637623e-05,0.0,-2.87873591631e-09,-1.87835553334e-07,-8.4401399647e-08,-2.05253115837e-07,-9.90284547697e-08,4.17399625974e-08,-2.87873591631e-09,1.87835553334e-07,3.60437406925e-05,0.0,1.29063408849e-07,-8.43292937702e-08,-1.90754988694e-07,-2.98558603617e-07,-8.4401399647e-08,2.05253115837e-07,1.29063408849e-07,8.43292937702e-08,3.66782624042e-05,0.0,9.74407470267e-08,-9.03043826384e-08,-9.90284547697e-08,-4.17399625974e-08,-1.90754988694e-07,2.98558603617e-07,9.74407470267e-08,9.03043826384e-08,3.72188842448e-05,0.0
1630632755228917189,height,4,32,width,4,8,imag,2,2,0,3.17592239298e-05,0.0,-6.35527541704e-08,6.30910079735e-08,7.76669679681e-08,2.23032103008e-07,-1.64722337104e-07,-7.31265714649e-08,-6.35527541704e-08,-6.30910079735e-08,3.59479527106e-05,0.0,1.48844947034e-07,-2.08100672694e-07,-6.46542019922e-09,3.4479771216e-07,7.76669679681e-08,-2.23032103008e-07,1.48844947034e-07,2.08100672694e-07,3.67061329598e-05,0.0,-6.492086424e-09,1.20313616847e-08,-1.64722337104e-07,7.31265714649e-08,-6.46542019922e-09,-3.4479771216e-07,-6.492086424e-09,-1.20313616847e-08,3.71937494492e-05,0.0
1630632755310919773,height,4,32,width,4,8,imag,2,2,0,3.17910344165e-05,0.0,2.84781890514e-07,-2.25816805255e-07,-2.35542628957e-07,-9.5206136308e-09,4.11891534213e-08,2.68922715208e-08,2.84781890514e-07,2.25816805255e-07,3.60273006663e-05,0.0,1.72112947894e-07,5.36725686118e-08,1.59324628157e-07,-8.02055453164e-08,-2.35542628957e-07,9.5206136308e-09,1.72112947894e-07,-5.36725686118e-08,3.64916159015e-05,0.0,8.58251425484e-08,1.63791781915e-07,4.11891534213e-08,-2.68922715208e-08,1.59324628157e-07,8.02055453164e-08,8.58251425484e-08,-1.63791781915e-07,3.73626025976e-05,0.0
1630632755320952029,height,4,32,width,4,8,imag,2,2,0,3.21913539665e-05,0.0,5.16360536551e-08,1.2547898276e-09,1.00207394382e-07,9.77651239964e-08,9.18667595329e-08,-3.59707037489e-08,5.16360536551e-08,-1.2547898276e-09,3.61281781807e-05,0.0,8.67559606377e-08,-1.98844048782e-07,2.09102690718e-08,1.79438799819e-07,1.00207394382e-07,-9.77651239964e-08,8.67559606377e-08,1.98844048782e-07,3.6428355088e-05,0.0,9.32766397455e-08,1.8402738533e-07,9.18667595329e-08,3.59707037489e-08,2.09102690718e-08,-1.79438799819e-07,9.32766397455e-08,-1.8402738533e-07,3.74003102479e-05,0.0
1630632755499079673,height,4,32,width,4,8,imag,2,2,0,3.22294035868e-05,0.0,1.04197063422e-07,1.00549684134e-07,-1.44698063309e-07,-5.51734764542e-08,2.01058455218e-07,-8.68649010499e-08,1.04197063422e-07,-1.00549684134e-07,3.58665311069e-05,0.0,-3.13507975136e-08,-2.41299403569e-07,1.21625234328e-07,-2.25231033824e-07,-1.44698063309e-07,5.51734764542e-08,-3.13507975136e-08,2.41299403569e-07,3.66758322343e-05,0.0,4.93902973631e-07,-1.21468106684e-08,2.01058455218e-07,8.68649010499e-08,1.21625234328e-07,2.25231033824e-07,4.93902973631e-07,1.21468106684e-08,3.69821427739e-05,0.0
1630632755528780413,height,4,32,width,4,8,imag,2,2,0,3.20766557707e-05,0.0,-3.43209087816e-08,-2.0060308259e-07,-5.13893034793e-08,1.63767396089e-07,-8.46365750817e-08,3.8592781948e-07,-3.43209087816e-08,2.0060308259e-07,3.62143618986e-05,0.0,7.07915903675e-09,-1.12171044009e-07,2.04589003516e-08,1.01299555411e-07,-5.13893034793e-08,-1.63767396089e-07,7.07915903675e-09,1.12171044009e-07,3.62354767276e-05,0.0,2.4962642442e-07,-2.07211137138e-08,-8.46365750817e-08,-3.8592781948e-07,2.04589003516e-08,-1.01299555411e-07,2.4962642442e-07,2.07211137138e-08,3.70608213416e-05,0.0
1630632755540233550,height,4,32,width,4,8,imag,2,2,0,3.20596554957e-05,0.0,-6.03166014912e-08,-4.63203875256e-08,-1.05006257911e-07,-5.36178177413e-08,-4.9318462203e-08,3.03172775773e-08,-6.03166014912e-08,4.63203875256e-08,3.57476856152e-05,0.0,3.4937837512e-08,1.4104575996e-07,-3.01825018312e-08,-5.352547916e-08,-1.05006257911e-07,5.36178177413e-08,3.4937837512e-08,-1.4104575996e-07,3.63315266441e-05,0.0,-7.91575729409e-08,-1.13022309733e-07,-4.9318462203e-08,-3.03172775773e-08,-3.01825018312e-08,5.352547916e-08,-7.91575729409e-08,1.13022309733e-07,3.70765083062e-05,0.0
1630632755672469764,height,4,32,width,4,8,imag,2,2,0,3.18910788337e-05,0.0,-2.77172262031e-07,-6.46430109441e-08,-4.13116332254e-08,-7.7227795714e-08,-1.51651065039e-07,1.17420855261e-08,-2.77172262031e-07,6.46430109441e-08,3.5948567529e-05,0.0,2.31731505096e-07,-2.69307520284e-07,-1.58836698461e-07,-3.82605982452e-08,-4.13116332254e-08,7.7227795714e-08,2.31731505096e-07,2.69307520284e-07,3.68335058738e-05,0.0,4.11782679066e-07,-1.18057904785e-07,-1.51651065039e-07,-1.17420855261e-08,-1.58836698461e-07,3.82605982452e-08,4.11782679066e-07,1.18057904785e-07,3.7405792682e-05,0.0
1630632755689188478,height,4,32,width,4,8,imag,2,2,0,3.19313403452e-05,0.0,5.72678722222e-08,-3.53119453678e-08,-6.08854975326e-08,-6.92607216024e-08,9.49800877947e-08,2.50677061331e-07,5.72678722222e-08,3.53119453678e-08,3.58091056114e-05,0.0,1.96525064666e-07,-4.30840572108e-07,3.81822871987e-07,-9.43723676983e-08,-6.08854975326e-08,6.92607216024e-08,1.96525064666e-07,4.30840572108e-07,3.66469503206e-05,0.0,-1.12612703163e-07,-1.23798713503e-08,9.49800877947e-08,-2.50677061331e-07,3.81822871987e-07,9.43723676983e-08,-1.12612703163e-07,1.23798713503e-08,3.74464252673e-05,0.0
1630632755824232487,height,4,32,width,4,8,imag,2,2,0,3.19927603414e-05,0.0,-1.66275768265e-07,1.61867589554e-07,-6.03802874366e-08,2.8387535167e-07,-1.36194742595e-07,9.21056866332e-08,-1.66275768265e-07,-1.61867589554e-07,3.6066147004e-05,0.0,-2.39554402981e-08,-1.78527173489e-07,1.22519132617e-08,-7.31788185604e-09,-6.03802874366e-08,-2.8387535167e-07,-2.39554402981e-08,1.78527173489e-07,3.65576524928e-05,0.0,1.65666577345e-07,3.83489577871e-08,-1.36194742595e-07,-9.21056866332e-08,1.22519132617e-08,7.31788185604e-09,1.65666577345e-07,-3.83489577871e-08,3.75039671781e-05,0.0
1630632755879063135,height,4,32,width,4,8,imag,2,2,0,3.17400699714e-05,0.0,8.73949872471e-08,-2.67221963668e-07,1.1999736671e-07,8.06466786685e-08,9.80817489449e-08,-3.63378340751e-08,8.73949872471e-08,2.67221963668e-07,3.57218632416e-05,0.0,8.97843079883e-08,-2.08110463973e-07,-1.60759313417e-07,2.58795154195e-08,1.1999736671e-07,-8.06466786685e-08,8.97843079883e-08,2.08110463973e-07,3.62664068234e-05,0.0,4.52327242328e-07,1.63357313454e-07,9.80817489449e-08,3.63378340751e-08,-1.60759313417e-07,-2.58795154195e-08,4.52327242328e-07,-1.63357313454e-07,3.72067370336e-05,0.0
1630632755914677960,height,4,32,width,4,8,imag,2,2,0,3.2068877772e-05,0.0,8.6753487949e-08,-1.68570679193e-07,1.38370310765e-07,3.32892930999e-08,7.35083958148e-08,6.63444676974e-09,8.6753487949e-08,1.68570679193e-07,3.56794807885e-05,0.0,-1.53706132267e-08,-2.12601918292e-07,9.50556540147e-08,-3.4822409134e-07,1.38370310765e-07,-3.32892930999e-08,-1.53706132267e-08,2.12601918292e-07,3.64906991308e-05,0.0,2.60308866018e-07,-1.38387804327e-07,7.35083958148e-08,-6.63444676974e-09,9.50556540147e-08,3.4822409134e-07,2.60308866018e-07,1.38387804327e-07,3.72611466446e-05,0.0
1630632756049826038,height,4,32,width,4,8,imag,2,2,0,3.21827610605e-05,0.0,-3.41828183537e-08,-6.81637928324e-08,-1.08561707179e-07,-1.15371598497e-07,-1.68565861713e-07,-9.65705808653e-08,-3.41828183537e-08,6.81637928324e-08,3.583166108e-05,0.0,-1.99887125518e-07,1.48717532511e-07,-1.40470408638e-08,2.15253628255e-08,-1.08561707179e-07,1.15371598497e-07,-1.99887125518e-07,-1.48717532511e-07,3.6518307752e-05,0.0,2.44583105768e-07,1.80068553846e-07,-1.68565861713e-07,9.65705808653e-08,-1.40470408638e-08,-2.15253628255e-08,2.44583105768e-07,-1.80068553846e-07,3.71189962607e-05,0.0
1630632756092397605,height,4,32,width,4,8,imag,2,2,0,3.20956023643e-05,0.0,-3.11589509749e-08,-2.82497467197e-07,1.17586065329e-08,1.58334870548e-07,2.43368081243e-08,-7.7726136638e-10,-3.11589509749e-08,2.82497467197e-07,3.63143408322e-05,0.0,2.59682678916e-07,1.14628235792e-07,-2.06762919674e-07,4.42040217763e-08,1.17586065329e-08,-1.58334870548e-07,2.59682678916e-07,-1.14628235792e-07,3.65381893062e-05,0.0,6.8108238338e-07,8.07828826055e-08,2.43368081243e-08,7.7726136638e-10,-2.06762919674e-07,-4.42040217763e-08,6.8108238338e-07,-8.07828826055e-08,3.73521615984e-05,0.0
1630632756140987145,height,4,32,width,4,8,imag,2,2,0,3.18667625834e-05,0.0,-2.13331546206e-07,3.50470337196e-08,1.08799781628e-07,1.39114817443e-07,2.91916649076e-07,-1.67096970927e-07,-2.13331546206e-07,-3.50470337196e-08,3.59597943316e-05,0.0,6.8502949091e-08,-1.77115026645e-07,1.56886716951e-08,1.78061707601e-08,1.08799781628e-07,-1.39114817443e-07,6.8502949091e-08,1.77115026645e-07,3.65348460036e-05,0.0,-5.20167695583e-08,6.60174706013e-08,2.91916649076e-07,1.67096970927e-07,1.56886716951e-08,-1.78061707601e-08,-5.20167695583e-08,-6.60174706013e-08,3.74437113351e-05,0.0
1630632756274116457,height,4,32,width,4,8,imag,2,2,0,3.19247628795e-05,0.0,1.71236649749e-07,1.65518031281e-07,-5.34698827437e-08,-1.31677438731e-07,2.03940800247e-07,5.49770184932e-08,1.71236649749e-07,-1.65518031281e-07,3.5982207919e-05,0.0,-2.15346005916e-07,-1.05599681888e-07,-1.40224017287e-07,-1.77629473797e-07,-5.34698827437e-08,1.31677438731e-07,-2.15346005916e-07,1.05599681888e-07,3.6526707845e-05,0.0,3.2874740441e-07,-5.79378287568e-08,2.03940800247e-07,-5.49770184932e-08,-1.40224017287e-07,1.77629473797e-07,3.2874740441e-07,5.79378287568e-08,3.73245165974e-05,0.0
1630632756361364798,height,4,32,width,4,8,imag,2,2,0,3.18145939673e-05,0.0,-5.85941748454e-08,-2.7990080298e-07,-5.27240437975e-08,-1.20866630482e-07,7.20168813473e-08,3.38610490758e-08,-5.85941748454e-08,2.7990080298e-07,3.58696670446e-05,0.0,6.40169517396e-08,1.5674193321e-07,-2.09642195159e-07,-1.00127145686e-07,-5.27240437975e-08,1.20866630482e-07,6.40169517396e-08,-1.5674193321e-07,3.65033592971e-05,0.0,4.17672282538e-07,1.01624051396e-08,7.20168813473e-08,-3.38610490758e-08,-2.09642195159e-07,1.00127145686e-07,4.17672282538e-07,-1.01624051396e-08,3.70196175936e-05,0.0
1630632756406175667,height,4,32,width,4,8,imag,2,2,0,3.21970255754e-05,0.0,8.30249557993e-09,5.67815616748e-09,-2.49757228232e-08,-2.31809789142e-08,7.24947142317e-08,-1.67131588569e-07,8.30249557993e-09,-5.67815616748e-09,3.61319434887e-05,0.0,1.83452726787e-07,-7.00187641201e-08,-2.15256008573e-07,-1.22882255482e-07,-2.49757228232e-08,2.31809789142e-08,1.83452726787e-07,7.00187641201e-08,3.67147695215e-05,0.0,2.54265387412e-07,3.52995073172e-07,7.24947142317e-08,1.67131588569e-07,-2.15256008573e-07,1.22882255482e-07,2.54265387412e-07,-3.52995073172e-07,3.74806440959e-05,0.0
1630632756411458488,height,4,32,width,4,8,imag,2,2,0,3.2210147765e-05,0.0,2.79878378251e-08,-2.18142147901e-07,-8.16173972851e-09,-7.31115221697e-08,-1.30942780174e-07,2.0285496305e-07,2.79878378251e-08,2.18142147901e-07,3.60794037988e-05,0.0,2.3823307771e-08,-6.10412840274e-08,1.52318762048e-07,3.77437203269e-07,-8.16173972851e-09,7.31115221697e-08,2.3823307771e-08,6.10412840274e-08,3.66273452528e-05,0.0,2.71988284339e-07,1.04799177336e-07,-1.30942780174e-07,-2.0285496305e-07,1.52318762048e-07,-3.77437203269e-07,2.71988284339e-07,-1.04799177336e-07,3.71425048797e-05,0.0
1630632756635649430,height,4,32,width,4,8,imag,2,2,0,3.18879647239e-05,0.0,1.01010563469e-07,1.85452321944e-07,-1.75603346975e-07,1.26562824221e-07,1.48001788602e-07,-1.01579949785e-07,1.01010563469e-07,-1.85452321944e-07,3.58409815817e-05,0.0,-5.18029885654e-08,-3.66206194258e-07,-1.60370376534e-07,-1.15634598785e-07,-1.75603346975e-07,-1.26562824221e-07,-5.18029885654e-08,3.66206194258e-07,3.65098312614e-05,0.0,2.62631004944e-07,2.11063522215e-07,1.48001788602e-07,1.01579949785e-07,-1.60370376534e-07,1.15634598785e-07,2.62631004944e-07,-2.11063522215e-07,3.76388416043e-05,0.0
1630632756636618516,height,4,32,width,4,8,imag,2,2,0,3.20541766996e-05,0.0,-6.12843535919e-08,-1.85914672102e-07,-2.62223949221e-07,2.82060685919e-08,1.62163416917e-07,7.70582104792e-08,-6.12843535919e-08,1.85914672102e-07,3.61108359357e-05,0.0,7.60147056411e-09,1.55039259653e-07,8.55153601265e-08,-8.60750688503e-08,-2.62223949221e-07,-2.82060685919e-08,7.60147056411e-09,-1.55039259653e-07,3.66709682567e-05,0.0,6.77133186855e-07,1.88395731016e-07,1.62163416917e-07,-7.70582104792e-08,8.55153601265e-08,8.60750688503e-08,6.77133186855e-07,-1.88395731016e-07,3.69393164874e-05,0.0
1630632756666697280,height,4,32,width,4,8,imag,2,2,0,3.1889485399e-05,0.0,-1.71962568629e-07,-1.65587703549e-08,6.6654706643e-08,-3.79569442543e-08,-6.47173905577e-08,-1.79507235742e-08,-1.71962568629e-07,1.65587703549e-08,3.56560012733e-05,0.0,7.44417647525e-08,-7.23821287352e-08,7.77078454917e-08,-2.35272850091e-08,6.6654706643e-08,3.79569442543e-08,7.44417647525e-08,7.23821287352e-08,3.67578577425e-05,0.0,3.27206947759e-07,-4.42691820979e-08,-6.47173905577e-08,1.79507235742e-08,7.77078454917e-08,2.35272850091e-08,3.27206947759e-07,4.42691820979e-08,3.73385155399e-05,0.0
1630632756811650081,height,4,32,width,4,8,imag,2,2,0,3.20983344864e-05,0.0,-8.47485850386e-08,7.46079891201e-08,6.52669527312e-08,-2.59217756593e-07,-3.83934590786e-08,-9.64825304095e-08,-8.47485850386e-08,-7.46079891201e-08,3.56755263056e-05,0.0,3.25691956959e-07,-7.3937677314e-08,-1.3445466962e-08,-4.71357282095e-08,6.52669527312e-08,2.59217756593e-07,3.25691956959e-07,7.3937677314e-08,3.63960207324e-05,0.0,1.18893318302e-07,-5.18870031385e-08,-3.83934590786e-08,9.64825304095e-08,-1.3445466962e-08,4.71357282095e-08,1.18893318302e-07,5.18870031385e-08,3.73324073735e-05,0.0
1630632756864485966,height,4,32,width,4,8,imag,2,2,0,3.20644903695e-05,0.0,-1.7706843769e-09,9.46629583609e-08,-9.63685096167e-08,3.6218629873e-08,-1.69902918401e-07,1.32427530275e-07,-1.7706843769e-09,-9.46629583609e-08,3.60010453733e-05,0.0,9.87212231962e-08,-5.37605870932e-08,9.71860458776e-08,8.03026551921e-08,-9.63685096167e-08,-3.6218629873e-08,9.87212231962e-08,5.37605870932e-08,3.65366940969e-05,0.0,5.75380170176e-08,1.97504533617e-07,-1.69902918401e-07,-1.32427530275e-07,9.71860458776e-08,-8.03026551921e-08,5.75380170176e-08,-1.97504533617e-07,3.72292925022e-05,0.0
1630632756889353502,height,4,32,width,4,8,imag,2,2,0,3.21633488056e-05,0.0,2.49207801062e-08,1.02571517946e-09,-4.06222930849e-08,2.60274308772e-08,-1.68736704609e-07,-8.54770050296e-08,2.49207801062e-08,-1.02571517946e-09,3.57131211786e-05,0.0,7.45390593693e-08,-1.5501660755e-07,-1.49730681187e-07,1.86027337978e-09,-4.06222930849e-08,-2.60274308772e-08,7.45390593693e-08,1.5501660755e-07,3.63023100363e-05,0.0,3.29521242293e-07,5.40270548299e-08,-1.68736704609e-07,8.54770050296e-08,-1.49730681187e-07,-1.86027337978e-09,3.29521242293e-07,-5.40270548299e-08,3.73152433895e-05,0.0
1630632757062150520,height,4,32,width,4,8,imag,2,2,0,3.19569953717e-05,0.0,-2.52538456813e-09,-8.38757117094e-08,-1.12517540174e-07,-6.51462812584e-08,-9.91847244336e-08,1.95286276039e-07,-2.52538456813e-09,8.38757117094e-08,3.58233919542e-05,0.0,1.10634907458e-07,1.38836966812e-07,-3.04688896335e-08,1.19705578783e-08,-1.12517540174e-07,6.51462812584e-08,1.10634907458e-07,-1.38836966812e-07,3.65899104509e-05,0.0,2.6441895784e-07,2.21360195951e-07,-9.91847244336e-08,-1.95286276039e-07,-3.04688896335e-08,-1.19705578783e-08,2.6441895784e-07,-2.21360195951e-07,3.71153655578e-05,0.0
1630632757083112532,height,4,32,width,4,8,imag,2,2,0,3.20159415423e-05,0.0,-1.61668410215e-07,-1.29100756752e-08,4.22055883575e-08,-2.44011602035e-08,-4.82222262121e-08,1.4461079445e-07,-1.61668410215e-07,1.29100756752e-08,3.61087113561e-05,0.0,1.42153400162e-08,-3.7012807752e-07,1.64936622582e-07,-2.29684474107e-07,4.22055883575e-08,2.44011602035e-08,1.42153400162e-08,3.7012807752e-07,3.64224761142e-05,0.0,1.73043147811e-07,-6.93693280596e-08,-4.82222262121e-08,-1.4461079445e-07,1.64936622582e-07,2.29684474107e-07,1.73043147811e-07,6.93693280596e-08,3.73545335606e-05,0.0
1630632757132501091,height,4,32,width,4,8,imag,2,2,0,3.22081068589e-05,0.0,-2.91197210345e-07,2.89193053504e-07,6.39015453885e-08,-1.10855795654e-08,9.44848252971e-08,-1.18203246302e-07,-2.91197210345e-07,-2.89193053504e-07,3.62809441867e-05,0.0,-2.57509942259e-08,2.24117471248e-08,3.76146289227e-07,-1.7447084133e-07,6.39015453885e-08,1.10855795654e-08,-2.57509942259e-08,-2.24117471248e-08,3.6836045183e-05,0.0,3.02445812395e-07,-5.03543198249e-08,9.44848252971e-08,1.18203246302e-07,3.76146289227e-07,1.7447084133e-07,3.02445812395e-07,5.03543198249e-08,3.70863890566e-05,0.0
1630632757230483765,height,4,32,width,4,8,imag,2,2,0,3.2088442822e-05,0.0,-1.43862749269e-07,-1.13341735997e-08,1.46813727842e-09,-1.87160168252e-07,-4.17485182425e-07,3.88027423526e-08,-1.43862749269e-07,1.13341735997e-08,3.582102363e-05,0.0,1.29498275214e-07,-1.24310517435e-07,-7.12397181246e-08,1.08852105996e-07,1.46813727842e-09,1.87160168252e-07,1.29498275214e-07,1.24310517435e-07,3.64608895325e-05,0.0,4.95044446325e-07,-5.79301229209e-08,-4.17485182425e-07,-3.88027423526e-08,-7.12397181246e-08,-1.08852105996e-07,4.95044446325e-07,5.79301229209e-08,3.72888753191e-05,0.0
1630632757308583430,height,4,32,width,4,8,imag,2,2,0,3.21017760143e-05,0.0,8.0316453932e-08,1.07147336337e-07,-3.86489311666e-08,3.27878324491e-09,3.88650931882e-07,1.57827372504e-07,8.0316453932e-08,-1.07147336337e-07,3.55726588168e-05,0.0,8.67920917358e-08,1.18072458477e-08,1.75037556005e-07,3.49307526903e-07,-3.86489311666e-08,-3.27878324491e-09,8.67920917358e-08,-1.18072458477e-08,3.67401225958e-05,0.0,2.71779526884e-07,2.62629299641e-07,3.88650931882e-07,-1.57827372504e-07,1.75037556005e-07,-3.49307526903e-07,2.71779526884e-07,-2.62629299641e-07,3.72986141883e-05,0.0
1630632757355461945,height,4,32,width,4,8,imag,2,2,0,3.22555861203e-05,0.0,-3.42662040964e-08,-1.45026220366e-07,-2.18116881001e-07,-5.74132741349e-08,-3.63692258532e-08,-1.10384483776e-08,-3.42662040964e-08,1.45026220366e-07,3.58470279025e-05,0.0,3.0169946541e-08,2.35111741631e-07,-1.03481362146e-07,-2.02969474117e-07,-2.18116881001e-07,5.74132741349e-08,3.0169946541e-08,-2.35111741631e-07,3.5930203012e-05,0.0,1.78936730322e-07,-3.25354432285e-09,-3.63692258532e-08,1.10384483776e-08,-1.03481362146e-07,2.02969474117e-07,1.78936730322e-07,3.25354432285e-09,3.73689181288e-05,0.0
1630632757416004956,height,4,32,width,4,8,imag,2,2,0,3.19649589073e-05,0.0,2.30037983329e-07,5.51250316505e-08,-5.87246482553e-08,5.54344161685e-08,-2.16245425122e-07,-6.64230555003e-08,2.30037983329e-07,-5.51250316505e-08,3.60402955266e-05,0.0,1.14327498579e-07,-3.41177752716e-07,8.39731200131e-08,6.68328183906e-08,-5.87246482553e-08,-5.54344161685e-08,1.14327498579e-07,3.41177752716e-07,3.65230625903e-05,0.0,1.44089185028e-07,-1.27953228457e-07,-2.16245425122e-07,6.64230555003e-08,8.39731200131e-08,-6.68328183906e-08,1.44089185028e-07,1.27953228457e-07,3.78499680664e-05,0.0
1630632757530668949,height,4,32,width,4,8,imag,2,2,0,3.19494465657e-05,0.0,2.60217007053e-07,1.61410085298e-08,-1.40318732633e-07,3.20365899142e-07,1.90093118135e-07,2.89902629902e-07,2.60217007053e-07,-1.61410085298e-08,3.57810931746e-05,0.0,6.81298786276e-08,5.03329378176e-09,2.59041684103e-07,5.81572408009e-08,-1.40318732633e-07,-3.20365899142e-07,6.81298786276e-08,-5.03329378176e-09,3.67022112187e-05,0.0,4.12268377659e-07,3.20613310123e-07,1.90093118135e-07,-2.89902629902e-07,2.59041684103e-07,-5.81572408009e-08,4.12268377659e-07,-3.20613310123e-07,3.74086775992e-05,0.0
1630632757542853785,height,4,32,width,4,8,imag,2,2,0,3.21920961142e-05,0.0,-1.22634205013e-07,1.52410191134e-08,-2.24902223067e-07,2.54946229461e-07,-1.27243254155e-07,-6.3454287158e-08,-1.22634205013e-07,-1.52410191134e-08,3.61280108336e-05,0.0,1.21869902614e-07,-8.40634513111e-08,1.5044758328e-08,2.78570155388e-07,-2.24902223067e-07,-2.54946229461e-07,1.21869902614e-07,8.40634513111e-08,3.64665320376e-05,0.0,1.86101431154e-07,2.0047473015e-07,-1.27243254155e-07,6.3454287158e-08,1.5044758328e-08,-2.78570155388e-07,1.86101431154e-07,-2.0047473015e-07,3.71760725102e-05,0.0
1630632757656676784,height,4,32,width,4,8,imag,2,2,0,3.19967475662e-05,0.0,1.05923874116e-07,-1.4452332664e-07,8.05403832516e-09,-7.32485432309e-08,-2.01148111501e-07,-5.32515276319e-09,1.05923874116e-07,1.4452332664e-07,3.57360695489e-05,0.0,2.9992728301e-09,3.41257049286e-08,-2.74414748702e-08,3.01901827982e-08,8.05403832516e-09,7.32485432309e-08,2.9992728301e-09,-3.41257049286e-08,3.67754946637e-05,0.0,2.35034391949e-07,1.60117011205e-07,-2.01148111501e-07,5.32515276319e-09,-2.74414748702e-08,-3.01901827982e-08,2.35034391949e-07,-1.60117011205e-07,3.74101036869e-05,0.0
1630632757746373112,height,4,32,width,4,8,imag,2,2,0,3.20816179737e-05,0.0,-1.64548822568e-07,9.31829102768e-09,-4.29773017174e-09,1.68534370459e-07,8.87849154196e-08,1.38699775221e-07,-1.64548822568e-07,-9.31829102768e-09,3.54678995791e-05,0.0,5.88652397937e-08,-1.59891669682e-07,9.33673405257e-08,7.80590951877e-08,-4.29773017174e-09,-1.68534370459e-07,5.88652397937e-08,1.59891669682e-07,3.62840764865e-05,0.0,3.08169944674e-07,-1.21686269949e-08,8.87849154196e-08,-1.38699775221e-07,9.33673405257e-08,-7.80590951877e-08,3.08169944674e-07,1.21686269949e-08,3.72232098016e-05,0.0
1630632757781559063,height,4,32,width,4,8,imag,2,2,0,3.17810990964e-05,0.0,1.16056099841e-07,1.93182515318e-07,1.81755396511e-07,5.11858715413e-08,1.79459203054e-08,7.78725635087e-08,1.16056099841e-07,-1.93182515318e-07,3.56582277163e-05,0.0,1.13251807932e-07,-5.08032016455e-08,2.14789008801e-09,-2.66732502752e-08,1.81755396511e-07,-5.11858715413e-08,1.13251807932e-07,5.08032016455e-08,3.68208638974e-05,0.0,-7.46609085667e-09,-3.1481164342e-08,1.79459203054e-08,-7.78725635087e-08,2.14789008801e-09,2.66732502752e-08,-7.46609085667e-09,3.1481164342e-08,3.73492330255e-05,0.0
1630632757838468169,height,4,32,width,4,8,imag,2,2,0,0.00137007480953,0.0,0.0154961710796,-0.00778696825728,0.0162387862802,-0.00511978985742,-0.00485710473731,0.0189842190593,0.0154961710796,0.00778696825728,0.230770632625,0.0,0.22124697268,0.0356679260731,-0.168754860759,0.193963691592,0.0162387862802,0.00511978985742,0.22124697268,-0.0356679260731,0.218986958265,0.0,-0.132180929184,0.212612524629,-0.00485710473731,-0.0189842190593,-0.168754860759,-0.193963691592,-0.132180929184,-0.212612524629,0.292518556118,0.0
1630632757973983266,height,4,32,width,4,8,imag,2,2,0,3.19197788485e-05,0.0,6.57232916979e-08,-1.89532997297e-07,-1.81709197022e-07,2.95469533285e-08,-1.20702054573e-07,-8.34542319694e-08,6.57232916979e-08,1.89532997297e-07,3.62022874469e-05,0.0,3.96979302764e-08,-3.76598791263e-07,1.44388934586e-07,2.68358604671e-07,-1.81709197022e-07,-2.95469533285e-08,3.96979302764e-08,3.76598791263e-07,3.63564940926e-05,0.0,1.35689688818e-07,1.39638913765e-07,-1.20702054573e-07,8.34542319694e-08,1.44388934586e-07,-2.68358604671e-07,1.35689688818e-07,-1.39638913765e-07,3.70373636542e-05,0.0
1630632758024821165,height,4,32,width,4,8,imag,2,2,0,0.00213034613989,0.0,0.024456879124,-0.0118851298466,0.0256066210568,-0.00751593895257,-0.00849306117743,0.0288922674954,0.024456879124,0.0118851298466,0.361292749643,0.0,0.346115201712,0.0582686215639,-0.265152096748,0.291020840406,0.0256066210568,0.00751593895257,0.346115201712,-0.0582686215639,0.342972636223,0.0,-0.207720085979,0.322681158781,-0.00849306117743,-0.0288922674954,-0.265152096748,-0.291020840406,-0.207720085979,-0.322681158781,0.439088195562,0.0
1630632758049090030,height,4,32,width,4,8,imag,2,2,0,3.21691550198e-05,0.0,-5.04350907704e-08,-8.81267503416e-09,-1.73634671086e-08,-1.64988321671e-07,-2.2384956111e-08,-4.85716391552e-08,-5.04350907704e-08,8.81267503416e-09,3.55765405402e-05,0.0,3.25270747226e-07,2.11469043165e-07,-1.09865050391e-08,-3.65627244037e-08,-1.73634671086e-08,1.64988321671e-07,3.25270747226e-07,-2.11469043165e-07,3.63705839845e-05,0.0,2.31441532605e-07,2.28704053029e-07,-2.2384956111e-08,4.85716391552e-08,-1.09865050391e-08,3.65627244037e-08,2.31441532605e-07,-2.28704053029e-07,3.72143549612e-05,0.0
1630632758184398670,height,4,32,width,4,8,imag,2,2,0,0.0021290704608,0.0,0.0244754534215,-0.0118566416204,0.0257026273757,-0.00726716546342,-0.00760719599202,0.0288612395525,0.0244754534215,0.0118566416204,0.36215788126,0.0,0.3461586833,0.0613758787513,-0.255022615194,0.29650118947,0.0257026273757,0.00726716546342,0.3461586833,-0.0613758787513,0.343583405018,0.0,-0.193997234106,0.32801553607,-0.00760719599202,-0.0288612395525,-0.255022615194,-0.29650118947,-0.193997234106,-0.32801553607,0.431947618723,0.0
1630632758230011970,height,4,32,width,4,8,imag,2,2,0,3.21852785419e-05,0.0,1.28506300712e-07,-1.05391684713e-07,-5.82155870177e-08,1.92001436972e-07,-3.50265054294e-07,-1.03607312951e-07,1.28506300712e-07,1.05391684713e-07,3.63515500794e-05,0.0,7.30876479338e-08,-2.1413517004e-07,2.68359077182e-08,1.81144486078e-08,-5.82155870177e-08,-1.92001436972e-07,7.30876479338e-08,2.1413517004e-07,3.63775325241e-05,0.0,1.37490872021e-07,8.79789485708e-09,-3.50265054294e-07,1.03607312951e-07,2.68359077182e-08,-1.81144486078e-08,1.37490872021e-07,-8.79789485708e-09,3.72795984731e-05,0.0
1630632758311002788,height,4,32,width,4,8,imag,2,2,0,0.00136938889045,0.0,0.0154917212203,-0.00777915958315,0.0162359401584,-0.00511336838827,-0.00486549176276,0.0189761146903,0.0154917212203,0.00777915958315,0.230741143227,0.0,0.221229627728,0.0356598123908,-0.168763414025,0.193949654698,0.0162359401584,0.00511336838827,0.221229627728,-0.0356598123908,0.218984380364,0.0,-0.132203683257,0.212609156966,-0.00486549176276,-0.0189761146903,-0.168763414025,-0.193949654698,-0.132203683257,-0.212609156966,0.29255759716,0.0
1630632758445309542,height,4,32,width,4,8,imag,2,2,0,3.18554775731e-05,0.0,-3.66955923425e-08,2.06738789643e-07,1.99179226001e-07,-9.54779579843e-08,1.55653211209e-07,2.00201938583e-07,-3.66955923425e-08,-2.06738789643e-07,3.5851749999e-05,0.0,-8.10076343782e-08,-3.88726668632e-08,1.0834307318e-07,-1.63503301565e-07,1.99179226001e-07,9.54779579843e-08,-8.10076343782e-08,3.88726668632e-08,3.6818702938e-05,0.0,4.22992172844e-07,9.76931957553e-08,1.55653211209e-07,-2.00201938583e-07,1.0834307318e-07,1.63503301565e-07,4.22992172844e-07,-9.76931957553e-08,3.71491260012e-05,0.0
1630632758448947087,height,4,32,width,4,8,imag,2,2,0,0.00214240979403,0.0,0.0247272904962,-0.011716322042,0.0259179584682,-0.0067384345457,-0.00655692908913,0.0298013072461,0.0247272904962,0.011716322042,0.364230960608,0.0,0.346128642559,0.0660238936543,-0.245556280017,0.316182672977,0.0259179584682,0.0067384345457,0.346128642559,-0.0660238936543,0.343175411224,0.0,-0.176382809877,0.346111893654,-0.00655692908913,-0.0298013072461,-0.245556280017,-0.316182672977,-0.176382809877,-0.346111893654,0.44946923852,0.0
1630632758553209539,height,4,32,width,4,8,imag,2,2,0,0.00212911143899,0.0,0.0244384296238,-0.0119142467156,0.0255932155997,-0.00755032151937,-0.00845279265195,0.0288965068758,0.0244384296238,0.0119142467156,0.361350268126,0.0,0.346183687449,0.0582725554705,-0.265178829432,0.291039377451,0.0255932155997,0.00755032151937,0.346183687449,-0.0582725554705,0.343054294586,0.0,-0.207756280899,0.322705894709,-0.00845279265195,-0.0288965068758,-0.265178829432,-0.291039377451,-0.207756280899,-0.322705894709,0.439090520144,0.0
1630632758601209092,height,4,32,width,4,8,imag,2,2,0,0.00212888675742,0.0,0.0244875010103,-0.0116528971121,0.0256263706833,-0.00659614568576,-0.00688673229888,0.0296995993704,0.0244875010103,0.0116528971121,0.359747797251,0.0,0.340769350529,0.0665589943528,-0.24857789278,0.311895161867,0.0256263706833,0.00659614568576,0.340769350529,-0.0665589943528,0.337217837572,0.0,-0.178122743964,0.342377275229,-0.00688673229888,-0.0296995993704,-0.24857789278,-0.311895161867,-0.178122743964,-0.342377275229,0.451573491096,0.0
1630632758681548698,height,4,32,width,4,8,imag,2,2,0,3.22915839206e-05,0.0,-3.77136132101e-07,2.06601370678e-07,-1.67779774074e-07,1.16243654702e-07,1.1955958712e-07,2.11665607708e-07,-3.77136132101e-07,-2.06601370678e-07,3.61642196367e-05,0.0,-5.11928111013e-10,-9.98865914426e-08,1.7632652316e-07,1.00587556062e-07,-1.67779774074e-07,-1.16243654702e-07,-5.11928111013e-10,9.98865914426e-08,3.6605670175e-05,0.0,4.44121504017e-08,-2.85415246992e-08,1.1955958712e-07,-2.11665607708e-07,1.7632652316e-07,-1.00587556062e-07,4.44121504017e-08,2.85415246992e-08,3.7349302147e-05,0.0
1630632758746382039,height,4,32,width,4,8,imag,2,2,0,0.00212970399298,0.0,0.024480028078,-0.0118433283642,0.0257082507014,-0.00725651346147,-0.00762163894251,0.0288601890206,0.024480028078,0.0118433283642,0.3621109128,0.0,0.346149146557,0.0613685101271,-0.254974126816,0.296466529369,0.0257082507014,0.00725651346147,0.346149146557,-0.0613685101271,0.343607455492,0.0,-0.193984121084,0.328008145094,-0.00762163894251,-0.0288601890206,-0.254974126816,-0.296466529369,-0.193984121084,-0.328008145094,0.431881517172,0.0
1630632758773885350,height,4,32,width,4,8,imag,2,2,0,0.00212405063212,0.0,0.0243692640215,-0.0117790801451,0.0255816169083,-0.00686409883201,-0.00674468604848,0.0295864157379,0.0243692640215,0.0117790801451,0.358963578939,0.0,0.341388255358,0.0651350021362,-0.248114615679,0.30982837081,0.0255816169083,0.00686409883201,0.341388255358,-0.0651350021362,0.338550120592,0.0,-0.180136039853,0.340628176928,-0.00674468604848,-0.0295864157379,-0.248114615679,-0.30982837081,-0.180136039853,-0.340628176928,0.448435902596,0.0
1630632758862396784,height,4,32,width,4,8,imag,2,2,0,0.00136805442162,0.0,0.0154867647216,-0.00777826458216,0.0162298548967,-0.00511415209621,-0.00485783070326,0.0189677309245,0.0154867647216,0.00777826458216,0.230746224523,0.0,0.22124260664,0.0356711894274,-0.168777167797,0.193939164281,0.0162298548967,0.00511415209621,0.22124260664,-0.0356711894274,0.219003841281,0.0,-0.13221386075,0.212610825896,-0.00485783070326,-0.0189677309245,-0.168777167797,-0.193939164281,-0.13221386075,-0.212610825896,0.29253283143,0.0
1630632758939104914,height,4,32,width,4,8,imag,2,2,0,0.00211968109943,0.0,0.0242287404835,-0.0120604624972,0.0255042742938,-0.00732052978128,-0.00629899743944,0.0296255834401,0.0242287404835,0.0120604624972,0.359568178654,0.0,0.343111872673,0.0632757097483,-0.247041448951,0.310415357351,0.0255042742938,0.00732052978128,0.343111872673,-0.0632757097483,0.340570271015,0.0,-0.181486487389,0.340664476156,-0.00629899743944,-0.0296255834401,-0.247041448951,-0.310415357351,-0.181486487389,-0.340664476156,0.447282075882,0.0
1630632758947291582,height,4,32,width,4,8,imag,2,2,0,0.00214269780554,0.0,0.024726094678,-0.011719962582,0.0259200632572,-0.00673740636557,-0.00655291415751,0.029803622514,0.024726094678,0.011719962582,0.364251434803,0.0,0.346141993999,0.0660692453384,-0.245564103127,0.316204607487,0.0259200632572,0.00673740636557,0.346141993999,-0.0660692453384,0.343195647001,0.0,-0.176343396306,0.346152245998,-0.00655291415751,-0.029803622514,-0.245564103127,-0.316204607487,-0.176343396306,-0.346152245998,0.449482768774,0.0
1630632759090909353,height,4,32,width,4,8,imag,2,2,0,0.00212410115637,0.0,0.0244188997895,-0.0118853412569,0.025570968166,-0.00752287218347,-0.00846569146961,0.0288531631231,0.0244188997895,0.0118853412569,0.361302316189,0.0,0.346141397953,0.0583040826023,-0.265186935663,0.291003972292,0.025570968166,0.00752287218347,0.346141397953,-0.0583040826023,0.343023180962,0.0,-0.207738801837,0.32270616293,-0.00846569146961,-0.0288531631231,-0.265186935663,-0.291003972292,-0.207738801837,-0.32270616293,0.439098358154,0.0
1630632759133147476,height,4,32,width,4,8,imag,2,2,0,0.00212190905586,0.0,0.02400409244,-0.0124961333349,0.0253375433385,-0.00801145564765,-0.00588935753331,0.0296641830355,0.02400409244,0.0124961333349,0.35972353816,0.0,0.344190210104,0.0602293200791,-0.248182535172,0.308951407671,0.0253375433385,0.00801145564765,0.344190210104,-0.0602293200791,0.34150442481,0.0,-0.1860999614,0.338163167238,-0.00588935753331,-0.0296641830355,-0.248182535172,-0.308951407671,-0.1860999614,-0.338163167238,0.445866525173,0.0
1630632759205180760,height,4,32,width,4,8,imag,2,2,0,0.00212454237044,0.0,0.024458264932,-0.011645115912,0.0255990549922,-0.00659588212147,-0.00686441268772,0.0296654105186,0.024458264932,0.011645115912,0.359772890806,0.0,0.340810775757,0.0665760934353,-0.248569861054,0.311919748783,0.0255990549922,0.00659588212147,0.340810775757,-0.0665760934353,0.337274998426,0.0,-0.178111195564,0.342419326305,-0.00686441268772,-0.0296654105186,-0.248569861054,-0.311919748783,-0.178111195564,-0.342419326305,0.4515671134,0.0
1630632759287157715,height,4,32,width,4,8,imag,2,2,0,0.00213419809006,0.0,0.0240886528045,-0.0127058308572,0.0253972057253,-0.00852517224848,-0.00534789962694,0.0298064723611,0.0240886528045,0.0127058308572,0.36225065589,0.0,0.348000109196,0.05637729913,-0.244512677193,0.312562346458,0.0253972057253,0.00852517224848,0.348000109196,-0.05637729913,0.345176786184,0.0,-0.186583042145,0.339408457279,-0.00534789962694,-0.0298064723611,-0.244512677193,-0.312562346458,-0.186583042145,-0.339408457279,0.444148212671,0.0
1630632759295790447,height,4,32,width,4,8,imag,2,2,0,0.00212876033038,0.0,0.0244765877724,-0.0118463123217,0.0257011577487,-0.0072579337284,-0.0076129543595,0.0288587640971,0.0244765877724,0.0118463123217,0.362184375525,0.0,0.346158653498,0.0613836795092,-0.254982322454,0.296513080597,0.0257011577487,0.0072579337284,0.346158653498,-0.0613836795092,0.343568354845,0.0,-0.19394133985,0.328014284372,-0.0076129543595,-0.0288587640971,-0.254982322454,-0.296513080597,-0.19394133985,-0.328014284372,0.43189239502,0.0
1630632759470000141,height,4,32,width,4,8,imag,2,2,0,0.00212637009099,0.0,0.0243785027415,-0.0118051990867,0.0255946274847,-0.0068898126483,-0.00672849453986,0.0296122822911,0.0243785027415,0.0118051990867,0.358990192413,0.0,0.341417223215,0.0651255697012,-0.248133420944,0.309816330671,0.0255946274847,0.0068898126483,0.341417223215,-0.0651255697012,0.338579028845,0.0,-0.180168688297,0.34062024951,-0.00672849453986,-0.0296122822911,-0.248133420944,-0.309816330671,-0.180168688297,-0.34062024951,0.448418587446,0.0
1630632759490044584,height,4,32,width,4,8,imag,2,2,0,0.00212584855035,0.0,0.0235983543098,-0.0132658528164,0.0249552689493,-0.00949899759144,-0.00523387547582,0.0295997709036,0.0235983543098,0.0132658528164,0.359486728907,0.0,0.347060352564,0.0513794645667,-0.24961912632,0.303784787655,0.0249552689493,0.00949899759144,0.347060352564,-0.0513794645667,0.344413936138,0.0,-0.197997108102,0.330118864775,-0.00523387547582,-0.0295997709036,-0.24961912632,-0.303784787655,-0.197997108102,-0.330118864775,0.439351022243,0.0
1630632759558466434,height,4,32,width,4,8,imag,2,2,0,0.00214336393401,0.0,0.0247342698276,-0.0117271961644,0.0259211994708,-0.00674822228029,-0.00654381560162,0.0298133194447,0.0247342698276,0.0117271961644,0.364255160093,0.0,0.346100747585,0.0660001933575,-0.245512336493,0.316229909658,0.0259211994708,0.00674822228029,0.346100747585,-0.0660001933575,0.343089550734,0.0,-0.176324218512,0.346079826355,-0.00654381560162,-0.0298133194447,-0.245512336493,-0.316229909658,-0.176324218512,-0.346079826355,0.449456244707,0.0
1630632759641102608,height,4,32,width,4,8,imag,2,2,0,0.000287720846245,0.0,0.00285499030724,-0.00164641579613,0.00301980739459,-0.00120360020082,-0.000595811114181,0.00360938161612,0.00285499030724,0.00164641579613,0.0437452681363,0.0,0.0422362759709,0.00604832544923,-0.0302947126329,0.0369103401899,0.00301980739459,0.00120360020082,0.0422362759709,-0.00604832544923,0.0419198907912,0.0,-0.0242113713175,0.039984125644,-0.000595811114181,-0.00360938161612,-0.0302947126329,-0.0369103401899,-0.0242113713175,-0.039984125644,0.0533763617277,0.0
1630632759671087845,height,4,32,width,4,8,imag,2,2,0,0.00211926270276,0.0,0.02422240749,-0.0120581258088,0.0254966747016,-0.00732246460393,-0.00629318552092,0.0296187978238,0.02422240749,0.0120581258088,0.359609127045,0.0,0.343136429787,0.0632446408272,-0.247011691332,0.310397654772,0.0254966747016,0.00732246460393,0.343136429787,-0.0632446408272,0.340566188097,0.0,-0.181487053633,0.34060510993,-0.00629318552092,-0.0296187978238,-0.247011691332,-0.310397654772,-0.181487053633,-0.34060510993,0.447157889605,0.0
1630632759790066667,height,4,32,width,4,8,imag,2,2,0,0.00212943879887,0.0,0.0244913324714,-0.0116490153596,0.0256309490651,-0.00659507233649,-0.00689032441005,0.029699428007,0.0244913324714,0.0116490153596,0.359739363194,0.0,0.34078001976,0.066560767591,-0.248534753919,0.311873972416,0.0256309490651,0.00659507233649,0.34078001976,-0.066560767591,0.337240725756,0.0,-0.178101792932,0.34236818552,-0.00689032441005,-0.029699428007,-0.248534753919,-0.311873972416,-0.178101792932,-0.34236818552,0.451497375965,0.0
1630632759824280105,height,4,32,width,4,8,imag,2,2,0,3.19229002343e-05,0.0,-3.29315881231e-08,7.43587804664e-08,-1.73648800228e-07,3.00441591605e-08,-3.51081325789e-07,-1.63757263749e-07,-3.29315881231e-08,-7.43587804664e-08,3.6068387999e-05,0.0,-1.95559721305e-07,-3.485138933e-08,1.58595142352e-07,2.43175975356e-07,-1.73648800228e-07,-3.00441591605e-08,-1.95559721305e-07,3.485138933e-08,3.66199819837e-05,0.0,6.86510475134e-08,2.34967657775e-07,-3.51081325789e-07,1.63757263749e-07,1.58595142352e-07,-2.43175975356e-07,6.86510475134e-08,-2.34967657775e-07,3.73740440409e-05,0.0
1630632759849701203,height,4,32,width,4,8,imag,2,2,0,0.00212129903957,0.0,0.0240050200373,-0.0124915726483,0.0253352988511,-0.00800641253591,-0.00589406909421,0.0296621471643,0.0240050200373,0.0124915726483,0.359748393297,0.0,0.344205886126,0.0602325834334,-0.248172432184,0.308930546045,0.0253352988511,0.00800641253591,0.344205886126,-0.0602325834334,0.341514766216,0.0,-0.186090022326,0.33813777566,-0.00589406909421,-0.0296621471643,-0.248172432184,-0.308930546045,-0.186090022326,-0.33813777566,0.445793092251,0.0
1630632759997022058,height,4,32,width,4,8,imag,2,2,0,0.00212821294554,0.0,0.0240566432476,-0.0126874325797,0.0253618005663,-0.00851438567042,-0.00534384418279,0.0297673493624,0.0240566432476,0.0126874325797,0.362224340439,0.0,0.3479834795,0.0563466586173,-0.244518667459,0.312536209822,0.0253618005663,0.00851438567042,0.3479834795,-0.0563466586173,0.345162123442,0.0,-0.186619415879,0.33937099576,-0.00534384418279,-0.0297673493624,-0.244518667459,-0.312536209822,-0.186619415879,-0.33937099576,0.444145232439,0.0
1630632760012493921,height,4,32,width,4,8,imag,2,2,0,3.19446808135e-05,0.0,3.65869468055e-08,2.63475527618e-07,-5.53855663554e-08,-1.55411584046e-07,2.70515752021e-08,-1.41659896258e-07,3.65869468055e-08,-2.63475527618e-07,3.59081786883e-05,0.0,-1.02826504644e-07,5.77968286564e-08,1.60966010299e-07,-2.16345725335e-07,-5.53855663554e-08,1.55411584046e-07,-1.02826504644e-07,-5.77968286564e-08,3.622544682e-05,0.0,1.44660788237e-07,1.03472444835e-07,2.70515752021e-08,1.41659896258e-07,1.60966010299e-07,2.16345725335e-07,1.44660788237e-07,-1.03472444835e-07,3.74423616449e-05,0.0
1630632760063983506,height,4,32,width,4,8,imag,2,2,0,0.0021218736656,0.0,0.0243468657136,-0.0117896702141,0.025565456599,-0.00687658693641,-0.0067197070457,0.0295845642686,0.0243468657136,0.0117896702141,0.358921319246,0.0,0.341380089521,0.0651566535234,-0.248087257147,0.309836179018,0.025565456599,0.00687658693641,0.341380089521,-0.0651566535234,0.338584631681,0.0,-0.180111035705,0.34068185091,-0.0067197070457,-0.0295845642686,-0.248087257147,-0.309836179018,-0.180111035705,-0.34068185091,0.448471456766,0.0
1630632760224644764,height,4,32,width,4,8,imag,2,2,0,0.00212072697468,0.0,0.0235830955207,-0.0132348574698,0.024929722771,-0.00946990400553,-0.00525033706799,0.0295622963458,0.0235830955207,0.0132348574698,0.359517484903,0.0,0.347046077251,0.0513687729836,-0.249649658799,0.303795456886,0.024929722771,0.00946990400553,0.347046077251,-0.0513687729836,0.344351112843,0.0,-0.198007211089,0.330082088709,-0.00525033706799,-0.0295622963458,-0.249649658799,-0.303795456886,-0.198007211089,-0.330082088709,0.439378291368,0.0
1630632760269338778,height,4,32,width,4,8,imag,2,2,0,0.00212591490708,0.0,0.0242738649249,-0.0120565732941,0.0255473013967,-0.00730763748288,-0.00633240351453,0.0296579487622,0.0242738649249,0.0120565732941,0.359611749649,0.0,0.343133419752,0.0633030757308,-0.247067660093,0.310388714075,0.0255473013967,0.00730763748288,0.343133419752,-0.0633030757308,0.340576887131,0.0,-0.181478798389,0.340641766787,-0.00633240351453,-0.0296579487622,-0.247067660093,-0.310388714075,-0.181478798389,-0.340641766787,0.447205513716,0.0
1630632760278995279,height,4,32,width,4,8,imag,2,2,0,3.20660910802e-05,0.0,1.42968175965e-07,-2.05288273492e-07,8.24653128007e-08,-3.97728818768e-08,7.31386862185e-09,1.09254960634e-08,1.42968175965e-07,2.05288273492e-07,3.58101606253e-05,0.0,-1.25248877936e-08,2.26673861903e-08,2.08138445146e-07,-5.67187932177e-08,8.24653128007e-08,3.97728818768e-08,-1.25248877936e-08,-2.26673861903e-08,3.68868131773e-05,0.0,-6.65767743158e-08,2.84376284299e-07,7.31386862185e-09,-1.09254960634e-08,2.08138445146e-07,5.67187932177e-08,-6.65767743158e-08,-2.84376284299e-07,3.72650865756e-05,0.0
1630632760450657586,height,4,32,width,4,8,imag,2,2,0,0.000286318914732,0.0,0.00285327504389,-0.00163702259306,0.00301647488959,-0.00119505217299,-0.000600893457886,0.0035990444012,0.00285327504389,0.00163702259306,0.0437596328557,0.0,0.0422530472279,0.00605053361505,-0.0302903242409,0.0369270369411,0.00301647488959,0.00119505217299,0.0422530472279,-0.00605053361505,0.0419390834868,0.0,-0.0242023803294,0.0400017090142,-0.000600893457886,-0.0035990444012,-0.0302903242409,-0.0369270369411,-0.0242023803294,-0.0400017090142,0.0533740147948,0.0
1630632760459053834,height,4,32,width,4,8,imag,2,2,0,3.20689941873e-05,0.0,-3.68545265417e-08,-3.89522831767e-08,1.59373570341e-07,7.19797910165e-08,1.98704398713e-07,-1.24190520978e-07,-3.68545265417e-08,3.89522831767e-08,3.58893303201e-05,0.0,8.23734680466e-09,-8.68657608066e-08,1.61111302077e-07,-1.70195619376e-07,1.59373570341e-07,-7.19797910165e-08,8.23734680466e-09,8.68657608066e-08,3.63449580618e-05,0.0,4.20840024162e-07,-5.93435132146e-08,1.98704398713e-07,1.24190520978e-07,1.61111302077e-07,1.70195619376e-07,4.20840024162e-07,5.93435132146e-08,3.7480975152e-05,0.0
1630632760535866991,height,4,32,width,4,8,imag,2,2,0,0.00211746012792,0.0,0.0239916332066,-0.0124635118991,0.0253195539117,-0.00798264704645,-0.00591094791889,0.0296282786876,0.0239916332066,0.0124635118991,0.359710663557,0.0,0.34418913722,0.0602220073342,-0.24815684557,0.308920800686,0.0253195539117,0.00798264704645,0.34418913722,-0.0602220073342,0.341512918472,0.0,-0.186089217663,0.338139474392,-0.00591094791889,-0.0296282786876,-0.24815684557,-0.308920800686,-0.186089217663,-0.338139474392,0.445801526308,0.0
1630632760616327404,height,4,32,width,4,8,imag,2,2,0,3.2266627386e-05,0.0,1.36862482236e-07,1.14060945577e-07,-1.32574551337e-09,1.56736845724e-07,2.43271585987e-07,-1.12325622581e-07,1.36862482236e-07,-1.14060945577e-07,3.63928338629e-05,0.0,-1.07263822713e-07,-1.55760616849e-07,-3.42400063857e-08,-1.35410118673e-08,-1.32574551337e-09,-1.56736845724e-07,-1.07263822713e-07,1.55760616849e-07,3.62148239219e-05,0.0,1.5276305021e-07,2.04512261348e-07,2.43271585987e-07,1.12325622581e-07,-3.42400063857e-08,1.35410118673e-08,1.5276305021e-07,-2.04512261348e-07,3.73404109268e-05,0.0
1630632760647330544,height,4,32,width,4,8,imag,2,2,0,3.192193617e-05,0.0,-2.73154455499e-07,-2.1816266127e-08,5.38506057524e-08,6.11592199107e-08,1.09132706427e-07,1.04231915543e-07,-2.73154455499e-07,2.1816266127e-08,3.57338685717e-05,0.0,-1.62809698168e-07,-1.23137553487e-07,-4.48333814518e-08,3.66367451932e-08,5.38506057524e-08,-6.11592199107e-08,-1.62809698168e-07,1.23137553487e-07,3.6582336179e-05,0.0,2.59815777781e-07,-2.92337318797e-08,1.09132706427e-07,-1.04231915543e-07,-4.48333814518e-08,-3.66367451932e-08,2.59815777781e-07,2.92337318797e-08,3.75051604351e-05,0.0
1630632760774229755,height,4,32,width,4,8,imag,2,2,0,0.00213320995681,0.0,0.0240892004222,-0.0126840109006,0.0253961496055,-0.00850525870919,-0.00536897033453,0.0297959819436,0.0240892004222,0.0126840109006,0.362213611603,0.0,0.347989410162,0.056352917105,-0.244525924325,0.312530100346,0.0253961496055,0.00850525870919,0.347989410162,-0.056352917105,0.345184743404,0.0,-0.186628177762,0.339387387037,-0.00536897033453,-0.0297959819436,-0.244525924325,-0.312530100346,-0.186628177762,-0.339387387037,0.444156259298,0.0
1630632760806237130,height,4,32,width,4,8,imag,2,2,0,3.21352308674e-05,0.0,-5.56200134838e-08,1.41027394207e-08,-9.41227806806e-09,-4.16190903962e-09,5.84582018348e-08,-2.56138399379e-08,-5.56200134838e-08,-1.41027394207e-08,3.63807448593e-05,0.0,-2.14398099274e-09,-2.46301198104e-07,-1.09127192616e-07,-1.89926296912e-08,-9.41227806806e-09,4.16190903962e-09,-2.14398099274e-09,2.46301198104e-07,3.61608217645e-05,0.0,4.21652117666e-07,3.56961891157e-07,5.84582018348e-08,2.56138399379e-08,-1.09127192616e-07,1.89926296912e-08,4.21652117666e-07,-3.56961891157e-07,3.75060517399e-05,0.0
1630632760843711734,height,4,32,width,4,8,imag,2,2,0,3.21983243339e-05,0.0,-5.51908456714e-08,6.6465631221e-08,-3.28115845605e-08,5.54355956695e-08,-2.63070609741e-09,-2.66757371747e-08,-5.51908456714e-08,-6.6465631221e-08,3.58087054337e-05,0.0,8.41437071131e-08,-6.96673225775e-08,1.47688709262e-07,4.56497737389e-08,-3.28115845605e-08,-5.54355956695e-08,8.41437071131e-08,6.96673225775e-08,3.61946258636e-05,0.0,3.98721169859e-07,-3.58380489729e-08,-2.63070609741e-09,2.66757371747e-08,1.47688709262e-07,-4.56497737389e-08,3.98721169859e-07,3.58380489729e-08,3.77716060029e-05,0.0
1630632760945159281,height,4,32,width,4,8,imag,2,2,0,3.22309497278e-05,0.0,-1.97415531034e-07,-4.71363286181e-08,-4.17735783742e-08,2.00392051397e-07,-1.31352095423e-07,1.19490508155e-07,-1.97415531034e-07,4.71363286181e-08,3.57897624781e-05,0.0,2.10698956948e-07,-1.69169197761e-07,-1.23043506051e-07,-4.40086411757e-09,-4.17735783742e-08,-2.00392051397e-07,2.10698956948e-07,1.69169197761e-07,3.62978571502e-05,0.0,4.05249437563e-07,3.90052434796e-08,-1.31352095423e-07,-1.19490508155e-07,-1.23043506051e-07,4.40086411757e-09,4.05249437563e-07,-3.90052434796e-08,3.74717928935e-05,0.0
1630632760953483561,height,4,32,width,4,8,imag,2,2,0,0.00212172535248,0.0,0.0235848817974,-0.0132424049079,0.0249328296632,-0.00947591755539,-0.00524464249611,0.0295706186444,0.0235848817974,0.0132424049079,0.359574526548,0.0,0.347079604864,0.0513800494373,-0.249698281288,0.303823590279,0.0249328296632,0.00947591755539,0.347079604864,-0.0513800494373,0.344367235899,0.0,-0.198027566075,0.330098092556,-0.00524464249611,-0.0295706186444,-0.249698281288,-0.303823590279,-0.198027566075,-0.330098092556,0.439415305853,0.0
1630632761063847750,height,4,32,width,4,8,imag,2,2,0,3.19993050653e-05,0.0,-1.16810365824e-08,5.42600275821e-08,2.76800420806e-07,-7.88997454038e-08,-2.65368917951e-08,-4.03898035017e-08,-1.16810365824e-08,-5.42600275821e-08,3.61012425856e-05,0.0,-5.12273850006e-08,-1.76310678057e-07,-2.9704859017e-08,1.53627667032e-07,2.76800420806e-07,7.88997454038e-08,-5.12273850006e-08,1.76310678057e-07,3.68213659385e-05,0.0,2.12239200437e-07,1.6852307283e-07,-2.65368917951e-08,4.03898035017e-08,-2.9704859017e-08,-1.53627667032e-07,2.12239200437e-07,-1.6852307283e-07,3.72092144971e-05,0.0
1630632761134147337,height,4,32,width,4,8,imag,2,2,0,3.22894884448e-05,0.0,1.6893407917e-07,7.71476482697e-09,-1.88820550306e-07,2.29433950949e-07,-4.95572152204e-08,1.34787910611e-07,1.6893407917e-07,-7.71476482697e-09,3.60573831131e-05,0.0,-8.82413502268e-08,-1.93891438016e-07,5.0382560346e-08,-1.27181337461e-07,-1.88820550306e-07,-2.29433950949e-07,-8.82413502268e-08,1.93891438016e-07,3.66668609786e-05,0.0,3.26102167492e-07,7.87998644114e-08,-4.95572152204e-08,-1.34787910611e-07,5.0382560346e-08,1.27181337461e-07,3.26102167492e-07,-7.87998644114e-08,3.72747308575e-05,0.0
1630632761186726962,height,4,32,width,4,8,imag,2,2,0,0.000286581169348,0.0,0.00285356119275,-0.0016421264736,0.00301691377535,-0.00120005756617,-0.000597025209572,0.00360332732089,0.00285356119275,0.0016421264736,0.0437520258129,0.0,0.0422427356243,0.00603950675577,-0.0302800815552,0.0369207784534,0.00301691377535,0.00120005756617,0.0422427356243,-0.00603950675577,0.0419233031571,0.0,-0.0242023896426,0.0399846360087,-0.000597025209572,-0.00360332732089,-0.0302800815552,-0.0369207784534,-0.0242023896426,-0.0399846360087,0.0533586740494,0.0
1630632761230945170,height,4,32,width,4,8,imag,2,2,0,3.2278469007e-05,0.0,-4.95945293721e-08,8.43389287297e-08,3.32772778222e-08,1.90646161968e-07,-1.00847570295e-08,-6.2610894247e-08,-4.95945293721e-08,-8.43389287297e-08,3.60333542631e-05,0.0,1.79531554068e-07,-7.25274915681e-08,-1.61530039122e-07,-2.5446583507e-08,3.32772778222e-08,-1.90646161968e-07,1.79531554068e-07,7.25274915681e-08,3.63964645658e-05,0.0,2.97544886507e-07,-2.84734849032e-08,-1.00847570295e-08,6.2610894247e-08,-1.61530039122e-07,2.5446583507e-08,2.97544886507e-07,2.84734849032e-08,3.75926938432e-05,0.0
1630632761338477975,height,4,32,width,4,8,imag,2,2,0,3.21184488712e-05,0.0,9.28789134491e-09,4.23014050455e-08,-1.29830155515e-07,1.18529477788e-07,-3.01897841837e-07,2.92739450458e-08,9.28789134491e-09,-4.23014050455e-08,3.58968063665e-05,0.0,-4.99524617226e-08,-5.33478932141e-08,3.82764717699e-08,1.36477453339e-07,-1.29830155515e-07,-1.18529477788e-07,-4.99524617226e-08,5.33478932141e-08,3.64331754099e-05,0.0,3.95427605326e-07,-1.34019401798e-07,-3.01897841837e-07,-2.92739450458e-08,3.82764717699e-08,-1.36477453339e-07,3.95427605326e-07,1.34019401798e-07,3.71266578441e-05,0.0
1630632761399119912,height,4,32,width,4,8,imag,2,2,0,3.19443715853e-05,0.0,2.85682748569e-08,1.21502495176e-07,-1.23045012401e-07,-9.73323750486e-08,-1.13014886338e-08,9.11808228921e-08,2.85682748569e-08,-1.21502495176e-07,3.61649545084e-05,0.0,8.95429952408e-09,-2.24268088544e-08,2.36563160172e-08,-3.15569472775e-08,-1.23045012401e-07,9.73323750486e-08,8.95429952408e-09,2.24268088544e-08,3.6307839764e-05,0.0,3.93038078528e-07,-3.30040990093e-08,-1.13014886338e-08,-9.11808228921e-08,2.36563160172e-08,3.15569472775e-08,3.93038078528e-07,3.30040990093e-08,3.71487367374e-05,0.0
1630632761485372348,height,4,32,width,4,8,imag,2,2,0,3.21441548294e-05,0.0,1.79310973181e-07,-9.47933145312e-08,1.23018679687e-07,2.92952137215e-07,-1.26241971543e-07,1.44081340636e-07,1.79310973181e-07,9.47933145312e-08,3.59494624718e-05,0.0,5.13013382886e-08,-1.3975420643e-07,2.45349724537e-07,1.08193759729e-07,1.23018679687e-07,-2.92952137215e-07,5.13013382886e-08,1.3975420643e-07,3.669992293e-05,0.0,1.45971739585e-07,2.50109223998e-07,-1.26241971543e-07,-1.44081340636e-07,2.45349724537e-07,-1.08193759729e-07,1.45971739585e-07,-2.50109223998e-07,3.74429400836e-05,0.0
1630632761569642098,height,4,32,width,4,8,imag,2,2,0,3.21281986544e-05,0.0,-3.91099419517e-08,3.59528343097e-07,-7.43755776966e-08,-1.78218257929e-07,3.22758268112e-07,8.72319532164e-08,-3.91099419517e-08,-3.59528343097e-07,3.58074685209e-05,0.0,1.61447573532e-07,-1.32389402552e-07,2.92638532073e-07,9.47360803139e-08,-7.43755776966e-08,1.78218257929e-07,1.61447573532e-07,1.32389402552e-07,3.64904481103e-05,0.0,2.46860054176e-07,1.39487255524e-07,3.22758268112e-07,-8.72319532164e-08,2.92638532073e-07,-9.47360803139e-08,2.46860054176e-07,-1.39487255524e-07,3.75464369426e-05,0.0
1630632761572118436,height,4,32,width,4,8,imag,2,2,0,3.20904327964e-05,0.0,-1.58627088354e-07,-1.63528266484e-08,4.18322221307e-09,-1.79271566481e-07,-1.3098477325e-07,4.01740933853e-08,-1.58627088354e-07,1.63528266484e-08,3.5775352444e-05,0.0,-9.76064651326e-09,-1.33476959263e-07,-1.24568458659e-07,-2.79954520011e-07,4.18322221307e-09,1.79271566481e-07,-9.76064651326e-09,1.33476959263e-07,3.62205682904e-05,0.0,7.25897635334e-08,-1.918145216e-07,-1.3098477325e-07,-4.01740933853e-08,-1.24568458659e-07,2.79954520011e-07,7.25897635334e-08,1.918145216e-07,3.70805173588e-05,0.0
1630632761708155773,height,4,32,width,4,8,imag,2,2,0,3.18507300108e-05,0.0,1.82198917287e-07,-8.66719389592e-08,-2.2939373423e-07,7.0888624748e-08,1.03820880781e-07,2.52563090442e-08,1.82198917287e-07,8.66719389592e-08,3.6103399907e-05,0.0,-9.27666974349e-08,1.09958380179e-08,-8.75027765801e-08,-8.42233660592e-08,-2.2939373423e-07,-7.0888624748e-08,-9.27666974349e-08,-1.09958380179e-08,3.66274070984e-05,0.0,2.85563828584e-07,-4.75019206192e-08,1.03820880781e-07,-2.52563090442e-08,-8.75027765801e-08,8.42233660592e-08,2.85563828584e-07,4.75019206192e-08,3.7269321183e-05,0.0
1630632761736052396,height,4,32,width,4,8,imag,2,2,0,3.2117619412e-05,0.0,9.78648606598e-10,-2.2496479346e-07,5.38432907149e-08,1.03005437513e-09,9.49473673018e-08,1.88518797017e-07,9.78648606598e-10,2.2496479346e-07,3.62466344086e-05,0.0,1.47111492765e-07,5.91723221532e-08,-2.43673156319e-07,9.29565813212e-10,5.38432907149e-08,-1.03005437513e-09,1.47111492765e-07,-5.91723221532e-08,3.62453392881e-05,0.0,1.61885623129e-07,-2.4613575178e-08,9.49473673018e-08,-1.88518797017e-07,-2.43673156319e-07,-9.29565813212e-10,1.61885623129e-07,2.4613575178e-08,3.70609013771e-05,0.0
1630632761749241704,height,4,32,width,4,8,imag,2,2,0,3.21658808389e-05,0.0,-3.78860249839e-08,8.9276248616e-08,-1.42489398058e-07,2.16869594283e-07,1.51990960262e-07,1.88065754969e-07,-3.78860249839e-08,-8.9276248616e-08,3.60488702427e-05,0.0,-2.55965204587e-07,1.95942917003e-07,1.86345417319e-07,-3.60162886182e-08,-1.42489398058e-07,-2.16869594283e-07,-2.55965204587e-07,-1.95942917003e-07,3.69696354028e-05,0.0,3.43315946338e-07,-6.27225276162e-08,1.51990960262e-07,-1.88065754969e-07,1.86345417319e-07,3.60162886182e-08,3.43315946338e-07,6.27225276162e-08,3.70526176994e-05,0.0
1630632761959245666,height,4,32,width,4,8,imag,2,2,0,3.20628096233e-05,0.0,-1.30636891527e-07,-8.07834652505e-08,1.74803211905e-08,5.78572070253e-08,1.61127616138e-07,1.70806487176e-07,-1.30636891527e-07,8.07834652505e-08,3.58625475201e-05,0.0,3.20372464557e-07,-7.8099454015e-08,-9.73406066862e-09,-1.05152736296e-07,1.74803211905e-08,-5.78572070253e-08,3.20372464557e-07,7.8099454015e-08,3.61177590094e-05,0.0,3.39204376587e-07,3.4033203633e-07,1.61127616138e-07,-1.70806487176e-07,-9.73406066862e-09,1.05152736296e-07,3.39204376587e-07,-3.4033203633e-07,3.7114830775e-05,0.0
1630632761969259005,height,4,32,width,4,8,imag,2,2,0,3.18634884025e-05,0.0,-2.04328713949e-08,-1.60286628414e-08,-2.11537312111e-07,-1.6861434915e-08,-2.33682499129e-07,8.23193104793e-08,-2.04328713949e-08,1.60286628414e-08,3.6196615838e-05,0.0,3.87106439348e-07,-5.56609798252e-08,5.51543806182e-08,-5.23176924005e-09,-2.11537312111e-07,1.6861434915e-08,3.87106439348e-07,5.56609798252e-08,3.66921412933e-05,0.0,4.2273157419e-07,-3.68478190182e-08,-2.33682499129e-07,-8.23193104793e-08,5.51543806182e-08,5.23176924005e-09,4.2273157419e-07,3.68478190182e-08,3.74420742446e-05,0.0
1630632761980605690,height,4,32,width,4,8,imag,2,2,0,3.17548656312e-05,0.0,-7.97112704731e-08,1.6374497136e-07,-8.33848332604e-08,-1.97708274641e-07,1.38245653147e-07,-9.9399777298e-08,-7.97112704731e-08,-1.6374497136e-07,3.60217782145e-05,0.0,3.61093157153e-07,-2.10256246191e-07,1.82891412237e-07,-8.50542107855e-08,-8.33848332604e-08,1.97708274641e-07,3.61093157153e-07,2.10256246191e-07,3.64221632481e-05,0.0,5.56997349577e-07,8.03216622103e-08,1.38245653147e-07,9.9399777298e-08,1.82891412237e-07,8.50542107855e-08,5.56997349577e-07,-8.03216622103e-08,3.72926115233e-05,0.0
1630632762166351890,height,4,32,width,4,8,imag,2,2,0,3.20950202877e-05,0.0,7.96744856757e-08,2.95666424677e-08,1.27357282054e-07,-2.10453919181e-07,1.14296208054e-08,3.30374057e-08,7.96744856757e-08,-2.95666424677e-08,3.65588966815e-05,0.0,1.09788096836e-07,2.44784601477e-08,-7.83229410217e-08,-1.31708773665e-07,1.27357282054e-07,2.10453919181e-07,1.09788096836e-07,-2.44784601477e-08,3.64720617654e-05,0.0,1.79876280981e-07,2.30531114198e-07,1.14296208054e-08,-3.30374057e-08,-7.83229410217e-08,1.31708773665e-07,1.79876280981e-07,-2.30531114198e-07,3.71566165995e-05,0.0
1630632762208865426,height,4,32,width,4,8,imag,2,2,0,3.21760453517e-05,0.0,-1.28425810431e-07,-3.35001999474e-08,1.1989378379e-07,-5.69612339518e-08,-1.15077497753e-07,-5.68079947527e-08,-1.28425810431e-07,3.35001999474e-08,3.58819088433e-05,0.0,8.71809646696e-08,-2.11415297713e-07,9.66714566175e-08,-1.32214417192e-08,1.1989378379e-07,5.69612339518e-08,8.71809646696e-08,2.11415297713e-07,3.66292806575e-05,0.0,9.27762826564e-08,2.23467129246e-08,-1.15077497753e-07,5.68079947527e-08,9.66714566175e-08,1.32214417192e-08,9.27762826564e-08,-2.23467129246e-08,3.75718300347e-05,0.0
1630632762210172607,height,4,32,width,4,8,imag,2,2,0,3.21712468576e-05,0.0,-1.54713958977e-07,1.73068968934e-07,-9.0862293689e-08,-1.10806768205e-08,2.13087609779e-08,3.89245542465e-08,-1.54713958977e-07,-1.73068968934e-07,3.58917932317e-05,0.0,7.3251321453e-08,-6.90694434979e-08,-2.03529594955e-07,-1.03729377088e-07,-9.0862293689e-08,1.10806768205e-08,7.3251321453e-08,6.90694434979e-08,3.68884830095e-05,0.0,4.58011470528e-07,5.57369901344e-08,2.13087609779e-08,-3.89245542465e-08,-2.03529594955e-07,1.03729377088e-07,4.58011470528e-07,-5.57369901344e-08,3.72970971512e-05,0.0
1630632762426729565,height,4,32,width,4,8,imag,2,2,0,3.21222287312e-05,0.0,-4.11066992001e-07,-5.56701102994e-08,5.01361903105e-08,-1.14396092599e-08,-9.46131777368e-08,-1.59362656404e-07,-4.11066992001e-07,5.56701102994e-08,3.64933148376e-05,0.0,-1.86488037457e-07,1.91358680013e-08,1.71854239284e-07,1.89721461652e-07,5.01361903105e-08,1.14396092599e-08,-1.86488037457e-07,-1.91358680013e-08,3.6655295844e-05,0.0,1.61311973557e-07,2.58805226139e-08,-9.46131777368e-08,1.59362656404e-07,1.71854239284e-07,-1.89721461652e-07,1.61311973557e-07,-2.58805226139e-08,3.73059010599e-05,0.0
1630632762488508749,height,4,32,width,4,8,imag,2,2,0,3.19715509249e-05,0.0,-4.84576183624e-08,-2.99926227854e-07,-1.43760814808e-07,1.78320178179e-07,5.64086093391e-08,-8.30361912563e-08,-4.84576183624e-08,2.99926227854e-07,3.60519989044e-05,0.0,1.44174748584e-07,3.90707945996e-08,-3.10257455283e-08,-8.79995667447e-08,-1.43760814808e-07,-1.78320178179e-07,1.44174748584e-07,-3.90707945996e-08,3.62131031579e-05,0.0,3.74688852389e-07,1.96601689595e-07,5.64086093391e-08,8.30361912563e-08,-3.10257455283e-08,8.79995667447e-08,3.74688852389e-07,-1.96601689595e-07,3.70151319657e-05,0.0
1630632762505585262,height,4,32,width,4,8,imag,2,2,0,3.21321531374e-05,0.0,2.86627681589e-07,-7.8028641326e-08,-2.18780201067e-07,9.69584377231e-08,-9.8176371921e-08,-2.52903387121e-08,2.86627681589e-07,7.8028641326e-08,3.55374504579e-05,0.0,2.67374016261e-08,1.23242678285e-08,8.09542797242e-08,1.247758874e-08,-2.18780201067e-07,-9.69584377231e-08,2.67374016261e-08,-1.23242678285e-08,3.65124033124e-05,0.0,3.25056731754e-07,1.61996680959e-07,-9.8176371921e-08,2.52903387121e-08,8.09542797242e-08,-1.247758874e-08,3.25056731754e-07,-1.61996680959e-07,3.74548944819e-05,0.0
1630632762620308961,height,4,32,width,4,8,imag,2,2,0,3.22712767229e-05,0.0,2.35613506483e-09,3.30081229016e-09,3.2408934203e-07,-1.97193839035e-09,-2.53115018722e-07,8.43353262781e-08,2.35613506483e-09,-3.30081229016e-09,3.58560646418e-05,0.0,5.99635754384e-08,-2.3206459332e-07,-5.31869872589e-08,2.04348253874e-07,3.2408934203e-07,1.97193839035e-09,5.99635754384e-08,2.3206459332e-07,3.65663363482e-05,0.0,3.09155097966e-07,6.79106761936e-08,-2.53115018722e-07,-8.43353262781e-08,-5.31869872589e-08,-2.04348253874e-07,3.09155097966e-07,-6.79106761936e-08,3.74426090275e-05,0.0
1630632762693957040,height,4,32,width,4,8,imag,2,2,0,3.20871331496e-05,0.0,-1.09753763411e-07,-1.72713086499e-07,-1.2789857351e-07,-5.45905045612e-08,-2.10400216361e-07,2.02216142497e-07,-1.09753763411e-07,1.72713086499e-07,3.55560150638e-05,0.0,3.41285328886e-08,-1.20524134672e-07,1.01393965224e-07,-8.25706336638e-10,-1.2789857351e-07,5.45905045612e-08,3.41285328886e-08,1.20524134672e-07,3.59779987775e-05,0.0,3.44300616462e-07,2.09220601732e-07,-2.10400216361e-07,-2.02216142497e-07,1.01393965224e-07,8.25706336638e-10,3.44300616462e-07,-2.09220601732e-07,3.73545080947e-05,0.0
1630632762762713544,height,4,32,width,4,8,imag,2,2,0,3.19207392749e-05,0.0,1.70441197156e-07,1.07799124294e-07,-3.89494232422e-08,-1.0534317596e-07,-9.17619473739e-08,-2.31525092431e-08,1.70441197156e-07,-1.07799124294e-07,3.61787242582e-05,0.0,9.07465818045e-08,-1.87900880633e-07,-3.36631456044e-09,-1.06335640737e-07,-3.89494232422e-08,1.0534317596e-07,9.07465818045e-08,1.87900880633e-07,3.65979067283e-05,0.0,2.50138128877e-07,2.12671480426e-07,-9.17619473739e-08,2.31525092431e-08,-3.36631456044e-09,1.06335640737e-07,2.50138128877e-07,-2.12671480426e-07,3.72872818843e-05,0.0
1630632762808083460,height,4,32,width,4,8,imag,2,2,0,3.23171952914e-05,0.0,-8.74902195136e-09,3.75319579859e-08,-1.33185821483e-07,1.28250334797e-07,-1.57619538754e-07,-3.12437187233e-08,-8.74902195136e-09,-3.75319579859e-08,3.60106641892e-05,0.0,1.01099168148e-07,1.72446164015e-08,2.25466536108e-07,1.10035450973e-07,-1.33185821483e-07,-1.28250334797e-07,1.01099168148e-07,-1.72446164015e-08,3.66075764759e-05,0.0,4.08469105651e-07,-1.49101442304e-08,-1.57619538754e-07,3.12437187233e-08,2.25466536108e-07,-1.10035450973e-07,4.08469105651e-07,1.49101442304e-08,3.78023978556e-05,0.0
1630632762899505765,height,4,32,width,4,8,imag,2,2,0,3.18371057801e-05,0.0,3.09206313887e-07,1.06513098785e-07,2.96729396609e-08,3.75371875805e-08,4.68789380648e-08,9.11754085564e-08,3.09206313887e-07,-1.06513098785e-07,3.61973397958e-05,0.0,1.19840706247e-07,-1.82618279609e-07,-5.05042052623e-08,-2.3801520399e-07,2.96729396609e-08,-3.75371875805e-08,1.19840706247e-07,1.82618279609e-07,3.68858454749e-05,0.0,2.48313966722e-07,7.20297634871e-08,4.68789380648e-08,-9.11754085564e-08,-5.05042052623e-08,2.3801520399e-07,2.48313966722e-07,-7.20297634871e-08,3.72038266505e-05,0.0
1630632763057725495,height,4,32,width,4,8,imag,2,2,0,3.20908911817e-05,0.0,5.92715885261e-08,-4.65669707239e-08,-2.27317229928e-07,-2.38058447621e-07,-1.36598146128e-07,1.94957763711e-07,5.92715885261e-08,4.65669707239e-08,3.58588440577e-05,0.0,1.06708249348e-07,1.11246109213e-07,3.31509113494e-07,-8.10969353893e-08,-2.27317229928e-07,2.38058447621e-07,1.06708249348e-07,-1.11246109213e-07,3.62094215234e-05,0.0,-1.33883105491e-07,1.67279836205e-07,-1.36598146128e-07,-1.94957763711e-07,3.31509113494e-07,8.10969353893e-08,-1.33883105491e-07,-1.67279836205e-07,3.69154913642e-05,0.0
1630632763085793579,height,4,32,width,4,8,imag,2,2,0,3.20095678035e-05,0.0,-2.32893114571e-07,3.02276639275e-08,-5.54150183518e-08,3.11675307785e-07,1.37353040941e-07,6.8605217507e-08,-2.32893114571e-07,-3.02276639275e-08,3.59204859706e-05,0.0,-2.94643776044e-08,-2.97637701152e-08,3.75873110414e-09,-2.44911234404e-07,-5.54150183518e-08,-3.11675307785e-07,-2.94643776044e-08,2.97637701152e-08,3.63647959603e-05,0.0,3.10885042154e-07,-3.15099200066e-08,1.37353040941e-07,-6.8605217507e-08,3.75873110414e-09,2.44911234404e-07,3.10885042154e-07,3.15099200066e-08,3.72704780602e-05,0.0
1630632763100807228,height,4,32,width,4,8,imag,2,2,0,3.19205901178e-05,0.0,-8.75608634487e-08,1.66517253319e-08,-8.25494694823e-08,-2.75544465467e-07,1.11374937717e-07,2.65699327429e-07,-8.75608634487e-08,-1.66517253319e-08,3.632329026e-05,0.0,1.23677281749e-07,-8.43341965151e-08,-4.03769639945e-08,1.10173651535e-07,-8.25494694823e-08,2.75544465467e-07,1.23677281749e-07,8.43341965151e-08,3.66234235116e-05,0.0,1.5241839435e-07,3.55471371449e-07,1.11374937717e-07,-2.65699327429e-07,-4.03769639945e-08,-1.10173651535e-07,1.5241839435e-07,-3.55471371449e-07,3.73825532733e-05,0.0
1630632763225870751,height,4,32,width,4,8,imag,2,2,0,3.22271916957e-05,0.0,4.72139660701e-08,4.79353587934e-08,-2.60263188778e-08,-1.3041930913e-07,-7.59111742354e-08,-2.87848394009e-07,4.72139660701e-08,-4.79353587934e-08,3.60108497262e-05,0.0,1.5271484699e-07,-3.55897213922e-08,1.58561434205e-07,-1.12970830912e-07,-2.60263188778e-08,1.3041930913e-07,1.5271484699e-07,3.55897213922e-08,3.66203857993e-05,0.0,6.07967081123e-07,1.08638445795e-07,-7.59111742354e-08,2.87848394009e-07,1.58561434205e-07,1.12970830912e-07,6.07967081123e-07,-1.08638445795e-07,3.74527080567e-05,0.0
1630632763343971034,height,4,32,width,4,8,imag,2,2,0,3.2378204196e-05,0.0,2.82767906867e-08,1.49116559101e-08,-7.15013470654e-08,-2.11375464687e-07,1.73220797706e-07,-5.24769028232e-08,2.82767906867e-08,-1.49116559101e-08,3.58655088348e-05,0.0,-1.97247885581e-07,-1.38885667411e-07,-5.62684370209e-08,4.85521276516e-08,-7.15013470654e-08,2.11375464687e-07,-1.97247885581e-07,1.38885667411e-07,3.6087782064e-05,0.0,2.16353029714e-07,1.11103645395e-07,1.73220797706e-07,5.24769028232e-08,-5.62684370209e-08,-4.85521276516e-08,2.16353029714e-07,-1.11103645395e-07,3.73941511498e-05,0.0
1630632763384535980,height,4,32,width,4,8,imag,2,2,0,3.18189122481e-05,0.0,5.18279108519e-08,-5.23022087862e-08,1.66731382478e-07,-1.14787781058e-07,-1.90924573928e-08,1.00601894815e-07,5.18279108519e-08,5.23022087862e-08,3.5953889892e-05,0.0,-5.4830096019e-08,-1.48997528981e-07,-7.17552550711e-09,8.10464015899e-08,1.66731382478e-07,1.14787781058e-07,-5.4830096019e-08,1.48997528981e-07,3.66378917533e-05,0.0,4.1321177946e-07,-5.30389741016e-08,-1.90924573928e-08,-1.00601894815e-07,-7.17552550711e-09,-8.10464015899e-08,4.1321177946e-07,5.30389741016e-08,3.76380303351e-05,0.0
1630632763413385531,height,4,32,width,4,8,imag,2,2,0,3.21447696479e-05,0.0,5.30129291576e-08,-8.65490648039e-08,-1.7367094074e-07,8.34487057233e-09,-1.11108704459e-07,1.30798426312e-07,5.30129291576e-08,8.65490648039e-08,3.59980404028e-05,0.0,5.48854721671e-08,-1.59045455916e-07,1.56261705797e-07,8.89605686893e-08,-1.7367094074e-07,-8.34487057233e-09,5.48854721671e-08,1.59045455916e-07,3.64346196875e-05,0.0,1.79374609388e-07,3.86467746694e-08,-1.11108704459e-07,-1.30798426312e-07,1.56261705797e-07,-8.89605686893e-08,1.79374609388e-07,-3.86467746694e-08,3.68856926798e-05,0.0
1630632763561332036,height,4,32,width,4,8,imag,2,2,0,3.21298211929e-05,0.0,1.06861449467e-07,1.26048753657e-08,4.81840949362e-08,6.3629130409e-08,1.19908150964e-07,-6.64671917505e-09,1.06861449467e-07,-1.26048753657e-08,3.6111465306e-05,0.0,1.73058865016e-08,-1.3219866446e-07,-7.80782158927e-08,-1.54339232949e-07,4.81840949362e-08,-6.3629130409e-08,1.73058865016e-08,1.3219866446e-07,3.64967781934e-05,0.0,2.55346765954e-08,9.4210705015e-08,1.19908150964e-07,6.64671917505e-09,-7.80782158927e-08,1.54339232949e-07,2.55346765954e-08,-9.4210705015e-08,3.76015341317e-05,0.0
1630632763629883700,height,4,32,width,4,8,imag,2,2,0,3.20148392348e-05,0.0,6.55496776858e-08,-1.22948307535e-07,9.96261073638e-10,1.09477163335e-07,5.23494598781e-08,-1.26434400727e-07,6.55496776858e-08,1.22948307535e-07,3.58229262929e-05,0.0,1.02437907046e-08,-3.30317213582e-08,1.05056059851e-07,-1.04216468344e-07,9.96261073638e-10,-1.09477163335e-07,1.02437907046e-08,3.30317213582e-08,3.65673331544e-05,0.0,2.37248869439e-07,1.95988903329e-07,5.23494598781e-08,1.26434400727e-07,1.05056059851e-07,1.04216468344e-07,2.37248869439e-07,-1.95988903329e-07,3.70757152268e-05,0.0
1630632763685293418,height,4,32,width,4,8,imag,2,2,0,3.20919789374e-05,0.0,-2.22599439326e-07,-1.02843507932e-07,-1.08269311738e-07,-1.27687286522e-07,2.53215102219e-08,-1.062679722e-08,-2.22599439326e-07,1.02843507932e-07,3.62494283763e-05,0.0,-3.85234613987e-07,-3.45982044792e-07,-1.69723630705e-08,2.15838191764e-08,-1.08269311738e-07,1.27687286522e-07,-3.85234613987e-07,3.45982044792e-07,3.66419626516e-05,0.0,4.45863321374e-07,-1.25932473338e-07,2.53215102219e-08,1.062679722e-08,-1.69723630705e-08,-2.15838191764e-08,4.45863321374e-07,1.25932473338e-07,3.7027100916e-05,0.0
1630632763698289649,height,4,32,width,4,8,imag,2,2,0,3.19572209264e-05,0.0,1.26049769733e-07,4.79030468625e-08,-4.01806858008e-07,-8.80278676618e-08,-2.60963588516e-07,-1.56867301371e-07,1.26049769733e-07,-4.79030468625e-08,3.61566890206e-05,0.0,3.02143746467e-07,-3.11557698751e-07,9.02108112655e-08,-1.90902706976e-08,-4.01806858008e-07,8.80278676618e-08,3.02143746467e-07,3.11557698751e-07,3.63369799743e-05,0.0,2.46127797254e-07,4.04230915407e-09,-2.60963588516e-07,1.56867301371e-07,9.02108112655e-08,1.90902706976e-08,2.46127797254e-07,-4.04230915407e-09,3.76083989977e-05,0.0
1630632763846715634,height,4,32,width,4,8,imag,2,2,0,3.19626487908e-05,0.0,3.20978656987e-08,7.4018724483e-09,-1.57029049319e-07,8.3015819996e-08,1.94963192257e-07,3.79859947941e-08,3.20978656987e-08,-7.4018724483e-09,3.59258447133e-05,0.0,1.26705174353e-07,-1.57252159738e-07,2.91352307613e-07,-2.00331925271e-07,-1.57029049319e-07,-8.3015819996e-08,1.26705174353e-07,1.57252159738e-07,3.66760905308e-05,0.0,3.14965319603e-07,1.67202813373e-07,1.94963192257e-07,-3.79859947941e-08,2.91352307613e-07,2.00331925271e-07,3.14965319603e-07,-1.67202813373e-07,3.70246925741e-05,0.0
1630632763949133184,height,4,32,width,4,8,imag,2,2,0,3.22636369674e-05,0.0,-1.30489851813e-07,-1.30921065988e-07,-6.78251623754e-08,1.2603757682e-07,1.87667694718e-07,-7.15106196481e-08,-1.30489851813e-07,1.30921065988e-07,3.63055150956e-05,0.0,1.7597436397e-07,-9.3287006564e-08,5.84117687552e-09,1.62619997468e-07,-6.78251623754e-08,-1.2603757682e-07,1.7597436397e-07,9.3287006564e-08,3.65361484e-05,0.0,5.30269915089e-07,2.59171116568e-07,1.87667694718e-07,7.15106196481e-08,5.84117687552e-09,-1.62619997468e-07,5.30269915089e-07,-2.59171116568e-07,3.74630144506e-05,0.0
1630632763952583177,height,4,32,width,4,8,imag,2,2,0,3.2245341572e-05,0.0,-3.1176185189e-08,4.79368829076e-08,5.40807221228e-08,2.13543643213e-07,9.59637560527e-08,-1.46583602145e-07,-3.1176185189e-08,-4.79368829076e-08,3.61413804058e-05,0.0,4.30973550181e-08,-6.4720224735e-09,2.40792985551e-07,1.4557345196e-07,5.40807221228e-08,-2.13543643213e-07,4.30973550181e-08,6.4720224735e-09,3.6747820559e-05,0.0,2.54192514149e-07,2.13603030375e-07,9.59637560527e-08,1.46583602145e-07,2.40792985551e-07,-1.4557345196e-07,2.54192514149e-07,-2.13603030375e-07,3.71427486243e-05,0.0
1630632764004466215,height,4,32,width,4,8,imag,2,2,0,3.18895217788e-05,0.0,-8.55492459095e-08,-2.8953012432e-08,4.19170049781e-08,-8.32107787119e-08,-1.06153152046e-07,-6.84423184794e-08,-8.55492459095e-08,2.8953012432e-08,3.57794015144e-05,0.0,2.07667866903e-07,1.61195217174e-07,-9.17244591392e-08,-2.39980948891e-07,4.19170049781e-08,8.32107787119e-08,2.07667866903e-07,-1.61195217174e-07,3.68475994037e-05,0.0,2.33499278579e-07,1.04383666155e-07,-1.06153152046e-07,6.84423184794e-08,-9.17244591392e-08,2.39980948891e-07,2.33499278579e-07,-1.04383666155e-07,3.7855716073e-05,0.0
1630632764093227672,height,4,32,width,4,8,imag,2,2,0,3.19725586451e-05,0.0,-2.1454434318e-07,-2.20959918806e-07,9.19769860275e-08,-1.75803748448e-07,-3.92206409572e-08,3.18198374316e-07,-2.1454434318e-07,2.20959918806e-07,3.59194127668e-05,0.0,1.78732477707e-07,-9.74621361394e-09,-5.21785530339e-08,1.85255302654e-07,9.19769860275e-08,1.75803748448e-07,1.78732477707e-07,9.74621361394e-09,3.65844280168e-05,0.0,2.52446653803e-07,-1.12517987816e-07,-3.92206409572e-08,-3.18198374316e-07,-5.21785530339e-08,-1.85255302654e-07,2.52446653803e-07,1.12517987816e-07,3.71165042452e-05,0.0
1630632764185144899,height,4,32,width,4,8,imag,2,2,0,3.1897725421e-05,0.0,-5.38451274679e-08,1.29257543335e-07,-4.85450835086e-09,5.93089168888e-08,7.90033709563e-08,1.03894571168e-07,-5.38451274679e-08,-1.29257543335e-07,3.62841201422e-05,0.0,1.95283789139e-07,-3.07126157395e-07,1.95776408418e-07,2.3328526666e-08,-4.85450835086e-09,-5.93089168888e-08,1.95283789139e-07,3.07126157395e-07,3.68876644643e-05,0.0,3.1429172509e-07,-1.81125699328e-07,7.90033709563e-08,-1.03894571168e-07,1.95776408418e-07,-2.3328526666e-08,3.1429172509e-07,1.81125699328e-07,3.72270660591e-05,0.0
1630632764246371914,height,4,32,width,4,8,imag,2,2,0,3.19164610119e-05,0.0,-1.18471653821e-07,-1.13683931602e-07,-2.32532556765e-07,9.9230952344e-09,-7.92077798906e-08,-1.33466686592e-08,-1.18471653821e-07,1.13683931602e-07,3.56159289367e-05,0.0,4.8060091018e-08,2.84759260616e-09,-5.23009795472e-08,2.66602633303e-08,-2.32532556765e-07,-9.9230952344e-09,4.8060091018e-08,-2.84759260616e-09,3.66488748114e-05,0.0,1.04382735344e-07,5.50650547382e-08,-7.92077798906e-08,1.33466686592e-08,-5.23009795472e-08,-2.66602633303e-08,1.04382735344e-07,-5.50650547382e-08,3.73119510186e-05,0.0
1630632764264704843,height,4,32,width,4,8,imag,2,2,0,3.18095262628e-05,0.0,-1.75516063905e-07,-1.3291077039e-07,5.82108183877e-09,7.01910778389e-08,1.40462390164e-07,-1.60001345506e-08,-1.75516063905e-07,1.3291077039e-07,3.58931865776e-05,0.0,1.5764639727e-07,-2.36326911818e-07,2.54997356564e-08,-3.17224504442e-08,5.82108183877e-09,-7.01910778389e-08,1.5764639727e-07,2.36326911818e-07,3.65438718291e-05,0.0,1.56658742867e-07,-5.66570186322e-08,1.40462390164e-07,1.60001345506e-08,2.54997356564e-08,3.17224504442e-08,1.56658742867e-07,5.66570186322e-08,3.72268150386e-05,0.0
1630632764396008184,height,4,32,width,4,8,imag,2,2,0,3.18083039019e-05,0.0,1.22547646697e-07,2.64475179534e-08,1.48325725036e-07,-1.6741987352e-08,-2.79967942163e-08,2.70747531061e-08,1.22547646697e-07,-2.64475179534e-08,3.56753771484e-05,0.0,-1.50840648416e-07,9.97562068505e-08,1.55743066443e-07,-6.60366126226e-08,1.48325725036e-07,1.6741987352e-08,-1.50840648416e-07,-9.97562068505e-08,3.62064565707e-05,0.0,4.54918932746e-07,9.91090800539e-08,-2.79967942163e-08,-2.70747531061e-08,1.55743066443e-07,6.60366126226e-08,4.54918932746e-07,-9.91090800539e-08,3.74696646759e-05,0.0
1630632764450066097,height,4,32,width,4,8,imag,2,2,0,3.20942126564e-05,0.0,2.11113061255e-07,1.190449197e-07,2.83202382434e-07,1.05249590376e-07,9.33116410806e-08,1.3835848911e-08,2.11113061255e-07,-1.190449197e-07,3.60831691069e-05,0.0,2.46894273914e-08,-3.78557786007e-07,9.00536889503e-08,2.25023555345e-07,2.83202382434e-07,-1.05249590376e-07,2.46894273914e-08,3.78557786007e-07,3.60881676897e-05,0.0,3.63219641031e-07,3.41218139965e-07,9.33116410806e-08,-1.3835848911e-08,9.00536889503e-08,-2.25023555345e-07,3.63219641031e-07,-3.41218139965e-07,3.72141912521e-05,0.0
1630632764494437950,height,4,32,width,4,8,imag,2,2,0,3.22139712807e-05,0.0,-1.08004542199e-07,1.89739406409e-08,1.23775521388e-07,-1.15461340044e-07,-1.09918175895e-07,9.05088448633e-10,-1.08004542199e-07,-1.89739406409e-08,3.5947185097e-05,0.0,-2.64753793999e-07,-1.91594082821e-07,-1.98819193997e-07,-1.06568599278e-07,1.23775521388e-07,1.15461340044e-07,-2.64753793999e-07,1.91594082821e-07,3.64615734725e-05,0.0,1.47574297671e-07,-6.53744010037e-08,-1.09918175895e-07,-9.05088448633e-10,-1.98819193997e-07,1.06568599278e-07,1.47574297671e-07,6.53744010037e-08,3.73430011678e-05,0.0
1630632764557386505,height,4,32,width,4,8,imag,2,2,0,3.19051505357e-05,0.0,4.06121856145e-08,-1.19012888433e-07,3.55891160986e-09,7.13867436275e-08,-1.47888698621e-07,-7.10952434702e-08,4.06121856145e-08,1.19012888433e-07,3.60137200914e-05,0.0,1.66540360169e-07,-1.21502354844e-08,3.32484319188e-07,-7.59430136554e-08,3.55891160986e-09,-7.13867436275e-08,1.66540360169e-07,1.21502354844e-08,3.6763944081e-05,0.0,1.75626652776e-07,1.15412582602e-07,-1.47888698621e-07,7.10952434702e-08,3.32484319188e-07,7.59430136554e-08,1.75626652776e-07,-1.15412582602e-07,3.76855059585e-05,0.0
1630632764641278714,height,4,32,width,4,8,imag,2,2,0,3.218902566e-05,0.0,7.91054546312e-08,9.28758865371e-08,6.67274520083e-08,7.92926968529e-08,1.63752744697e-07,3.17236477088e-08,7.91054546312e-08,-9.28758865371e-08,3.6052413634e-05,0.0,6.20424103204e-08,1.15666999534e-07,-1.36757165592e-07,-2.16601335978e-07,6.67274520083e-08,-7.92926968529e-08,6.20424103204e-08,-1.15666999534e-07,3.66206222679e-05,0.0,1.99604940576e-07,-2.34500291185e-07,1.63752744697e-07,-3.17236477088e-08,-1.36757165592e-07,2.16601335978e-07,1.99604940576e-07,2.34500291185e-07,3.70205671061e-05,0.0
1630632764740760967,height,4,32,width,4,8,imag,2,2,0,3.19818245771e-05,0.0,4.15709955348e-09,-1.51026412709e-07,-4.98145986683e-08,2.27731788982e-07,1.3036919988e-08,-2.26819210525e-07,4.15709955348e-09,1.51026412709e-07,3.59746300092e-05,0.0,3.45068116303e-08,-8.2637185983e-08,-1.1659925292e-07,6.98709001767e-09,-4.98145986683e-08,-2.27731788982e-07,3.45068116303e-08,8.2637185983e-08,3.62895370927e-05,0.0,3.81998219723e-08,3.99087355163e-07,1.3036919988e-08,2.26819210525e-07,-1.1659925292e-07,-6.98709001767e-09,3.81998219723e-08,-3.99087355163e-07,3.74175360776e-05,0.0
1630632764793583754,height,4,32,width,4,8,imag,2,2,0,3.19267674058e-05,0.0,-1.08700447754e-07,-1.79505704523e-07,1.45906298599e-07,2.43200908301e-08,-1.58755511848e-07,-3.78174718207e-08,-1.08700447754e-07,1.79505704523e-07,3.5700690205e-05,0.0,-6.68999122766e-09,-1.84456808938e-07,1.85824173826e-08,-9.93334339228e-08,1.45906298599e-07,-2.43200908301e-08,-6.68999122766e-09,1.84456808938e-07,3.64491825167e-05,0.0,4.82335906327e-07,4.96981549247e-08,-1.58755511848e-07,3.78174718207e-08,1.85824173826e-08,9.93334339228e-08,4.82335906327e-07,-4.96981549247e-08,3.77880242013e-05,0.0
1630632764803557786,height,4,32,width,4,8,imag,2,2,0,3.18942184094e-05,0.0,1.45141299868e-07,-7.35489322778e-08,-3.88167720189e-08,1.09381304014e-07,-8.41514022909e-08,9.12219988436e-09,1.45141299868e-07,7.35489322778e-08,3.6118155549e-05,0.0,-2.30524889844e-07,-4.81427697707e-08,1.47206211665e-08,-1.55240940103e-07,-3.88167720189e-08,-1.09381304014e-07,-2.30524889844e-07,4.81427697707e-08,3.65510131815e-05,0.0,8.1946325281e-08,4.23600283739e-08,-8.41514022909e-08,-9.12219988436e-09,1.47206211665e-08,1.55240940103e-07,8.1946325281e-08,-4.23600283739e-08,3.70512971131e-05,0.0
1630632765007459404,height,4,32,width,4,8,imag,2,2,0,3.17546509905e-05,0.0,-1.21931122976e-08,-1.7029346111e-07,-1.00783637436e-07,-7.42642924934e-08,-1.57561586889e-07,-1.63816366694e-07,-1.21931122976e-08,1.7029346111e-07,3.61999045708e-05,0.0,-5.57943424795e-09,-8.12143241546e-08,8.4730551464e-09,-8.74226557812e-08,-1.00783637436e-07,7.42642924934e-08,-5.57943424795e-09,8.12143241546e-08,3.67333632312e-05,0.0,2.62003510443e-07,2.59938474301e-07,-1.57561586889e-07,1.63816366694e-07,8.4730551464e-09,8.74226557812e-08,2.62003510443e-07,-2.59938474301e-07,3.73922630388e-05,0.0
1630632765017148309,height,4,32,width,4,8,imag,2,2,0,0.000874437624589,0.0,0.0091679757461,-0.00589963048697,0.00970768555999,-0.00477195437998,-0.00175675004721,0.0119924582541,0.0091679757461,0.00589963048697,0.14487400651,0.0,0.141569554806,0.0159190837294,-0.104190558195,0.119497187436,0.00970768555999,0.00477195437998,0.141569554806,-0.0159190837294,0.140854805708,0.0,-0.0889001190662,0.128678038716,-0.00175675004721,-0.0119924582541,-0.104190558195,-0.119497187436,-0.0889001190662,-0.128678038716,0.177488431334,0.0
1630632765074254890,height,4,32,width,4,8,imag,2,2,0,3.20147337334e-05,0.0,1.97177971728e-08,-2.25757489147e-07,-2.40370582105e-07,-4.66501148821e-08,1.3403106891e-07,-9.63922346386e-08,1.97177971728e-08,2.25757489147e-07,3.61715101462e-05,0.0,1.22893464294e-08,-1.1259893995e-07,-2.28338819852e-07,-1.20326347997e-07,-2.40370582105e-07,4.66501148821e-08,1.22893464294e-08,1.1259893995e-07,3.60812882718e-05,0.0,3.47774857801e-07,-1.6684363402e-07,1.3403106891e-07,9.63922346386e-08,-2.28338819852e-07,1.20326347997e-07,3.47774857801e-07,1.6684363402e-07,3.68857145077e-05,0.0
1630632765172211462,height,4,32,width,4,8,imag,2,2,0,0.00212977081537,0.0,0.0228569060564,-0.0147030316293,0.0242558028549,-0.011819976382,-0.00404586968943,0.0299240238965,0.0228569060564,0.0147030316293,0.36166742444,0.0,0.353484421968,0.0408176407218,-0.256673008204,0.301262527704,0.0242558028549,0.011819976382,0.353484421968,-0.0408176407218,0.351973772049,0.0,-0.217294424772,0.324480414391,-0.00404586968943,-0.0299240238965,-0.256673008204,-0.301262527704,-0.217294424772,-0.324480414391,0.442545831203,0.0
1630632765272629011,height,4,32,width,4,8,imag,2,2,0,3.21779589285e-05,0.0,-5.86528123847e-08,1.45887895542e-07,1.05771285064e-07,-1.26928227928e-07,6.34917682873e-08,1.37140943934e-07,-5.86528123847e-08,-1.45887895542e-07,3.59789701179e-05,0.0,8.36420088746e-09,2.16189537383e-08,-4.30318394251e-08,2.07286845466e-07,1.05771285064e-07,1.26928227928e-07,8.36420088746e-09,-2.16189537383e-08,3.66374842997e-05,0.0,3.10350458221e-07,7.5422100565e-08,6.34917682873e-08,-1.37140943934e-07,-4.30318394251e-08,-2.07286845466e-07,3.10350458221e-07,-7.5422100565e-08,3.72038120986e-05,0.0
1630632765337391747,height,4,32,width,4,8,imag,2,2,0,0.000871766416822,0.0,0.00915727298707,-0.00588170951232,0.00969441980124,-0.0047557298094,-0.00176586979069,0.0119681330398,0.00915727298707,0.00588170951232,0.144871070981,0.0,0.141552761197,0.0159166641533,-0.104182258248,0.119479544461,0.00969441980124,0.0047557298094,0.141552761197,-0.0159166641533,0.140829712152,0.0,-0.0888872519135,0.128649428487,-0.00176586979069,-0.0119681330398,-0.104182258248,-0.119479544461,-0.0888872519135,-0.128649428487,0.177453503013,0.0
1630632765352735988,height,4,32,width,4,8,imag,2,2,0,0.00212097540498,0.0,0.0228378716856,-0.0146603863686,0.0242271237075,-0.011780384928,-0.00381037755869,0.02989019081,0.0228378716856,0.0146603863686,0.362056881189,0.0,0.353837788105,0.0408025681973,-0.254196465015,0.303572624922,0.0242271237075,0.011780384928,0.353837788105,-0.0408025681973,0.352292299271,0.0,-0.214628100395,0.326399296522,-0.00381037755869,-0.02989019081,-0.254196465015,-0.303572624922,-0.214628100395,-0.326399296522,0.442309707403,0.0
1630632765539794252,height,4,32,width,4,8,imag,2,2,0,3.2267653296e-05,0.0,-1.22125413782e-07,1.72731773773e-07,3.19407220672e-08,-2.98044312785e-07,-1.79848527182e-08,8.97976804026e-08,-1.22125413782e-07,-1.72731773773e-07,3.59045479854e-05,0.0,1.78625967351e-07,-2.60875879121e-07,-1.1019550783e-07,-2.71434674737e-09,3.19407220672e-08,2.98044312785e-07,1.78625967351e-07,2.60875879121e-07,3.63463805115e-05,0.0,2.29105367566e-07,1.92811029365e-07,-1.79848527182e-08,-8.97976804026e-08,-1.1019550783e-07,2.71434674737e-09,2.29105367566e-07,-1.92811029365e-07,3.75121744582e-05,0.0
1630632765585274955,height,4,32,width,4,8,imag,2,2,0,0.00209391210228,0.0,0.0221931729466,-0.0148946903646,0.0236077588052,-0.0120738372207,-0.00357119995169,0.0297044664621,0.0221931729466,0.0148946903646,0.35538649559,0.0,0.347377598286,0.0402824804187,-0.255474179983,0.297111898661,0.0236077588052,0.0120738372207,0.347377598286,-0.0402824804187,0.34582144022,0.0,-0.216506615281,0.320242732763,-0.00357119995169,-0.0297044664621,-0.255474179983,-0.297111898661,-0.216506615281,-0.320242732763,0.442269444466,0.0
1630632765596614164,height,4,32,width,4,8,imag,2,2,0,0.00213225441985,0.0,0.0228834562004,-0.0146964527667,0.0242796130478,-0.0118101593107,-0.00406856322661,0.0299457237124,0.0228834562004,0.0146964527667,0.361636936665,0.0,0.353433698416,0.0408362448215,-0.256673812866,0.301232665777,0.0242796130478,0.0118101593107,0.353433698416,-0.0408362448215,0.351907968521,0.0,-0.217268705368,0.324445486069,-0.00406856322661,-0.0299457237124,-0.256673812866,-0.301232665777,-0.217268705368,-0.324445486069,0.442544639111,0.0
1630632765752564789,height,4,32,width,4,8,imag,2,2,0,3.23615640809e-05,0.0,8.89220999056e-08,1.15577023507e-07,2.02903365221e-07,-2.61743320351e-08,-2.23727582238e-07,3.64204936432e-07,8.89220999056e-08,-1.15577023507e-07,3.59579498763e-05,0.0,-1.73242860058e-08,-4.94469993839e-08,1.32293010324e-07,-9.62538777571e-08,2.02903365221e-07,2.61743320351e-08,-1.73242860058e-08,4.94469993839e-08,3.64193692803e-05,0.0,6.9962915461e-08,2.45200162396e-08,-2.23727582238e-07,-3.64204936432e-07,1.32293010324e-07,9.62538777571e-08,6.9962915461e-08,-2.45200162396e-08,3.73782713723e-05,0.0
1630632765797298214,height,4,32,width,4,8,imag,2,2,0,0.00211376463994,0.0,0.022181533277,-0.0153831578791,0.0238280110061,-0.012419375591,-0.00268517807126,0.0305508598685,0.022181533277,0.0153831578791,0.359294265509,0.0,0.351936578751,0.0431739613414,-0.257563203573,0.310138702393,0.0238280110061,0.012419375591,0.351936578751,-0.0431739613414,0.35183519125,0.0,-0.21541133523,0.335473895073,-0.00268517807126,-0.0305508598685,-0.257563203573,-0.310138702393,-0.21541133523,-0.335473895073,0.461363554001,0.0
1630632765868206402,height,4,32,width,4,8,imag,2,2,0,0.00212713354267,0.0,0.0228802431375,-0.0146701177582,0.024269387126,-0.0117873465642,-0.00382369174622,0.029930151999,0.0228802431375,0.0146701177582,0.362108021975,0.0,0.353895694017,0.040786895901,-0.254167824984,0.303630650043,0.024269387126,0.0117873465642,0.353895694017,-0.040786895901,0.352353096008,0.0,-0.214608669281,0.326447218657,-0.00382369174622,-0.029930151999,-0.254167824984,-0.303630650043,-0.214608669281,-0.326447218657,0.442312479019,0.0
1630632765945631398,height,4,32,width,4,8,imag,2,2,0,3.17871053994e-05,0.0,2.03932501108e-07,1.59888401186e-07,-2.14386872699e-07,1.47005607687e-07,-2.90865159513e-07,-2.46955007555e-08,2.03932501108e-07,-1.59888401186e-07,3.56160671799e-05,0.0,-1.10456275237e-08,-5.12195938995e-08,-1.68655134303e-08,5.46308633886e-08,-2.14386872699e-07,-1.47005607687e-07,-1.10456275237e-08,5.12195938995e-08,3.66157437384e-05,0.0,1.26246263221e-07,1.2651207193e-08,-2.90865159513e-07,2.46955007555e-08,-1.68655134303e-08,-5.46308633886e-08,1.26246263221e-07,-1.2651207193e-08,3.77048090741e-05,0.0
1630632765976060097,height,4,32,width,4,8,imag,2,2,0,0.00207384396344,0.0,0.0220264364034,-0.0149336587638,0.0239300578833,-0.011527987197,-0.00276137748733,0.0304862782359,0.0220264364034,0.0149336587638,0.354919075966,0.0,0.347853243351,0.0503704771399,-0.255415409803,0.312543451786,0.0239300578833,0.011527987197,0.347853243351,-0.0503704771399,0.349960952997,0.0,-0.206375181675,0.343061447144,-0.00276137748733,-0.0304862782359,-0.255415409803,-0.312543451786,-0.206375181675,-0.343061447144,0.468728065491,0.0
1630632766084627986,height,4,32,width,4,8,imag,2,2,0,0.00209417147562,0.0,0.0221971273422,-0.0149007299915,0.0236126556993,-0.0120821027085,-0.0035742088221,0.0297059491277,0.0221971273422,0.0149007299915,0.355365246534,0.0,0.347413629293,0.0402700006962,-0.255496144295,0.297059416771,0.0236126556993,0.0120821027085,0.347413629293,-0.0402700006962,0.345909535885,0.0,-0.216578394175,0.320236831903,-0.0035742088221,-0.0297059491277,-0.255496144295,-0.297059416771,-0.216578394175,-0.320236831903,0.442257523537,0.0
1630632766115649993,height,4,32,width,4,8,imag,2,2,0,0.0020589614287,0.0,0.0222591720521,-0.014252978377,0.0243780817837,-0.0102457068861,-0.00323817459866,0.0304863918573,0.0222591720521,0.014252978377,0.352547973394,0.0,0.344745248556,0.0588557347655,-0.252698361874,0.315992206335,0.0243780817837,0.0102457068861,0.344745248556,-0.0588557347655,0.348992466927,0.0,-0.194721341133,0.351492226124,-0.00323817459866,-0.0304863918573,-0.252698361874,-0.315992206335,-0.194721341133,-0.351492226124,0.473986446857,0.0
1630632766139764453,height,4,32,width,4,8,imag,2,2,0,3.22801970469e-05,0.0,1.41519322483e-07,3.18901044238e-07,-4.84963571523e-08,4.3815757067e-07,-1.32782503215e-07,-1.04445689431e-07,1.41519322483e-07,-3.18901044238e-07,3.60027370334e-05,0.0,-6.12947772538e-08,-1.88829034187e-07,6.10712405091e-08,2.17008079062e-07,-4.84963571523e-08,-4.3815757067e-07,-6.12947772538e-08,1.88829034187e-07,3.65461746696e-05,0.0,3.03461035855e-07,-1.52073042159e-07,-1.32782503215e-07,1.04445689431e-07,6.10712405091e-08,-2.17008079062e-07,3.03461035855e-07,1.52073042159e-07,3.7112764403e-05,0.0
1630632766291162152,height,4,32,width,4,8,imag,2,2,0,0.00206447253004,0.0,0.0232651978731,-0.0127871064469,0.0250171590596,-0.00819023046643,-0.00543202506378,0.0303973536938,0.0232651978731,0.0127871064469,0.35449513793,0.0,0.342424839735,0.064178429544,-0.25612834096,0.317542016506,0.0250171590596,0.00819023046643,0.342424839735,-0.064178429544,0.344341784716,0.0,-0.190314933658,0.353399038315,-0.00543202506378,-0.0303973536938,-0.25612834096,-0.317542016506,-0.190314933658,-0.353399038315,0.479451596737,0.0
1630632766297794171,height,4,32,width,4,8,imag,2,2,0,0.00211600656621,0.0,0.022207820788,-0.01537529286,0.0238515082747,-0.0124137327075,-0.00270964787342,0.0305659249425,0.022207820788,0.01537529286,0.359285384417,0.0,0.351949810982,0.0431259498,-0.257566362619,0.310163855553,0.0238515082747,0.0124137327075,0.351949810982,-0.0431259498,0.351859599352,0.0,-0.215470686555,0.335479229689,-0.00270964787342,-0.0305659249425,-0.257566362619,-0.310163855553,-0.215470686555,-0.335479229689,0.461424827576,0.0
1630632766433225278,height,4,32,width,4,8,imag,2,2,0,0.00209174863994,0.0,0.0242821723223,-0.0115764141083,0.0256849639118,-0.00633078068495,-0.00799231603742,0.0301815159619,0.0242821723223,0.0115764141083,0.3595456779,0.0,0.342628121376,0.0706900805235,-0.266758322716,0.314937084913,0.0256849639118,0.00633078068495,0.342628121376,-0.0706900805235,0.342662125826,0.0,-0.192905887961,0.353001177311,-0.00799231603742,-0.0301815159619,-0.266758322716,-0.314937084913,-0.192905887961,-0.353001177311,0.484149158001,0.0
1630632766434758757,height,4,32,width,4,8,imag,2,2,0,3.18991660606e-05,0.0,-7.7181624647e-08,2.41851125793e-07,3.91460339699e-08,1.62019787808e-07,-1.35298378723e-07,2.46543294224e-07,-7.7181624647e-08,-2.41851125793e-07,3.6015004298e-05,0.0,1.35690001457e-07,1.24166419369e-08,5.56863035683e-08,1.39770321539e-07,3.91460339699e-08,-1.62019787808e-07,1.35690001457e-07,-1.24166419369e-08,3.66555868823e-05,0.0,1.45675613794e-07,1.06586774962e-07,-1.35298378723e-07,-2.46543294224e-07,5.56863035683e-08,-1.39770321539e-07,1.45675613794e-07,-1.06586774962e-07,3.6992936657e-05,0.0
1630632766476696189,height,4,32,width,4,8,imag,2,2,0,0.00207087723538,0.0,0.0220143068582,-0.0149238975719,0.0239153187722,-0.0115206809714,-0.00275576463901,0.0304717496037,0.0220143068582,0.0149238975719,0.35491463542,0.0,0.347838550806,0.0503837056458,-0.255433052778,0.312526524067,0.0239153187722,0.0115206809714,0.347838550806,-0.0503837056458,0.349948614836,0.0,-0.206368654966,0.343053281307,-0.00275576463901,-0.0304717496037,-0.255433052778,-0.312526524067,-0.206368654966,-0.343053281307,0.468722820282,0.0
1630632766573041799,height,4,32,width,4,8,imag,2,2,0,0.00211839168333,0.0,0.0247825831175,-0.0114457933232,0.026099441573,-0.00618074322119,-0.00991920940578,0.0301203150302,0.0247825831175,0.0114457933232,0.366203516722,0.0,0.348417699337,0.0707574412227,-0.285770058632,0.307847231627,0.026099441573,0.00618074322119,0.348417699337,-0.0707574412227,0.347779214382,0.0,-0.21352493763,0.348673313856,-0.00991920940578,-0.0301203150302,-0.285770058632,-0.307847231627,-0.21352493763,-0.348673313856,0.492008030415,0.0
1630632766657183587,height,4,32,width,4,8,imag,2,2,0,0.00206144643016,0.0,0.0222797393799,-0.0142463026568,0.0243969894946,-0.0102355759591,-0.00326170702465,0.030505226925,0.0222797393799,0.0142463026568,0.352530866861,0.0,0.344717770815,0.0588489919901,-0.252737671137,0.315993309021,0.0243969894946,0.0102355759591,0.344717770815,-0.0588489919901,0.348955184221,0.0,-0.194758191705,0.35149076581,-0.00326170702465,-0.030505226925,-0.252737671137,-0.315993309021,-0.194758191705,-0.35149076581,0.474076747894,0.0
1630632766704289809,height,4,32,width,4,8,imag,2,2,0,3.21662591887e-05,0.0,6.08855756923e-08,2.84826366936e-08,2.84895076419e-08,-2.10957949776e-07,9.08225530338e-08,1.1796637267e-07,6.08855756923e-08,-2.84826366936e-08,3.60310441465e-05,0.0,5.06483566198e-09,-2.12550631318e-07,2.61552941083e-07,2.34774930163e-07,2.84895076419e-08,2.10957949776e-07,5.06483566198e-09,2.12550631318e-07,3.66600543202e-05,0.0,3.14788934475e-07,7.69216583762e-08,9.08225530338e-08,-1.1796637267e-07,2.61552941083e-07,-2.34774930163e-07,3.14788934475e-07,-7.69216583762e-08,3.71229907614e-05,0.0
1630632766748633018,height,4,32,width,4,8,imag,2,2,0,0.000758141512051,0.0,0.00852712336928,-0.00418383209035,0.00901265162975,-0.0025066647213,-0.00355456210673,0.0104260090739,0.00852712336928,0.00418383209035,0.127585932612,0.0,0.121912606061,0.0227332413197,-0.102871306241,0.103720150888,0.00901265162975,0.0025066647213,0.121912606061,-0.0227332413197,0.121545508504,0.0,-0.0803005099297,0.117722541094,-0.00355456210673,-0.0104260090739,-0.102871306241,-0.103720150888,-0.0803005099297,-0.117722541094,0.170686021447,0.0
1630632766879689933,height,4,32,width,4,8,imag,2,2,0,0.00206655520014,0.0,0.0232754107565,-0.0128037314862,0.0250268615782,-0.00820567458868,-0.0054251155816,0.0304165892303,0.0232754107565,0.0128037314862,0.354565352201,0.0,0.342470884323,0.064195536077,-0.256140857935,0.317545622587,0.0250268615782,0.00820567458868,0.342470884323,-0.064195536077,0.344360619783,0.0,-0.190309330821,0.353391617537,-0.0054251155816,-0.0304165892303,-0.256140857935,-0.317545622587,-0.190309330821,-0.353391617537,0.479388684034,0.0
1630632766912876517,height,4,32,width,4,8,imag,2,2,0,3.19848040817e-05,0.0,-6.87872656613e-08,2.16935955311e-10,1.72766860373e-07,1.63884877225e-07,-2.01354353635e-07,-1.51537577153e-07,-6.87872656613e-08,-2.16935955311e-10,3.63261606253e-05,0.0,1.48391208654e-07,3.20894208983e-08,-1.37662352628e-08,1.02172734273e-07,1.72766860373e-07,-1.63884877225e-07,1.48391208654e-07,-3.20894208983e-08,3.63206381735e-05,0.0,1.16020110852e-07,1.2659241122e-07,-2.01354353635e-07,1.51537577153e-07,-1.37662352628e-08,-1.02172734273e-07,1.16020110852e-07,-1.2659241122e-07,3.72455178876e-05,0.0
1630632766991362123,height,4,32,width,4,8,imag,2,2,0,3.16662699333e-05,0.0,2.29500258797e-07,-1.90011604673e-07,-1.50878861405e-07,5.08978992286e-08,-4.26773993922e-08,-5.11203346321e-08,2.29500258797e-07,1.90011604673e-07,3.59851510439e-05,0.0,8.4452125293e-08,1.64417286896e-07,-1.19311181379e-07,1.43226273508e-07,-1.50878861405e-07,-5.08978992286e-08,8.4452125293e-08,-1.64417286896e-07,3.64789520972e-05,0.0,3.52497522726e-07,5.01200609904e-08,-4.26773993922e-08,5.11203346321e-08,-1.19311181379e-07,-1.43226273508e-07,3.52497522726e-07,-5.01200609904e-08,3.7381574657e-05,0.0
1630632767088938068,height,4,32,width,4,8,imag,2,2,0,3.20025937981e-05,0.0,-9.20518559155e-08,-2.41876279006e-07,5.75305847406e-09,-1.36917662985e-07,9.86051418295e-08,1.62803061698e-07,-9.20518559155e-08,2.41876279006e-07,3.59704135917e-05,0.0,-1.00038832773e-09,-2.7773754141e-07,-1.39797336374e-07,1.49141612837e-07,5.75305847406e-09,1.36917662985e-07,-1.00038832773e-09,2.7773754141e-07,3.68110304407e-05,0.0,4.30477030022e-07,7.70586083831e-08,9.86051418295e-08,-1.62803061698e-07,-1.39797336374e-07,-1.49141612837e-07,4.30477030022e-07,-7.70586083831e-08,3.72166941816e-05,0.0
1630632767129271468,height,4,32,width,4,8,imag,2,2,0,0.00208983104676,0.0,0.0242705605924,-0.0115750338882,0.0256731063128,-0.00632730824873,-0.00799660477787,0.0301700402051,0.0242705605924,0.0115750338882,0.359556347132,0.0,0.342613130808,0.0706976354122,-0.266760855913,0.314927428961,0.0256731063128,0.00632730824873,0.342613130808,-0.0706976354122,0.342621922493,0.0,-0.192878931761,0.352971255779,-0.00799660477787,-0.0301700402051,-0.266760855913,-0.314927428961,-0.192878931761,-0.352971255779,0.484123170376,0.0
1630632767222067903,height,4,32,width,4,8,imag,2,2,0,3.20969229506e-05,0.0,-7.71539987454e-09,-8.31647017918e-09,5.70064457861e-08,2.60961627419e-07,-1.31313314e-07,1.65655237083e-07,-7.71539987454e-09,8.31647017918e-09,3.60324411304e-05,0.0,-9.45306624089e-08,-1.21933396713e-07,1.96552196741e-08,-1.28990165771e-10,5.70064457861e-08,-2.60961627419e-07,-9.45306624089e-08,1.21933396713e-07,3.62029313692e-05,0.0,6.54933558053e-07,3.24090905224e-07,-1.31313314e-07,-1.65655237083e-07,1.96552196741e-08,1.28990165771e-10,6.54933558053e-07,-3.24090905224e-07,3.73885231966e-05,0.0
1630632767286242909,height,4,32,width,4,8,imag,2,2,0,0.000870200048666,0.0,0.00914493110031,-0.00588275166228,0.00968277268112,-0.00475939456373,-0.00175646098796,0.0119601469487,0.00914493110031,0.00588275166228,0.144877463579,0.0,0.141562849283,0.0159055721015,-0.104177668691,0.119502089918,0.00968277268112,0.00475939456373,0.141562849283,-0.0159055721015,0.140840560198,0.0,-0.0888936296105,0.128664776683,-0.00175646098796,-0.0119601469487,-0.104177668691,-0.119502089918,-0.0888936296105,-0.128664776683,0.177478298545,0.0
1630632767328848021,height,4,32,width,4,8,imag,2,2,0,0.00211805128492,0.0,0.0247900988907,-0.0114311445504,0.0261039044708,-0.00615860056132,-0.00993352755904,0.0301104597747,0.0247900988907,0.0114311445504,0.366269379854,0.0,0.348450899124,0.0707861110568,-0.285795867443,0.307898014784,0.0261039044708,0.00615860056132,0.348450899124,-0.0707861110568,0.347789764404,0.0,-0.213499516249,0.34871545434,-0.00993352755904,-0.0301104597747,-0.285795867443,-0.307898014784,-0.213499516249,-0.34871545434,0.492050230503,0.0
1630632767364020320,height,4,32,width,4,8,imag,2,2,0,3.21533407259e-05,0.0,7.703544469e-08,-3.45525535295e-07,-2.30501235876e-08,-1.24707057125e-07,-1.08417943068e-07,1.37696474667e-07,7.703544469e-08,3.45525535295e-07,3.58887882612e-05,0.0,-8.11130433931e-08,-2.20414460017e-08,2.55337950783e-09,-1.18339841038e-07,-2.30501235876e-08,1.24707057125e-07,-8.11130433931e-08,2.20414460017e-08,3.64418447134e-05,0.0,1.56954016006e-07,-8.04046074165e-09,-1.08417943068e-07,-1.37696474667e-07,2.55337950783e-09,1.18339841038e-07,1.56954016006e-07,8.04046074165e-09,3.72644790332e-05,0.0
1630632767503121468,height,4,32,width,4,8,imag,2,2,0,0.00212633260526,0.0,0.022843087092,-0.014688889496,0.0242386944592,-0.011803464964,-0.00404877914116,0.029898006469,0.022843087092,0.014688889496,0.361669242382,0.0,0.353447675705,0.0408282913268,-0.256660938263,0.301247984171,0.0242386944592,0.011803464964,0.353447675705,-0.0408282913268,0.351906597614,0.0,-0.217254266143,0.324436455965,-0.00404877914116,-0.029898006469,-0.256660938263,-0.301247984171,-0.217254266143,-0.324436455965,0.442506074905,0.0
1630632767533242790,height,4,32,width,4,8,imag,2,2,0,3.18447928294e-05,0.0,-8.75379271292e-08,1.07097484658e-07,-3.76271351854e-08,-6.19600015739e-08,-1.84631034017e-07,5.07519892778e-08,-8.75379271292e-08,-1.07097484658e-07,3.56271011697e-05,0.0,2.35586114172e-07,-2.33659882554e-08,-1.36097595416e-08,-1.83861132541e-07,-3.76271351854e-08,6.19600015739e-08,2.35586114172e-07,2.33659882554e-08,3.66449457943e-05,0.0,1.50472672544e-07,1.31952333504e-07,-1.84631034017e-07,-5.07519892778e-08,-1.36097595416e-08,1.83861132541e-07,1.50472672544e-07,-1.31952333504e-07,3.7380043068e-05,0.0
1630632767607496070,height,4,32,width,4,8,imag,2,2,0,0.00075852550799,0.0,0.0085180234164,-0.0041984738782,0.00900853984058,-0.00252078683116,-0.00353586021811,0.0104296235368,0.0085180234164,0.0041984738782,0.127555504441,0.0,0.121885709465,0.022743338719,-0.102867461741,0.10367719084,0.00900853984058,0.00252078683116,0.121885709465,-0.022743338719,0.121528342366,0.0,-0.0802964270115,0.117695502937,-0.00353586021811,-0.0104296235368,-0.102867461741,-0.10367719084,-0.0802964270115,-0.117695502937,0.170650601387,0.0
1630632767703635027,height,4,32,width,4,8,imag,2,2,0,0.00212200707756,0.0,0.0228458680212,-0.0146652627736,0.0242321640253,-0.0117860566825,-0.003809557762,0.0298978108913,0.0228458680212,0.0146652627736,0.362072736025,0.0,0.353829830885,0.0407763980329,-0.25416457653,0.303594619036,0.0242321640253,0.0117860566825,0.353829830885,-0.0407763980329,0.352253675461,0.0,-0.214596733451,0.326379150152,-0.003809557762,-0.0298978108913,-0.25416457653,-0.303594619036,-0.214596733451,-0.326379150152,0.442287832499,0.0
1630632767748902546,height,4,32,width,4,8,imag,2,2,0,3.22191626765e-05,0.0,1.67491648995e-07,-1.09159771e-07,1.3344464378e-07,-1.90321770788e-07,1.33595150942e-07,1.21260839592e-07,1.67491648995e-07,1.09159771e-07,3.63796571037e-05,0.0,1.29501728452e-07,-1.92782145803e-08,1.21584648127e-07,2.49719924739e-08,1.3344464378e-07,1.90321770788e-07,1.29501728452e-07,1.92782145803e-08,3.69425433746e-05,0.0,4.3338229716e-07,-3.91681993506e-08,1.33595150942e-07,-1.21260839592e-07,1.21584648127e-07,-2.49719924739e-08,4.3338229716e-07,3.91681993506e-08,3.73028706235e-05,0.0
1630632767881291672,height,4,32,width,4,8,imag,2,2,0,3.20770050166e-05,0.0,2.2443447989e-08,-8.13565748103e-08,2.42336528622e-09,-5.74148861787e-09,-1.88514945876e-07,-2.33028785601e-07,2.2443447989e-08,8.13565748103e-08,3.64417610399e-05,0.0,-1.55487960285e-08,-2.80984533418e-08,-2.13738530874e-07,9.48952294522e-09,2.42336528622e-09,5.74148861787e-09,-1.55487960285e-08,2.80984533418e-08,3.68843393517e-05,0.0,3.80051773163e-07,-2.16887574567e-09,-1.88514945876e-07,2.33028785601e-07,-2.13738530874e-07,-9.48952294522e-09,3.80051773163e-07,2.16887574567e-09,3.69498666259e-05,0.0
1630632767893484779,height,4,32,width,4,8,imag,2,2,0,0.00209118658677,0.0,0.022192735225,-0.0148659665138,0.0236035939306,-0.0120474584401,-0.00359400990419,0.0296834018081,0.022192735225,0.0148659665138,0.355344444513,0.0,0.347369551659,0.0402709282935,-0.255462795496,0.297091335058,0.0236035939306,0.0120474584401,0.347369551659,-0.0402709282935,0.345839768648,0.0,-0.216525450349,0.32024076581,-0.00359400990419,-0.0296834018081,-0.255462795496,-0.297091335058,-0.216525450349,-0.32024076581,0.442276477814,0.0
1630632768055314660,height,4,32,width,4,8,imag,2,2,0,3.20227663906e-05,0.0,-2.06516205026e-07,-6.6638259355e-09,-5.14587910061e-08,8.33547701973e-08,-2.87967537815e-07,-8.04890305517e-08,-2.06516205026e-07,6.6638259355e-09,3.58281649824e-05,0.0,1.23734267277e-08,1.119301416e-07,1.98119352035e-07,-2.4208949867e-07,-5.14587910061e-08,-8.33547701973e-08,1.23734267277e-08,-1.119301416e-07,3.64413572242e-05,0.0,1.70017514733e-07,-2.72022742109e-08,-2.87967537815e-07,8.04890305517e-08,1.98119352035e-07,2.4208949867e-07,1.70017514733e-07,2.72022742109e-08,3.7080491893e-05,0.0
1630632768087185014,height,4,32,width,4,8,imag,2,2,0,3.22437117575e-05,0.0,3.06292733399e-08,-1.65044198752e-07,-1.35553278824e-07,-3.72177098029e-08,3.05433722758e-08,-1.6119763302e-07,3.06292733399e-08,1.65044198752e-07,3.60058693332e-05,0.0,1.26516667365e-07,-3.32009449266e-07,-7.23435462646e-08,2.3442135344e-08,-1.35553278824e-07,3.72177098029e-08,1.26516667365e-07,3.32009449266e-07,3.63085564459e-05,0.0,2.55808600969e-07,2.31991833743e-07,3.05433722758e-08,1.6119763302e-07,-7.23435462646e-08,-2.3442135344e-08,2.55808600969e-07,-2.31991833743e-07,3.73555340047e-05,0.0
1630632768087249771,height,4,32,width,4,8,imag,2,2,0,0.00211432971992,0.0,0.0222005620599,-0.0153644857928,0.0238393209875,-0.0123998522758,-0.0027074215468,0.0305533427745,0.0222005620599,0.0153644857928,0.359300911427,0.0,0.351904034615,0.0431513488293,-0.257567346096,0.310155540705,0.0238393209875,0.0123998522758,0.351904034615,-0.0431513488293,0.35175999999,0.0,-0.215411841869,0.335438728333,-0.0027074215468,-0.0305533427745,-0.257567346096,-0.310155540705,-0.215411841869,-0.335438728333,0.461400777102,0.0
1630632768265369035,height,4,32,width,4,8,imag,2,2,0,0.00207384186797,0.0,0.0220363978297,-0.0149184800684,0.0239380262792,-0.0115103740245,-0.00277836900204,0.030483532697,0.0220363978297,0.0149184800684,0.354926556349,0.0,0.347830921412,0.0503830946982,-0.255444973707,0.312554746866,0.0239380262792,0.0115103740245,0.347830921412,-0.0503830946982,0.349917322397,0.0,-0.206376463175,0.343067079782,-0.00277836900204,-0.030483532697,-0.255444973707,-0.312554746866,-0.206376463175,-0.343067079782,0.468790858984,0.0
1630632768325022776,height,4,32,width,4,8,imag,2,2,0,3.18837664963e-05,0.0,-3.31165409762e-07,-2.89290625233e-07,-1.00700361827e-07,3.6280579252e-07,-6.62115269279e-08,-3.31656337949e-08,-3.31165409762e-07,2.89290625233e-07,3.62109603884e-05,0.0,7.01252655944e-09,2.10800294553e-07,1.32247805595e-07,-7.96532351188e-09,-1.00700361827e-07,-3.6280579252e-07,7.01252655944e-09,-2.10800294553e-07,3.64941624866e-05,0.0,1.6671562264e-07,1.64343774145e-07,-6.62115269279e-08,3.31656337949e-08,1.32247805595e-07,7.96532351188e-09,1.6671562264e-07,-1.64343774145e-07,3.69826011593e-05,0.0
1630632768333351219,height,4,32,width,4,8,imag,2,2,0,3.21454463119e-05,0.0,-3.48743505185e-08,1.65077835845e-07,2.33364431779e-07,2.43359714602e-08,6.31932763895e-08,-1.71262701798e-08,-3.48743505185e-08,-1.65077835845e-07,3.58350480383e-05,0.0,-3.15861043987e-08,1.98221059122e-07,-2.96239051067e-08,-1.29150805606e-07,2.33364431779e-07,-2.43359714602e-08,-3.15861043987e-08,-1.98221059122e-07,3.64812549378e-05,0.0,2.31997020705e-07,2.87485420358e-07,6.31932763895e-08,1.71262701798e-08,-2.96239051067e-08,1.29150805606e-07,2.31997020705e-07,-2.87485420358e-07,3.75321651518e-05,0.0
1630632768477385367,height,4,32,width,4,8,imag,2,2,0,0.00205922336318,0.0,0.0222651753575,-0.0142525294796,0.0243811253458,-0.0102425580844,-0.00324853067286,0.0304935183376,0.0222651753575,0.0142525294796,0.352550476789,0.0,0.344716787338,0.0588682405651,-0.252762615681,0.315980494022,0.0243811253458,0.0102425580844,0.344716787338,-0.0588682405651,0.348937064409,0.0,-0.194751814008,0.351470977068,-0.00324853067286,-0.0304935183376,-0.252762615681,-0.315980494022,-0.194751814008,-0.351470977068,0.474052608013,0.0
1630632768557374112,height,4,32,width,4,8,imag,2,2,0,3.19923237839e-05,0.0,1.76186489398e-07,2.4872127824e-07,-2.00805800432e-07,-1.04929739564e-07,1.21524053043e-07,-1.21806749576e-07,1.76186489398e-07,-2.4872127824e-07,3.57590906788e-05,0.0,-1.55150186032e-08,-1.97101158506e-07,-1.28930011556e-07,-3.33912666406e-08,-2.00805800432e-07,1.04929739564e-07,-1.55150186032e-08,1.97101158506e-07,3.60742378689e-05,0.0,2.95343113521e-07,2.86643331293e-08,1.21524053043e-07,1.21806749576e-07,-1.28930011556e-07,3.33912666406e-08,2.95343113521e-07,-2.86643331293e-08,3.7082547351e-05,0.0
1630632768593867186,height,4,32,width,4,8,imag,2,2,0,3.22881751345e-05,0.0,4.81090403071e-08,-5.00902146428e-08,1.74509622752e-07,6.20321713996e-08,-1.0874509826e-07,-3.43084352039e-08,4.81090403071e-08,5.00902146428e-08,3.55519478035e-05,0.0,-4.11627816277e-08,-4.61019936893e-07,-1.89047170807e-07,1.57600638317e-07,1.74509622752e-07,-6.20321713996e-08,-4.11627816277e-08,4.61019936893e-07,3.61267084372e-05,0.0,3.2754348922e-07,6.79018299365e-08,-1.0874509826e-07,3.43084352039e-08,-1.89047170807e-07,-1.57600638317e-07,3.2754348922e-07,-6.79018299365e-08,3.73375514755e-05,0.0
1630632768650578934,height,4,32,width,4,8,imag,2,2,0,0.0020682674367,0.0,0.0232902392745,-0.012795205228,0.025044189766,-0.00819180067629,-0.00544227939099,0.030421949923,0.0232902392745,0.012795205228,0.354495674372,0.0,0.342438459396,0.0642027631402,-0.256092309952,0.317529350519,0.025044189766,0.00819180067629,0.342438459396,-0.0642027631402,0.344370663166,0.0,-0.190276116133,0.353412479162,-0.00544227939099,-0.030421949923,-0.256092309952,-0.317529350519,-0.190276116133,-0.353412479162,0.479370087385,0.0
1630632768758612900,height,4,32,width,4,8,imag,2,2,0,3.20819490298e-05,0.0,4.33223057428e-08,-4.01201951661e-08,3.86939404962e-08,-9.1307548189e-08,1.92881746131e-08,8.39921998619e-09,4.33223057428e-08,4.01201951661e-08,3.60859521606e-05,0.0,-7.23685218418e-08,5.72531817511e-08,1.31818566729e-07,-2.42477625534e-07,3.86939404962e-08,9.1307548189e-08,-7.23685218418e-08,-5.72531817511e-08,3.64385523426e-05,0.0,3.09029218215e-07,1.76613053071e-08,1.92881746131e-08,-8.39921998619e-09,1.31818566729e-07,2.42477625534e-07,3.09029218215e-07,-1.76613053071e-08,3.73636466975e-05,0.0
1630632768860309824,height,4,32,width,4,8,imag,2,2,0,0.00208703381941,0.0,0.0242524240166,-0.0115766450763,0.0256543979049,-0.00633485289291,-0.00798152387142,0.0301578324288,0.0242524240166,0.0115766450763,0.359537988901,0.0,0.342615902424,0.0706916898489,-0.266790091991,0.314936637878,0.0256543979049,0.00633485289291,0.342615902424,-0.0706916898489,0.342647343874,0.0,-0.192921340466,0.352994441986,-0.00798152387142,-0.0301578324288,-0.266790091991,-0.314936637878,-0.192921340466,-0.352994441986,0.484187543392,0.0
1630632768860808719,height,4,32,width,4,8,imag,2,2,0,3.18052698276e-05,0.0,3.21865267772e-09,1.40829712336e-07,-2.85133268108e-07,-1.20657119851e-07,-1.00389350166e-07,-1.53981744688e-07,3.21865267772e-09,-1.40829712336e-07,3.62434620911e-05,0.0,-1.55413076186e-07,1.33297760385e-07,-3.19782493818e-08,-1.4624572664e-08,-2.85133268108e-07,1.20657119851e-07,-1.55413076186e-07,-1.33297760385e-07,3.64295447071e-05,0.0,3.13173387667e-07,2.58388581642e-07,-1.00389350166e-07,1.53981744688e-07,-3.19782493818e-08,1.4624572664e-08,3.13173387667e-07,-2.58388581642e-07,3.73474795197e-05,0.0
1630632768947308629,height,4,32,width,4,8,imag,2,2,0,3.20150284097e-05,0.0,-2.31705072906e-07,-1.04459907391e-07,-3.29271330202e-07,-1.13684606617e-07,1.75554362158e-07,5.33884119136e-08,-2.31705072906e-07,1.04459907391e-07,3.57897661161e-05,0.0,2.01321924465e-07,-2.22202046984e-07,5.96224651872e-08,1.00541448944e-07,-3.29271330202e-07,1.13684606617e-07,2.01321924465e-07,2.22202046984e-07,3.62250502803e-05,0.0,4.68510990004e-07,-9.42934832437e-08,1.75554362158e-07,-5.33884119136e-08,5.96224651872e-08,-1.00541448944e-07,4.68510990004e-07,9.42934832437e-08,3.74600640498e-05,0.0
1630632769094010855,height,4,32,width,4,8,imag,2,2,0,0.00211845175363,0.0,0.0247869640589,-0.0114425737411,0.0261036362499,-0.00617152499035,-0.00992410536855,0.0301204882562,0.0247869640589,0.0114425737411,0.366243839264,0.0,0.348435491323,0.070782519877,-0.285782426596,0.307915776968,0.0261036362499,0.00617152499035,0.348435491323,-0.070782519877,0.347782343626,0.0,-0.21349093318,0.348737418652,-0.00992410536855,-0.0301204882562,-0.285782426596,-0.307915776968,-0.21349093318,-0.348737418652,0.492088973522,0.0
1630632769131539172,height,4,32,width,4,8,imag,2,2,0,3.19878927257e-05,0.0,1.73515616098e-07,5.45866249979e-08,1.36835652143e-07,-1.16154232899e-07,5.60058097676e-08,-2.93645463501e-08,1.73515616098e-07,-5.45866249979e-08,3.5884702811e-05,0.0,1.24772423504e-08,-6.71855389101e-08,-2.09468282719e-07,3.88008970731e-07,1.36835652143e-07,1.16154232899e-07,1.24772423504e-08,6.71855389101e-08,3.65633677575e-05,0.0,2.8152621212e-07,1.22894547872e-07,5.60058097676e-08,2.93645463501e-08,-2.09468282719e-07,-3.88008970731e-07,2.8152621212e-07,-1.22894547872e-07,3.74230330635e-05,0.0
1630632769161351961,height,4,32,width,4,8,imag,2,2,0,3.20728613588e-05,0.0,-8.45531076266e-08,-5.35100674881e-08,2.85781744935e-08,-1.50064263238e-08,-1.6812703052e-07,-1.0604754408e-07,-8.45531076266e-08,5.35100674881e-08,3.58974830306e-05,0.0,2.91475515724e-07,1.35147504299e-09,1.9874707391e-07,-1.01812460684e-07,2.85781744935e-08,1.50064263238e-08,2.91475515724e-07,-1.35147504299e-09,3.64274383173e-05,0.0,2.47420445021e-07,-7.44304315958e-08,-1.6812703052e-07,1.0604754408e-07,1.9874707391e-07,1.01812460684e-07,2.47420445021e-07,7.44304315958e-08,3.69203771697e-05,0.0
1630632769289337281,height,4,32,width,4,8,imag,2,2,0,0.00075954280328,0.0,0.00852761231363,-0.00419585639611,0.00901512149721,-0.00251687224954,-0.00354027561843,0.0104398727417,0.00852761231363,0.00419585639611,0.127579733729,0.0,0.12188860029,0.0227403510362,-0.102864541113,0.103716567159,0.00901512149721,0.00251687224954,0.12188860029,-0.0227403510362,0.121509663761,0.0,-0.0802743509412,0.117711029947,-0.00354027561843,-0.0104398727417,-0.102864541113,-0.103716567159,-0.0802743509412,-0.117711029947,0.170678287745,0.0
1630632769361491003,height,4,32,width,4,8,imag,2,2,0,3.17617232213e-05,0.0,-3.11923962215e-08,-6.07719741197e-08,6.83335272811e-08,-1.63230012618e-07,-2.8346451586e-07,4.3515051118e-08,-3.11923962215e-08,6.07719741197e-08,3.57385979441e-05,0.0,6.52103793186e-08,-1.43477606684e-07,-1.33292090254e-07,-2.20342116108e-07,6.83335272811e-08,1.63230012618e-07,6.52103793186e-08,1.43477606684e-07,3.64768275176e-05,0.0,5.25424070474e-07,5.77164378512e-08,-2.8346451586e-07,-4.3515051118e-08,-1.33292090254e-07,2.20342116108e-07,5.25424070474e-07,-5.77164378512e-08,3.70273082808e-05,0.0
1630632769397242016,height,4,32,width,4,8,imag,2,2,0,3.21184452332e-05,0.0,-8.70726708513e-08,5.34231965332e-08,7.77241737637e-08,7.6733094545e-08,-4.31276134805e-08,-5.00569861117e-08,-8.70726708513e-08,-5.34231965332e-08,3.60096455552e-05,0.0,-1.04069911799e-07,6.76998652693e-08,-2.13288146256e-07,7.38444541071e-08,7.77241737637e-08,-7.6733094545e-08,-1.04069911799e-07,-6.76998652693e-08,3.63932776963e-05,0.0,1.31923215463e-07,-3.20299413659e-08,-4.31276134805e-08,5.00569861117e-08,-2.13288146256e-07,-7.38444541071e-08,1.31923215463e-07,3.20299413659e-08,3.73280563508e-05,0.0
1630632769563932442,height,4,32,width,4,8,imag,2,2,0,3.18649617839e-05,0.0,5.87468917956e-08,-5.70781715226e-08,1.39368381724e-07,-6.70762503319e-08,4.81738311464e-08,1.20298238926e-07,5.87468917956e-08,5.70781715226e-08,3.62073187716e-05,0.0,2.98810505228e-07,-3.6551366378e-08,2.0681429902e-08,2.56090487483e-07,1.39368381724e-07,6.70762503319e-08,2.98810505228e-07,3.6551366378e-08,3.6529640056e-05,0.0,3.09274128085e-07,1.01077297643e-07,4.81738311464e-08,-1.20298238926e-07,2.0681429902e-08,-2.56090487483e-07,3.09274128085e-07,-1.01077297643e-07,3.70936359104e-05,0.0
1630632769602749388,height,4,32,width,4,8,imag,2,2,0,3.20099607052e-05,0.0,1.3059970172e-07,-4.26291748568e-08,2.20127375883e-07,-3.76416942061e-08,1.79337959594e-07,-9.13188173968e-08,1.3059970172e-07,4.26291748568e-08,3.61177335435e-05,0.0,6.84493883796e-08,1.11154243143e-07,1.21475780546e-08,4.40144773961e-08,2.20127375883e-07,3.76416942061e-08,6.84493883796e-08,-1.11154243143e-07,3.62144419341e-05,0.0,3.56313336169e-07,-5.76422678478e-08,1.79337959594e-07,9.13188173968e-08,1.21475780546e-08,-4.40144773961e-08,3.56313336169e-07,5.76422678478e-08,3.74733645003e-05,0.0
1630632769662921279,height,4,32,width,4,8,imag,2,2,0,3.21165753121e-05,0.0,6.35053893916e-08,1.65084017567e-07,-6.42352588898e-08,-5.72023814982e-08,-7.40395407206e-08,2.45653168918e-08,6.35053893916e-08,-1.65084017567e-07,3.61694801541e-05,0.0,9.61257100585e-08,-1.5550293142e-07,6.3079760082e-08,2.51505554161e-08,-6.42352588898e-08,5.72023814982e-08,9.61257100585e-08,1.5550293142e-07,3.67573593394e-05,0.0,4.05485621968e-07,2.44485562462e-07,-7.40395407206e-08,-2.45653168918e-08,6.3079760082e-08,-2.51505554161e-08,4.05485621968e-07,-2.44485562462e-07,3.76245952793e-05,0.0
1630632769789644724,height,4,32,width,4,8,imag,2,2,0,3.20706531056e-05,0.0,-1.04839024573e-07,-4.16228047584e-08,2.91154282905e-08,1.4009040683e-07,6.35706314256e-08,-1.88774563981e-07,-1.04839024573e-07,4.16228047584e-08,3.59096775355e-05,0.0,1.46306902593e-07,2.76367249086e-08,-3.82134359711e-08,1.77770928644e-07,2.91154282905e-08,-1.4009040683e-07,1.46306902593e-07,-2.76367249086e-08,3.6464742152e-05,0.0,4.84884424168e-07,2.84192420708e-08,6.35706314256e-08,1.88774563981e-07,-3.82134359711e-08,-1.77770928644e-07,4.84884424168e-07,-2.84192420708e-08,3.71972091671e-05,0.0
1630632769855711714,height,4,32,width,4,8,imag,2,2,0,3.16105215461e-05,0.0,6.38987671664e-08,-6.80979113099e-08,-8.07271050007e-08,-8.78900223711e-08,1.40665633808e-07,-1.05497527159e-07,6.38987671664e-08,6.80979113099e-08,3.61163656635e-05,0.0,-6.86842014375e-08,-3.40831121548e-07,6.46272013682e-08,-6.99483226896e-09,-8.07271050007e-08,8.78900223711e-08,-6.86842014375e-08,3.40831121548e-07,3.65949526895e-05,0.0,2.92597519547e-07,1.42410684134e-07,1.40665633808e-07,1.05497527159e-07,6.46272013682e-08,6.99483226896e-09,2.92597519547e-07,-1.42410684134e-07,3.71043715859e-05,0.0
1630632769929176719,height,4,32,width,4,8,imag,2,2,0,3.19833670801e-05,0.0,8.9574974993e-08,-7.31286675659e-08,-8.34819786633e-08,-2.6139709064e-08,6.73161792974e-08,-6.00000120698e-08,8.9574974993e-08,7.31286675659e-08,3.60384838132e-05,0.0,1.51950188543e-10,-2.69319855306e-08,7.18743038419e-08,-5.86807011871e-08,-8.34819786633e-08,2.6139709064e-08,1.51950188543e-10,2.69319855306e-08,3.62734172086e-05,0.0,2.51866453027e-07,1.83694410794e-07,6.73161792974e-08,6.00000120698e-08,7.18743038419e-08,5.86807011871e-08,2.51866453027e-07,-1.83694410794e-07,3.73250004486e-05,0.0
1630632769942789290,height,4,32,width,4,8,imag,2,2,0,3.21720181091e-05,0.0,1.74575490064e-07,-1.14146466501e-07,4.35316600544e-08,1.00863793762e-07,-1.33064588681e-07,2.92440685001e-08,1.74575490064e-07,1.14146466501e-07,3.61399143003e-05,0.0,7.61239604685e-09,8.88785365305e-08,-1.34697202725e-07,-1.94486950988e-08,4.35316600544e-08,-1.00863793762e-07,7.61239604685e-09,-8.88785365305e-08,3.67350403394e-05,0.0,9.14948330433e-08,-1.82022091622e-07,-1.33064588681e-07,-2.92440685001e-08,-1.34697202725e-07,1.94486950988e-08,9.14948330433e-08,1.82022091622e-07,3.75625932065e-05,0.0
1630632770100703911,height,4,32,width,4,8,imag,2,2,0,3.18640231853e-05,0.0,-8.71188063911e-08,4.23499777469e-08,6.08123684742e-08,4.03231410928e-07,-1.76941256314e-07,6.44338697953e-08,-8.71188063911e-08,-4.23499777469e-08,3.63207509508e-05,0.0,-1.23847661015e-08,-1.61380143027e-07,-4.65913210235e-08,-1.60619855194e-08,6.08123684742e-08,-4.03231410928e-07,-1.23847661015e-08,1.61380143027e-07,3.63935396308e-05,0.0,4.9509657174e-07,8.42794563027e-08,-1.76941256314e-07,-6.44338697953e-08,-4.65913210235e-08,1.60619855194e-08,4.9509657174e-07,-8.42794563027e-08,3.73479961127e-05,0.0
1630632770123837194,height,4,32,width,4,8,imag,2,2,0,3.16339137498e-05,0.0,-1.76378076588e-08,-7.58986331562e-08,6.30967065263e-08,-2.43077540318e-08,4.75983270576e-08,9.54223651206e-08,-1.76378076588e-08,7.58986331562e-08,3.60191697837e-05,0.0,3.33160187438e-07,-1.5544871701e-07,-7.4006926809e-08,-6.76963551882e-08,6.30967065263e-08,2.43077540318e-08,3.33160187438e-07,1.5544871701e-07,3.66562671843e-05,0.0,3.10003997583e-07,2.43252969767e-07,4.75983270576e-08,-9.54223651206e-08,-7.4006926809e-08,6.76963551882e-08,3.10003997583e-07,-2.43252969767e-07,3.70672569261e-05,0.0
1630632770197678196,height,4,32,width,4,8,imag,2,2,0,3.18851671182e-05,0.0,5.22572385364e-08,3.34732987994e-08,4.50316655076e-08,-1.13456806616e-07,-7.57283302733e-08,2.30852251093e-07,5.22572385364e-08,-3.34732987994e-08,3.58521101589e-05,0.0,-4.53690773838e-08,1.23560141674e-07,9.33969630523e-08,1.06810475131e-07,4.50316655076e-08,1.13456806616e-07,-4.53690773838e-08,-1.23560141674e-07,3.65680098184e-05,0.0,7.48459854094e-08,1.66072062768e-08,-7.57283302733e-08,-2.30852251093e-07,9.33969630523e-08,-1.06810475131e-07,7.48459854094e-08,-1.66072062768e-08,3.73297043552e-05,0.0
1630632770289793975,height,4,32,width,4,8,imag,2,2,0,3.18366801366e-05,0.0,8.58814530602e-08,1.43372162142e-07,-3.96744695763e-07,3.68200367973e-08,3.76866147178e-08,9.83362937745e-08,8.58814530602e-08,-1.43372162142e-07,3.56812597602e-05,0.0,4.50377513062e-08,-2.64900563707e-07,6.20445916866e-08,-5.82876431565e-08,-3.96744695763e-07,-3.68200367973e-08,4.50377513062e-08,2.64900563707e-07,3.63771687262e-05,0.0,2.52969556414e-07,8.46035703717e-08,3.76866147178e-08,-9.83362937745e-08,6.20445916866e-08,5.82876431565e-08,2.52969556414e-07,-8.46035703717e-08,3.7273261114e-05,0.0
1630632770364300615,height,4,32,width,4,8,imag,2,2,0,3.22277446685e-05,0.0,6.46575557539e-08,-3.50140680894e-08,8.12054494759e-08,7.31475040538e-08,9.91105366666e-08,-3.66606194291e-08,6.46575557539e-08,3.50140680894e-08,3.59696969099e-05,0.0,1.13052323059e-08,2.42596751576e-08,3.11460041758e-07,2.99031164275e-08,8.12054494759e-08,-7.31475040538e-08,1.13052323059e-08,-2.42596751576e-08,3.66910753655e-05,0.0,2.2712089276e-07,-7.2922468064e-08,9.91105366666e-08,3.66606194291e-08,3.11460041758e-07,-2.99031164275e-08,2.2712089276e-07,7.2922468064e-08,3.74435403501e-05,0.0
1630632770466346845,height,4,32,width,4,8,imag,2,2,0,3.18308884744e-05,0.0,1.5354765992e-07,-2.27579768364e-08,1.20190577491e-07,5.43862643809e-09,-9.74445129032e-08,-1.07483010936e-07,1.5354765992e-07,2.27579768364e-08,3.58476645488e-05,0.0,2.56732761272e-07,-2.20930999717e-07,8.59565432165e-08,1.4711223173e-07,1.20190577491e-07,-5.43862643809e-09,2.56732761272e-07,2.20930999717e-07,3.6427158193e-05,0.0,3.38885115525e-07,-1.50549723799e-07,-9.74445129032e-08,1.07483010936e-07,8.59565432165e-08,-1.4711223173e-07,3.38885115525e-07,1.50549723799e-07,3.74908049707e-05,0.0
1630632770486676530,height,4,32,width,4,8,imag,2,2,0,3.17476478813e-05,0.0,-5.63869839709e-08,1.3126093279e-07,-5.33418678117e-08,-1.57501233389e-07,-2.8542825703e-07,-1.34644466243e-07,-5.63869839709e-08,-1.3126093279e-07,3.6051224015e-05,0.0,4.50873969271e-08,-1.53968926497e-07,-2.54434866065e-07,-4.2439662451e-08,-5.33418678117e-08,1.57501233389e-07,4.50873969271e-08,1.53968926497e-07,3.61103593605e-05,0.0,3.00944833498e-07,1.55232385168e-07,-2.8542825703e-07,1.34644466243e-07,-2.54434866065e-07,4.2439662451e-08,3.00944833498e-07,-1.55232385168e-07,3.70414745703e-05,0.0
1630632770605494677,height,4,32,width,4,8,imag,2,2,0,3.18125312333e-05,0.0,4.56431870077e-08,-1.01652418039e-07,2.03116087505e-07,3.84259450925e-08,-1.05096908953e-07,-2.02503230184e-07,4.56431870077e-08,1.01652418039e-07,3.61381535186e-05,0.0,-1.21998809277e-07,-1.21286035437e-07,-3.8977302097e-07,1.11242684397e-07,2.03116087505e-07,-3.84259450925e-08,-1.21998809277e-07,1.21286035437e-07,3.63165418094e-05,0.0,1.55893232545e-07,-4.64129996658e-08,-1.05096908953e-07,2.02503230184e-07,-3.8977302097e-07,-1.11242684397e-07,1.55893232545e-07,4.64129996658e-08,3.7262965634e-05,0.0
1630632770692712357,height,4,32,width,4,8,imag,2,2,0,3.1904084608e-05,0.0,-9.5007159473e-08,5.73896138945e-11,-7.51589155357e-08,2.05895371863e-08,-1.48574500258e-07,-2.7462217389e-08,-9.5007159473e-08,-5.73896138945e-11,3.6239700421e-05,0.0,1.94347023807e-07,-2.05051463809e-07,1.74600174319e-07,7.70671704231e-08,-7.51589155357e-08,-2.05895371863e-08,1.94347023807e-07,2.05051463809e-07,3.61345046258e-05,0.0,2.75489867363e-07,6.59678249804e-08,-1.48574500258e-07,2.7462217389e-08,1.74600174319e-07,-7.70671704231e-08,2.75489867363e-07,-6.59678249804e-08,3.75427189283e-05,0.0
1630632770707822185,height,4,32,width,4,8,imag,2,2,0,3.18105958286e-05,0.0,3.52038576068e-08,-1.399153291e-07,-4.49861765617e-08,-1.99756996722e-07,-1.32811791786e-07,1.51135864712e-07,3.52038576068e-08,1.399153291e-07,3.57044737029e-05,0.0,2.69877830306e-07,-2.13034468288e-07,8.77555521583e-08,2.69243088269e-07,-4.49861765617e-08,1.99756996722e-07,2.69877830306e-07,2.13034468288e-07,3.6594174162e-05,0.0,4.14071962496e-07,2.1237077874e-07,-1.32811791786e-07,-1.51135864712e-07,8.77555521583e-08,-2.69243088269e-07,4.14071962496e-07,-2.1237077874e-07,3.74340488634e-05,0.0
1630632770862737984,height,4,32,width,4,8,imag,2,2,0,3.18055062962e-05,0.0,1.65256693663e-07,1.52679803023e-07,6.85980765525e-08,2.33103662595e-07,-2.30199148632e-07,6.61294379256e-08,1.65256693663e-07,-1.52679803023e-07,3.5943590774e-05,0.0,-1.94039344592e-07,-6.82779788264e-09,9.25965615295e-09,-7.34438003747e-08,6.85980765525e-08,-2.33103662595e-07,-1.94039344592e-07,6.82779788264e-09,3.63027684216e-05,0.0,3.57368520554e-07,5.12028066169e-07,-2.30199148632e-07,-6.61294379256e-08,9.25965615295e-09,7.34438003747e-08,3.57368520554e-07,-5.12028066169e-07,3.70450034097e-05,0.0
1630632770903745073,height,4,32,width,4,8,imag,2,2,0,3.17720077874e-05,0.0,8.87815190254e-08,1.31644554813e-07,-4.01418205342e-08,1.63768412165e-08,2.28089660936e-07,4.07198044172e-08,8.87815190254e-08,-1.31644554813e-07,3.58306933776e-05,0.0,6.69948292398e-08,-2.04998631403e-08,1.18017339901e-07,3.51132078968e-09,-4.01418205342e-08,-1.63768412165e-08,6.69948292398e-08,2.04998631403e-08,3.62726204912e-05,0.0,4.67419852157e-07,1.08721485148e-08,2.28089660936e-07,-4.07198044172e-08,1.18017339901e-07,-3.51132078968e-09,4.67419852157e-07,-1.08721485148e-08,3.76549724024e-05,0.0
1630632770981011998,height,4,32,width,4,8,imag,2,2,0,3.20369108522e-05,0.0,-2.88756240252e-07,-2.96606117445e-07,-1.1771049202e-07,-3.09060901316e-08,5.98737273094e-08,-1.19769140383e-07,-2.88756240252e-07,2.96606117445e-07,3.56264499715e-05,0.0,2.08762727993e-07,-1.96558332277e-07,1.42350401688e-07,7.27326536776e-08,-1.1771049202e-07,3.09060901316e-08,2.08762727993e-07,1.96558332277e-07,3.62242208212e-05,0.0,6.65126194122e-08,-4.67227465606e-08,5.98737273094e-08,1.19769140383e-07,1.42350401688e-07,-7.27326536776e-08,6.65126194122e-08,4.67227465606e-08,3.68868932128e-05,0.0
1630632771104137964,height,4,32,width,4,8,imag,2,2,0,3.20024992106e-05,0.0,-4.74527581673e-08,-9.56365155957e-08,-3.09105701035e-08,-1.36082817903e-07,1.54631223381e-07,-4.26683470778e-08,-4.74527581673e-08,9.56365155957e-08,3.59725345334e-05,0.0,-9.22103211565e-08,1.36348772273e-08,-2.21425750624e-07,2.33704838593e-07,-3.09105701035e-08,1.36082817903e-07,-9.22103211565e-08,-1.36348772273e-08,3.62614773621e-05,0.0,4.15182370261e-07,9.46452516359e-08,1.54631223381e-07,4.26683470778e-08,-2.21425750624e-07,-2.33704838593e-07,4.15182370261e-07,-9.46452516359e-08,3.74506635126e-05,0.0
1630632771131815462,height,4,32,width,4,8,imag,2,2,0,3.2117459341e-05,0.0,-7.1829347803e-08,-6.88626826673e-08,3.59554270801e-08,1.30169880208e-07,-2.62946997509e-07,-2.54750158746e-08,-7.1829347803e-08,6.88626826673e-08,3.61504644388e-05,0.0,1.56926262207e-07,-2.0992452221e-08,2.32050410887e-07,-1.05590757471e-07,3.59554270801e-08,-1.30169880208e-07,1.56926262207e-07,2.0992452221e-08,3.65284176951e-05,0.0,1.74548702603e-07,2.64649514747e-07,-2.62946997509e-07,2.54750158746e-08,2.32050410887e-07,1.05590757471e-07,1.74548702603e-07,-2.64649514747e-07,3.73661896447e-05,0.0
1630632771237343098,height,4,32,width,4,8,imag,2,2,0,3.18845377478e-05,0.0,-1.89987692245e-09,-2.52717029525e-07,9.60352863899e-08,-5.43889342453e-08,-1.85673258102e-07,4.33131788213e-07,-1.89987692245e-09,2.52717029525e-07,3.59920413757e-05,0.0,-1.69553011631e-08,-1.00350320054e-07,-6.75170994668e-08,-4.90245497531e-08,9.60352863899e-08,5.43889342453e-08,-1.69553011631e-08,1.00350320054e-07,3.66282620234e-05,0.0,4.37894897232e-07,-7.10571654849e-08,-1.85673258102e-07,-4.33131788213e-07,-6.75170994668e-08,4.90245497531e-08,4.37894897232e-07,7.10571654849e-08,3.68975124729e-05,0.0
1630632771281553806,height,4,32,width,4,8,imag,2,2,0,3.17341946356e-05,0.0,-2.04751685828e-07,-7.97666999119e-08,-9.95069271426e-08,1.25652206862e-07,-2.61479954133e-07,-2.9012086955e-08,-2.04751685828e-07,7.97666999119e-08,3.60113481293e-05,0.0,-1.80943729333e-07,-1.76588599743e-07,1.0872632572e-07,-5.93387881054e-08,-9.95069271426e-08,-1.25652206862e-07,-1.80943729333e-07,1.76588599743e-07,3.66444401152e-05,0.0,3.59192426913e-07,4.79004071963e-08,-2.61479954133e-07,2.9012086955e-08,1.0872632572e-07,5.93387881054e-08,3.59192426913e-07,-4.79004071963e-08,3.76591051463e-05,0.0
1630632771390682140,height,4,32,width,4,8,imag,2,2,0,3.22407722706e-05,0.0,-4.13014795697e-08,1.50949048816e-07,6.12677863998e-09,-9.81764927133e-08,-3.38980821191e-09,6.59558452298e-08,-4.13014795697e-08,-1.50949048816e-07,3.57227036147e-05,0.0,-1.05341307233e-07,-4.4200342586e-07,1.44161020899e-07,8.22642576281e-08,6.12677863998e-09,9.81764927133e-08,-1.05341307233e-07,4.4200342586e-07,3.67191205441e-05,0.0,2.19616794084e-07,1.11716460083e-07,-3.38980821191e-09,-6.59558452298e-08,1.44161020899e-07,-8.22642576281e-08,2.19616794084e-07,-1.11716460083e-07,3.77176838811e-05,0.0
1630632771455384894,height,4,32,width,4,8,imag,2,2,0,3.23084059346e-05,0.0,-1.04313087945e-07,-1.62190190167e-07,1.3029560364e-07,7.64446905777e-09,-1.5075374904e-07,-1.20177006124e-07,-1.04313087945e-07,1.62190190167e-07,3.60125231964e-05,0.0,-2.02024565965e-07,-5.02945795233e-07,1.19735403814e-07,3.55161873244e-08,1.3029560364e-07,-7.64446905777e-09,-2.02024565965e-07,5.02945795233e-07,3.66574749933e-05,0.0,7.63213051869e-07,2.22189243004e-07,-1.5075374904e-07,1.20177006124e-07,1.19735403814e-07,-3.55161873244e-08,7.63213051869e-07,-2.22189243004e-07,3.74089358957e-05,0.0
1630632771512530518,height,4,32,width,4,8,imag,2,2,0,3.21314983012e-05,0.0,-8.06778714946e-08,6.4920470777e-08,5.13830542559e-08,4.42781562526e-08,-4.67891574374e-08,-1.56475763902e-07,-8.06778714946e-08,-6.4920470777e-08,3.57565040758e-05,0.0,4.45400116789e-09,3.843754115e-08,4.35993214865e-08,-8.91735396635e-08,5.13830542559e-08,-4.42781562526e-08,4.45400116789e-09,-3.843754115e-08,3.68080218323e-05,0.0,3.0429626463e-07,-9.96384557084e-08,-4.67891574374e-08,1.56475763902e-07,4.35993214865e-08,8.91735396635e-08,3.0429626463e-07,9.96384557084e-08,3.74067494704e-05,0.0
1630632771646659173,height,4,32,width,4,8,imag,2,2,0,3.20131402987e-05,0.0,-6.32726511185e-08,2.98888487293e-08,-1.93997507836e-07,2.38786750373e-08,6.52744276408e-08,-1.06368966968e-08,-6.32726511185e-08,-2.98888487293e-08,3.5938086512e-05,0.0,4.38273097814e-08,8.98657948056e-09,-1.84502525258e-07,2.69958661647e-07,-1.93997507836e-07,-2.38786750373e-08,4.38273097814e-08,-8.98657948056e-09,3.6898356484e-05,0.0,4.34435520447e-07,2.84172188003e-08,6.52744276408e-08,1.06368966968e-08,-1.84502525258e-07,-2.69958661647e-07,4.34435520447e-07,-2.84172188003e-08,3.72990652977e-05,0.0
1630632771716783336,height,4,32,width,4,8,imag,2,2,0,3.19178543577e-05,0.0,-3.67177960925e-07,-8.35856184267e-08,5.24296588367e-08,-1.01737278158e-07,1.40661200021e-07,-8.58520152747e-08,-3.67177960925e-07,8.35856184267e-08,3.60710073437e-05,0.0,1.54094621507e-07,-2.18335515001e-07,-3.32496874478e-08,-2.23134193789e-07,5.24296588367e-08,1.01737278158e-07,1.54094621507e-07,2.18335515001e-07,3.65902051271e-05,0.0,1.38680533723e-07,5.44629976673e-08,1.40661200021e-07,8.58520152747e-08,-3.32496874478e-08,2.23134193789e-07,1.38680533723e-07,-5.44629976673e-08,3.75652816729e-05,0.0
1630632771779015032,height,4,32,width,4,8,imag,2,2,0,3.19082209899e-05,0.0,-6.22970404152e-08,7.75120483354e-08,-7.62986829272e-09,-5.07697919261e-08,3.3063475513e-08,3.32643814716e-08,-6.22970404152e-08,-7.75120483354e-08,3.59649711754e-05,0.0,9.65758886196e-08,-2.01424398938e-07,-1.73322987962e-07,-6.61642047817e-08,-7.62986829272e-09,5.07697919261e-08,9.65758886196e-08,2.01424398938e-07,3.65544583474e-05,0.0,3.53205109604e-07,9.82778658454e-09,3.3063475513e-08,-3.32643814716e-08,-1.73322987962e-07,6.61642047817e-08,3.53205109604e-07,-9.82778658454e-09,3.71824717149e-05,0.0
1630632771872754645,height,4,32,width,4,8,imag,2,2,0,3.21303632518e-05,0.0,2.33054890941e-07,-1.02899022636e-07,-6.71382736073e-08,1.39470515137e-07,-1.32922735929e-07,2.89379613605e-07,2.33054890941e-07,1.02899022636e-07,3.581929559e-05,0.0,9.88685187053e-08,-1.19920670727e-07,6.20465243628e-08,-7.34188765339e-10,-6.71382736073e-08,-1.39470515137e-07,9.88685187053e-08,1.19920670727e-07,3.62828395737e-05,0.0,2.13394685034e-07,-2.16291997646e-08,-1.32922735929e-07,-2.89379613605e-07,6.20465243628e-08,7.34188765339e-10,2.13394685034e-07,2.16291997646e-08,3.71014175471e-05,0.0
1630632771909012472,height,4,32,width,4,8,imag,2,2,0,3.18430611514e-05,0.0,7.16646937349e-08,-1.84626770761e-07,-5.78272434382e-08,8.22548642532e-08,4.82863597995e-08,1.56779933036e-07,7.16646937349e-08,1.84626770761e-07,3.57985845767e-05,0.0,-5.9401862984e-08,-1.89663296624e-07,4.66141585775e-07,3.13101580218e-08,-5.78272434382e-08,-8.22548642532e-08,-5.9401862984e-08,1.89663296624e-07,3.62541359209e-05,0.0,3.02028354326e-07,-3.27116076448e-08,4.82863597995e-08,-1.56779933036e-07,4.66141585775e-07,-3.13101580218e-08,3.02028354326e-07,3.27116076448e-08,3.73110706278e-05,0.0
1630632772046198339,height,4,32,width,4,8,imag,2,2,0,3.20879662468e-05,0.0,-1.56430573384e-07,-9.68900764065e-08,-4.16797512059e-08,1.22804152625e-07,1.64847278938e-07,2.74692126823e-07,-1.56430573384e-07,9.68900764065e-08,3.60043886758e-05,0.0,-1.66784758449e-07,-1.31145029059e-07,1.07929068349e-07,-1.39018922596e-07,-4.16797512059e-08,-1.22804152625e-07,-1.66784758449e-07,1.31145029059e-07,3.64124935004e-05,0.0,1.00412265169e-07,-2.03997601034e-08,1.64847278938e-07,-2.74692126823e-07,1.07929068349e-07,1.39018922596e-07,1.00412265169e-07,2.03997601034e-08,3.73068542103e-05,0.0
1630632772071876196,height,4,32,width,4,8,imag,2,2,0,3.18320489896e-05,0.0,3.63512668855e-07,4.65384246695e-08,-8.85273152562e-08,-2.7876339459e-08,1.71877942989e-07,9.75445288987e-08,3.63512668855e-07,-4.65384246695e-08,3.57370954589e-05,0.0,-3.90747132428e-08,2.50557814496e-08,2.79441564999e-07,-9.81855929894e-09,-8.85273152562e-08,2.7876339459e-08,-3.90747132428e-08,-2.50557814496e-08,3.66033309547e-05,0.0,4.27129634772e-07,-3.17579917919e-08,1.71877942989e-07,-9.75445288987e-08,2.79441564999e-07,9.81855929894e-09,4.27129634772e-07,3.17579917919e-08,3.71217829525e-05,0.0
1630632772177790567,height,4,32,width,4,8,imag,2,2,0,3.18044985761e-05,0.0,-1.80172676778e-07,2.22776549208e-07,-2.29478459346e-07,-8.36880715838e-08,-1.27142115502e-07,-1.9652678418e-07,-1.80172676778e-07,-2.22776549208e-07,3.58047582267e-05,0.0,-3.62184682245e-09,-4.31013225111e-09,-7.22523096908e-10,-1.44559535897e-07,-2.29478459346e-07,8.36880715838e-08,-3.62184682245e-09,4.31013225111e-09,3.64742118109e-05,0.0,3.50031115204e-07,8.72131877827e-08,-1.27142115502e-07,1.9652678418e-07,-7.22523096908e-10,1.44559535897e-07,3.50031115204e-07,-8.72131877827e-08,3.69824047084e-05,0.0
1630632772263720358,height,4,32,width,4,8,imag,2,2,0,3.22127452819e-05,0.0,1.59552087098e-07,2.43232165076e-07,3.50094296664e-07,5.40780620284e-09,2.1995491295e-07,-2.45625841444e-07,1.59552087098e-07,-2.43232165076e-07,3.56962627848e-05,0.0,2.53154496477e-07,-2.99809187254e-07,2.9438723459e-08,-2.70469229235e-07,3.50094296664e-07,-5.40780620284e-09,2.53154496477e-07,2.99809187254e-07,3.66592757928e-05,0.0,4.80186201912e-07,6.00768768066e-10,2.1995491295e-07,2.45625841444e-07,2.9438723459e-08,2.70469229235e-07,4.80186201912e-07,-6.00768768066e-10,3.7000147131e-05,0.0
1630632772312271039,height,4,32,width,4,8,imag,2,2,0,3.19869759551e-05,0.0,7.26654336702e-09,1.8084607234e-07,1.15659677391e-08,1.41254075103e-08,-7.57101616955e-08,-3.48117822568e-07,7.26654336702e-09,-1.8084607234e-07,3.59883997589e-05,0.0,-3.37813560236e-07,-1.00344237808e-07,1.78201574386e-07,-1.66691066283e-07,1.15659677391e-08,-1.41254075103e-08,-3.37813560236e-07,1.00344237808e-07,3.62106766261e-05,0.0,5.35282083547e-07,2.01295705438e-07,-7.57101616955e-08,3.48117822568e-07,1.78201574386e-07,1.66691066283e-07,5.35282083547e-07,-2.01295705438e-07,3.71766400349e-05,0.0
1630632772449334268,height,4,32,width,4,8,imag,2,2,0,3.21782572428e-05,0.0,1.16783077431e-07,5.0138144303e-08,7.97962016463e-08,5.98248419692e-08,-2.12288284729e-08,-8.18151875137e-08,1.16783077431e-07,-5.0138144303e-08,3.60709127563e-05,0.0,2.06798684843e-08,-2.51651897543e-07,-1.63807278852e-08,-3.06029875219e-07,7.97962016463e-08,-5.98248419692e-08,2.06798684843e-08,2.51651897543e-07,3.66011845472e-05,0.0,3.48429068708e-07,9.65037401102e-08,-2.12288284729e-08,8.18151875137e-08,-1.63807278852e-08,3.06029875219e-07,3.48429068708e-07,-9.65037401102e-08,3.72624672309e-05,0.0
1630632772509600443,height,4,32,width,4,8,imag,2,2,0,0.00203691283241,0.0,0.0230040922761,-0.0123925833032,0.0242646113038,-0.008430483751,-0.00968650169671,0.0287805851549,0.0230040922761,0.0123925833032,0.349070370197,0.0,0.335335016251,0.0537595115602,-0.291267067194,0.274370342493,0.0242646113038,0.008430483751,0.335335016251,-0.0537595115602,0.33237823844,0.0,-0.238849371672,0.309002220631,-0.00968650169671,-0.0287805851549,-0.291267067194,-0.274370342493,-0.238849371672,-0.309002220631,0.469054877758,0.0
1630632772587153838,height,4,32,width,4,8,imag,2,2,0,3.18052479997e-05,0.0,-6.27715976975e-08,1.6597907404e-07,-6.36174775082e-08,6.0774141275e-08,-1.01693103716e-07,-1.39956128464e-07,-6.27715976975e-08,-1.6597907404e-07,3.60210906365e-05,0.0,6.65393926624e-08,9.41698061752e-08,-1.02694791337e-07,-2.61474212948e-07,-6.36174775082e-08,-6.0774141275e-08,6.65393926624e-08,-9.41698061752e-08,3.65463747585e-05,0.0,1.64226761967e-07,-1.71333329746e-08,-1.01693103716e-07,1.39956128464e-07,-1.02694791337e-07,2.61474212948e-07,1.64226761967e-07,1.71333329746e-08,3.73366165149e-05,0.0
1630632772707119243,height,4,32,width,4,8,imag,2,2,0,0.00209694588557,0.0,0.023836588487,-0.0124358935282,0.0250431336462,-0.0083653125912,-0.00965919531882,0.0297304801643,0.023836588487,0.0124358935282,0.358598083258,0.0,0.344404190779,0.0548429004848,-0.292624682188,0.288937687874,0.0250431336462,0.0083653125912,0.344404190779,-0.0548429004848,0.34103807807,0.0,-0.238051861525,0.322756171227,-0.00965919531882,-0.0297304801643,-0.292624682188,-0.288937687874,-0.238051861525,-0.322756171227,0.482503175735,0.0
1630632772709314653,height,4,32,width,4,8,imag,2,2,0,3.18285565299e-05,0.0,-2.06471895581e-07,1.65768639704e-07,-1.30958966338e-07,2.20344276158e-07,2.52960489888e-07,-5.86120201262e-08,-2.06471895581e-07,-1.65768639704e-07,3.55966476491e-05,0.0,-1.87261370854e-08,-1.65873757396e-07,1.43942159525e-07,7.92942103089e-08,-1.30958966338e-07,-2.20344276158e-07,-1.87261370854e-08,1.65873757396e-07,3.60343801731e-05,0.0,2.34868295479e-07,9.72191003257e-08,2.52960489888e-07,5.86120201262e-08,1.43942159525e-07,-7.92942103089e-08,2.34868295479e-07,-9.72191003257e-08,3.76786338165e-05,0.0
1630632772847654521,height,4,32,width,4,8,imag,2,2,0,3.21914485539e-05,0.0,-2.38424007648e-07,-3.46359065873e-08,-3.47991360172e-08,-7.83303519825e-08,-1.55297939841e-07,1.04532581702e-07,-2.38424007648e-07,3.46359065873e-08,3.57291610271e-05,0.0,-1.09750599719e-08,-1.18313199238e-08,-2.60064439317e-07,4.0506151322e-08,-3.47991360172e-08,7.83303519825e-08,-1.09750599719e-08,1.18313199238e-08,3.66242857126e-05,0.0,2.94125300115e-07,2.26209394327e-07,-1.55297939841e-07,-1.04532581702e-07,-2.60064439317e-07,-4.0506151322e-08,2.94125300115e-07,-2.26209394327e-07,3.69788504031e-05,0.0
1630632772889057665,height,4,32,width,4,8,imag,2,2,0,0.00210757413879,0.0,0.0238869655877,-0.0127576747909,0.0250969883054,-0.00866902805865,-0.00993164069951,0.0298591721803,0.0238869655877,0.0127576747909,0.362128049135,0.0,0.347100377083,0.0550600476563,-0.300231635571,0.286902159452,0.0250969883054,0.00866902805865,0.347100377083,-0.0550600476563,0.343045085669,0.0,-0.245428621769,0.321165710688,-0.00993164069951,-0.0298591721803,-0.300231635571,-0.286902159452,-0.245428621769,-0.321165710688,0.486623615026,0.0
1630632772945428119,height,4,32,width,4,8,imag,2,2,0,3.18132806569e-05,0.0,3.76324464924e-08,-4.06971558675e-08,2.44023268259e-09,-1.3145630362e-07,-6.43595328143e-08,1.22534249414e-09,3.76324464924e-08,4.06971558675e-08,3.61243255611e-05,0.0,1.29680671535e-07,-1.77870305151e-07,1.01104873806e-07,-1.33331397478e-07,2.44023268259e-09,1.3145630362e-07,1.29680671535e-07,1.77870305151e-07,3.64300794899e-05,0.0,3.31089779593e-07,-1.33062538765e-08,-6.43595328143e-08,-1.22534249414e-09,1.01104873806e-07,1.33331397478e-07,3.31089779593e-07,1.33062538765e-08,3.71220594388e-05,0.0
1630632773045729850,height,4,32,width,4,8,imag,2,2,0,0.00211401190609,0.0,0.0239338129759,-0.0127592608333,0.0251397546381,-0.00872329715639,-0.00990085396916,0.029933270067,0.0239338129759,0.0127592608333,0.362218379974,0.0,0.347488820553,0.0543201118708,-0.299686342478,0.287822693586,0.0251397546381,0.00872329715639,0.347488820553,-0.0543201118708,0.343495428562,0.0,-0.245607629418,0.321573406458,-0.00990085396916,-0.029933270067,-0.299686342478,-0.287822693586,-0.245607629418,-0.321573406458,0.487044066191,0.0
1630632773137232421,height,4,32,width,4,8,imag,2,2,0,3.22770465573e-05,0.0,-2.2195507654e-07,1.11336646569e-07,1.59334419436e-07,-2.57309380913e-07,1.9092368575e-07,1.58887047519e-07,-2.2195507654e-07,-1.11336646569e-07,3.61106249329e-05,0.0,1.01843539824e-07,-1.45246072947e-08,1.05200236078e-07,-1.75564821348e-07,1.59334419436e-07,2.57309380913e-07,1.01843539824e-07,1.45246072947e-08,3.62816062989e-05,0.0,2.11714748843e-07,3.50700844365e-07,1.9092368575e-07,-1.58887047519e-07,1.05200236078e-07,1.75564821348e-07,2.11714748843e-07,-3.50700844365e-07,3.75735507987e-05,0.0
1630632773142438993,height,4,32,width,4,8,imag,2,2,0,3.16170808219e-05,0.0,-5.31981463325e-08,-7.005750291e-08,-3.43993377783e-07,2.41419371605e-07,-1.82367756452e-07,-4.02260837973e-08,-5.31981463325e-08,7.005750291e-08,3.60665835615e-05,0.0,-7.79704834031e-08,-2.17520632617e-08,-1.77361641818e-07,5.45403615604e-08,-3.43993377783e-07,-2.41419371605e-07,-7.79704834031e-08,2.17520632617e-08,3.62630780728e-05,0.0,7.53543758947e-07,1.2228716173e-07,-1.82367756452e-07,4.02260837973e-08,-1.77361641818e-07,-5.45403615604e-08,7.53543758947e-07,-1.2228716173e-07,3.72279137082e-05,0.0
1630632773248315416,height,4,32,width,4,8,imag,2,2,0,0.00208813021891,0.0,0.0236411578953,-0.0125073278323,0.0248258020729,-0.00853099673986,-0.00995918735862,0.0294850058854,0.0236411578953,0.0125073278323,0.356645047665,0.0,0.342350572348,0.0535095892847,-0.296017825603,0.282499164343,0.0248258020729,0.00853099673986,0.342350572348,-0.0535095892847,0.338592022657,0.0,-0.24305331707,0.316113233566,-0.00995918735862,-0.0294850058854,-0.296017825603,-0.282499164343,-0.24305331707,-0.316113233566,0.480363368988,0.0
1630632773334422636,height,4,32,width,4,8,imag,2,2,0,3.16307705361e-05,0.0,3.37790055482e-07,-6.02923506676e-08,-5.66669626778e-08,-1.78034099463e-07,-1.84210989573e-07,-2.31697203645e-08,3.37790055482e-07,6.02923506676e-08,3.61694619642e-05,0.0,8.96656331406e-08,6.77655798142e-09,1.54623293724e-07,-3.59597351007e-07,-5.66669626778e-08,1.78034099463e-07,8.96656331406e-08,-6.77655798142e-09,3.67393658962e-05,0.0,1.25038468468e-07,-5.31732560205e-08,-1.84210989573e-07,2.31697203645e-08,1.54623293724e-07,3.59597351007e-07,1.25038468468e-07,5.31732560205e-08,3.7222118408e-05,0.0
1630632773354382637,height,4,32,width,4,8,imag,2,2,0,0.00203773379326,0.0,0.0230196043849,-0.0123785492033,0.0242751780897,-0.00841337256134,-0.00971166882664,0.0287844538689,0.0230196043849,0.0123785492033,0.349081456661,0.0,0.335339426994,0.0537530854344,-0.291271299124,0.274389445782,0.0242751780897,0.00841337256134,0.335339426994,-0.0537530854344,0.332372158766,0.0,-0.238850370049,0.309017628431,-0.00971166882664,-0.0287844538689,-0.291271299124,-0.274389445782,-0.238850370049,-0.309017628431,0.469081252813,0.0
1630632773522292872,height,4,32,width,4,8,imag,2,2,0,0.00210242252797,0.0,0.0238944031298,-0.0124538717791,0.0250408165157,-0.00842101313174,-0.00976904202253,0.0297615714371,0.0238944031298,0.0124538717791,0.359293729067,0.0,0.344597399235,0.0540714301169,-0.293868720531,0.288756608963,0.0250408165157,0.00842101313174,0.344597399235,-0.0540714301169,0.340521723032,0.0,-0.239592134953,0.321659266949,-0.00976904202253,-0.0297615714371,-0.293868720531,-0.288756608963,-0.239592134953,-0.321659266949,0.48334440589,0.0
1630632773547620861,height,4,32,width,4,8,imag,2,2,0,0.00210017175414,0.0,0.0238526109606,-0.0124579034746,0.0250615552068,-0.00838413089514,-0.00965658575296,0.0297563355416,0.0238526109606,0.0124579034746,0.35860311985,0.0,0.344412147999,0.0548397041857,-0.292611002922,0.288914293051,0.0250615552068,0.00838413089514,0.344412147999,-0.0548397041857,0.341048419476,0.0,-0.238055482507,0.322726488113,-0.00965658575296,-0.0297563355416,-0.292611002922,-0.288914293051,-0.238055482507,-0.322726488113,0.482437044382,0.0
1630632773547843022,height,4,32,width,4,8,imag,2,2,0,3.20785475196e-05,0.0,4.76241872605e-08,-5.04991177763e-08,-6.56698802004e-08,-2.38928521412e-07,-8.78276935623e-08,-7.80778375287e-09,4.76241872605e-08,5.04991177763e-08,3.59315308742e-05,0.0,1.53006816106e-08,-3.19630032664e-07,4.10847853516e-08,1.59138181743e-07,-6.56698802004e-08,2.38928521412e-07,1.53006816106e-08,3.19630032664e-07,3.66066196875e-05,0.0,1.87249312944e-07,8.08734625934e-08,-8.78276935623e-08,7.80778375287e-09,4.10847853516e-08,-1.59138181743e-07,1.87249312944e-07,-8.08734625934e-08,3.70177185687e-05,0.0
1630632773747166783,height,4,32,width,4,8,imag,2,2,0,0.00211300444789,0.0,0.0239236094058,-0.0127603393048,0.0251355599612,-0.008664553985,-0.00996208563447,0.0298933777958,0.0239236094058,0.0127603393048,0.362098902464,0.0,0.347072392702,0.0550899431109,-0.300215303898,0.286876320839,0.0251355599612,0.008664553985,0.347072392702,-0.0550899431109,0.343027114868,0.0,-0.245391145349,0.321166902781,-0.00996208563447,-0.0298933777958,-0.300215303898,-0.286876320839,-0.245391145349,-0.321166902781,0.486591875553,0.0
1630632773789929360,height,4,32,width,4,8,imag,2,2,0,0.00210716552101,0.0,0.0238666143268,-0.0126219624653,0.025028789416,-0.00865801796317,-0.00997345987707,0.0297632049769,0.0238666143268,0.0126219624653,0.360056787729,0.0,0.345497786999,0.0532454177737,-0.298148214817,0.285882622004,0.025028789416,0.00865801796317,0.345497786999,-0.0532454177737,0.341356217861,0.0,-0.245102524757,0.318952381611,-0.00997345987707,-0.0297632049769,-0.298148214817,-0.285882622004,-0.245102524757,-0.318952381611,0.484347552061,0.0
1630632773802835628,height,4,32,width,4,8,imag,2,2,0,3.18736274494e-05,0.0,1.00613748444e-08,1.23299912502e-07,-1.60139066452e-07,-2.60338754998e-08,-5.25033456711e-08,-1.48815701095e-07,1.00613748444e-08,-1.23299912502e-07,3.60504745913e-05,0.0,-1.11734541619e-08,-1.08091676054e-07,-2.11846700182e-08,-9.73625020606e-08,-1.60139066452e-07,2.60338754998e-08,-1.11734541619e-08,1.08091676054e-07,3.65433843399e-05,0.0,1.96642631067e-07,3.26325164224e-07,-5.25033456711e-08,1.48815701095e-07,-2.11846700182e-08,9.73625020606e-08,1.96642631067e-07,-3.26325164224e-07,3.73455222871e-05,0.0
1630632773935648382,height,4,32,width,4,8,imag,2,2,0,0.00211695022881,0.0,0.0239467844367,-0.0127647770569,0.0251559559256,-0.00872724689543,-0.00990879070014,0.0299482867122,0.0239467844367,0.0127647770569,0.362237513065,0.0,0.347528129816,0.0543295927346,-0.299729824066,0.287803590298,0.0251559559256,0.00872724689543,0.347528129816,-0.0543295927346,0.343558996916,0.0,-0.245665505528,0.321581810713,-0.00990879070014,-0.0299482867122,-0.299729824066,-0.287803590298,-0.245665505528,-0.321581810713,0.4870634377,0.0
1630632773995987806,height,4,32,width,4,8,imag,2,2,0,3.19078426401e-05,0.0,-6.23117202281e-08,4.50984183331e-09,-1.7386147988e-07,-5.08217326001e-08,-1.48502891761e-07,-4.9397787194e-08,-6.23117202281e-08,-4.50984183331e-09,3.60029298463e-05,0.0,-1.22062516539e-07,-1.24647542066e-07,-2.01922256693e-09,-3.80808673484e-09,-1.7386147988e-07,5.08217326001e-08,-1.22062516539e-07,1.24647542066e-07,3.62916289305e-05,0.0,2.95686419349e-07,1.11884240539e-07,-1.48502891761e-07,4.9397787194e-08,-2.01922256693e-09,3.80808673484e-09,2.95686419349e-07,-1.11884240539e-07,3.70208108507e-05,0.0
1630632774062432949,height,4,32,width,4,8,imag,2,2,0,0.00210480275564,0.0,0.0239216703922,-0.0124957030639,0.0250794999301,-0.00846348330379,-0.00970647856593,0.0298429038376,0.0239216703922,0.0124957030639,0.360184729099,0.0,0.345394670963,0.0541215986013,-0.294405937195,0.290232896805,0.0250794999301,0.00846348330379,0.345394670963,-0.0541215986013,0.34130820632,0.0,-0.239934712648,0.323052376509,-0.00970647856593,-0.0298429038376,-0.294405937195,-0.290232896805,-0.239934712648,-0.323052376509,0.484631419182,0.0
1630632774161441213,height,4,32,width,4,8,imag,2,2,0,0.00208700378425,0.0,0.0236397217959,-0.0124959768727,0.0248230993748,-0.00851794425398,-0.00996315665543,0.0294700786471,0.0236397217959,0.0124959768727,0.356690347195,0.0,0.342365831137,0.0535595752299,-0.296052187681,0.28247615695,0.0248230993748,0.00851794425398,0.342365831137,-0.0535595752299,0.338595956564,0.0,-0.243036910892,0.316110819578,-0.00996315665543,-0.0294700786471,-0.296052187681,-0.28247615695,-0.243036910892,-0.316110819578,0.480345755816,0.0
1630632774199992705,height,4,32,width,4,8,imag,2,2,0,3.23873173329e-05,0.0,-9.1050637252e-08,-8.46905265917e-08,1.74099753281e-07,6.18314075496e-08,3.05471594686e-08,1.64485058463e-07,-9.1050637252e-08,8.46905265917e-08,3.60726407962e-05,0.0,4.01253657856e-07,8.0966430005e-08,-1.46725966488e-07,1.47719436683e-08,1.74099753281e-07,-6.18314075496e-08,4.01253657856e-07,-8.0966430005e-08,3.6633824493e-05,0.0,4.32809983408e-08,9.05737280732e-08,3.05471594686e-08,-1.64485058463e-07,-1.46725966488e-07,-1.47719436683e-08,4.32809983408e-08,-9.05737280732e-08,3.71843780158e-05,0.0
1630632774233807611,height,4,32,width,4,8,imag,2,2,0,0.00210436689667,0.0,0.0239306241274,-0.0125177903101,0.0250656846911,-0.00854447018355,-0.00963000580668,0.0298803858459,0.0239306241274,0.0125177903101,0.360835045576,0.0,0.346118241549,0.0532971173525,-0.294095188379,0.29124468565,0.0250656846911,0.00854447018355,0.346118241549,-0.0532971173525,0.341845750809,0.0,-0.240284636617,0.323298454285,-0.00963000580668,-0.0298803858459,-0.294095188379,-0.29124468565,-0.240284636617,-0.323298454285,0.485202729702,0.0
1630632774397861824,height,4,32,width,4,8,imag,2,2,0,0.00165747967549,0.0,0.018782928586,-0.0099083725363,0.0196636859328,-0.00680684577674,-0.00768830487505,0.0234372839332,0.018782928586,0.0099083725363,0.284275889397,0.0,0.272609084845,0.0416645482183,-0.233542233706,0.227163538337,0.0196636859328,0.00680684577674,0.272609084845,-0.0416645482183,0.269045233727,0.0,-0.191617697477,0.252452999353,-0.00768830487505,-0.0234372839332,-0.233542233706,-0.227163538337,-0.191617697477,-0.252452999353,0.381821274757,0.0
1630632774439548668,height,4,32,width,4,8,imag,2,2,0,0.00210128212348,0.0,0.0238866098225,-0.0124564776197,0.0250290539116,-0.00842414610088,-0.0097604682669,0.0297578759491,0.0238866098225,0.0124564776197,0.359291285276,0.0,0.344549119473,0.0540422685444,-0.293866783381,0.288744747639,0.0250290539116,0.00842414610088,0.344549119473,-0.0540422685444,0.34042096138,0.0,-0.239581719041,0.321593523026,-0.0097604682669,-0.0297578759491,-0.293866783381,-0.288744747639,-0.239581719041,-0.321593523026,0.483327805996,0.0
1630632774475393676,height,4,32,width,4,8,imag,2,2,0,3.23719614244e-05,0.0,-1.73385032554e-07,7.34558582849e-08,3.82143916511e-08,-2.70200253283e-08,-1.86234018429e-07,5.09795725634e-08,-1.73385032554e-07,-7.34558582849e-08,3.57548015018e-05,0.0,-7.71945707356e-08,5.85774380113e-08,7.86326310731e-08,2.47173602475e-07,3.82143916511e-08,2.70200253283e-08,-7.71945707356e-08,-5.85774380113e-08,3.63960716641e-05,0.0,2.01537815769e-07,7.46914210481e-08,-1.86234018429e-07,-5.09795725634e-08,7.86326310731e-08,-2.47173602475e-07,2.01537815769e-07,-7.46914210481e-08,3.7348800106e-05,0.0
1630632774558936113,height,4,32,width,4,8,imag,2,2,0,3.21584993799e-05,0.0,-1.5007672971e-07,4.13655918408e-08,-2.37216312371e-07,-5.19194536253e-08,-5.57567538806e-08,-5.05337816037e-08,-1.5007672971e-07,-4.13655918408e-08,3.61660058843e-05,0.0,-8.5592532173e-08,-4.01264827588e-07,-1.42945069115e-07,9.44180413853e-08,-2.37216312371e-07,5.19194536253e-08,-8.5592532173e-08,4.01264827588e-07,3.6535820982e-05,0.0,1.43159653021e-07,1.85702646149e-07,-5.57567538806e-08,5.05337816037e-08,-1.42945069115e-07,-9.44180413853e-08,1.43159653021e-07,-1.85702646149e-07,3.70573070541e-05,0.0
1630632774715402341,height,4,32,width,4,8,imag,2,2,0,0.0021049156785,0.0,0.0238498244435,-0.0126138599589,0.0250110346824,-0.00865693297237,-0.00996624212712,0.029742276296,0.0238498244435,0.0126138599589,0.360092461109,0.0,0.345522254705,0.0531853549182,-0.298166304827,0.285905897617,0.0250110346824,0.00865693297237,0.345522254705,-0.0531853549182,0.341356635094,0.0,-0.245148286223,0.318914145231,-0.00996624212712,-0.029742276296,-0.298166304827,-0.285905897617,-0.245148286223,-0.318914145231,0.484351396561,0.0
1630632774754746096,height,4,32,width,4,8,imag,2,2,0,3.21437764796e-05,0.0,-7.49638289221e-08,1.60520883696e-07,-1.72509714957e-07,5.17699980662e-08,4.40698499915e-08,2.01286837864e-07,-7.49638289221e-08,-1.60520883696e-07,3.62596401828e-05,0.0,4.92725575896e-08,8.13506204622e-08,1.40295341566e-07,-2.23870078031e-08,-1.72509714957e-07,-5.17699980662e-08,4.92725575896e-08,-8.13506204622e-08,3.62313949154e-05,0.0,3.89765176578e-07,-3.87918710487e-08,4.40698499915e-08,-2.01286837864e-07,1.40295341566e-07,2.23870078031e-08,3.89765176578e-07,3.87918710487e-08,3.70664965885e-05,0.0
1630632774756381085,height,4,32,width,4,8,imag,2,2,0,3.2306441426e-05,0.0,1.86463950058e-07,-5.07246511461e-08,-3.00221181249e-08,-1.87048968314e-07,-2.16531894637e-08,1.77591985562e-08,1.86463950058e-07,5.07246511461e-08,3.60384256055e-05,0.0,1.32419827992e-07,-1.59836162084e-07,1.15407665646e-07,9.83165122648e-08,-3.00221181249e-08,1.87048968314e-07,1.32419827992e-07,1.59836162084e-07,3.64100524166e-05,0.0,3.10174925744e-07,1.51917504354e-07,-2.16531894637e-08,-1.77591985562e-08,1.15407665646e-07,-9.83165122648e-08,3.10174925744e-07,-1.51917504354e-07,3.72723516193e-05,0.0
1630632774991550342,height,4,32,width,4,8,imag,2,2,0,0.00210418691859,0.0,0.0239099171013,-0.0124995531514,0.0250703189522,-0.00846825633198,-0.00969709269702,0.0298366770148,0.0239099171013,0.0124995531514,0.36014649272,0.0,0.345391690731,0.0541060604155,-0.294393569231,0.290231764317,0.0250703189522,0.00846825633198,0.345391690731,-0.0541060604155,0.341331660748,0.0,-0.239967986941,0.323066204786,-0.00969709269702,-0.0298366770148,-0.294393569231,-0.290231764317,-0.239967986941,-0.323066204786,0.484662532806,0.0
1630632775010237428,height,4,32,width,4,8,imag,2,2,0,3.17816666211e-05,0.0,7.59260458949e-08,-5.86509898426e-08,3.4542154026e-08,1.75095237864e-07,-2.45501521334e-08,-6.73988864719e-08,7.59260458949e-08,5.86509898426e-08,3.58861470886e-05,0.0,-8.50489101367e-08,-4.45736276333e-07,6.15989961261e-08,5.27539718576e-08,3.4542154026e-08,-1.75095237864e-07,-8.50489101367e-08,4.45736276333e-07,3.67614520655e-05,0.0,4.77598177895e-07,-1.73399385517e-07,-2.45501521334e-08,6.73988864719e-08,6.15989961261e-08,-5.27539718576e-08,4.77598177895e-07,1.73399385517e-07,3.74135415768e-05,0.0
1630632775027109054,height,4,32,width,4,8,imag,2,2,0,3.20788858517e-05,0.0,-1.48990730864e-08,-3.30693090689e-08,-2.70824269677e-08,-8.21522192496e-08,-5.22510461565e-08,-1.91575217912e-08,-1.48990730864e-08,3.30693090689e-08,3.58504985343e-05,0.0,2.50976938787e-07,1.23998290746e-07,-7.34381833123e-10,-8.11204685647e-08,-2.70824269677e-08,8.21522192496e-08,2.50976938787e-07,-1.23998290746e-07,3.64448933396e-05,0.0,4.56144960026e-07,5.22863068397e-08,-5.22510461565e-08,1.91575217912e-08,-7.34381833123e-10,8.11204685647e-08,4.56144960026e-07,-5.22863068397e-08,3.74730334443e-05,0.0
1630632775145025844,height,4,32,width,4,8,imag,2,2,0,3.22975101881e-05,0.0,1.00034121431e-07,-2.80775225292e-08,1.32241808615e-07,-1.15207093643e-07,9.48076603891e-08,-1.16516048365e-07,1.00034121431e-07,2.80775225292e-08,3.59981531801e-05,0.0,1.2989141851e-07,2.398203236e-08,1.05492823366e-07,2.48091794219e-07,1.32241808615e-07,1.15207093643e-07,1.2989141851e-07,-2.398203236e-08,3.63548388123e-05,0.0,2.49154936682e-07,5.81374095532e-08,9.48076603891e-08,1.16516048365e-07,1.05492823366e-07,-2.48091794219e-07,2.49154936682e-07,-5.81374095532e-08,3.73062503058e-05,0.0
1630632775268165077,height,4,32,width,4,8,imag,2,2,0,0.00210549193434,0.0,0.0239381548017,-0.0125195421278,0.0250742789358,-0.00854459311813,-0.00962999276817,0.0298878774047,0.0239381548017,0.0125195421278,0.360829234123,0.0,0.346109956503,0.053317014128,-0.294101059437,0.291257441044,0.0250742789358,0.00854459311813,0.346109956503,-0.053317014128,0.341843128204,0.0,-0.240273058414,0.323311597109,-0.00962999276817,-0.0298878774047,-0.294101059437,-0.291257441044,-0.240273058414,-0.323311597109,0.485220968723,0.0
1630632775318863592,height,4,32,width,4,8,imag,2,2,0,3.22695123032e-05,0.0,2.60319836798e-07,3.75201842928e-08,1.05110808946e-08,-2.05178793067e-07,-1.86329785379e-07,-2.85239032394e-08,2.60319836798e-07,-3.75201842928e-08,3.55454612873e-05,0.0,1.09802520853e-07,-5.18216012324e-08,1.36622603009e-07,-1.38382063142e-07,1.05110808946e-08,2.05178793067e-07,1.09802520853e-07,5.18216012324e-08,3.61562269973e-05,0.0,2.96718667414e-07,-1.00447145712e-07,-1.86329785379e-07,2.85239032394e-08,1.36622603009e-07,1.38382063142e-07,2.96718667414e-07,1.00447145712e-07,3.72642498405e-05,0.0
1630632775326422384,height,4,32,width,4,8,imag,2,2,0,3.19833561662e-05,0.0,-1.29499682089e-07,-1.80170225406e-08,-2.10549359281e-07,1.29044551045e-07,1.83179338364e-07,-1.13206617414e-07,-1.29499682089e-07,1.80170225406e-08,3.6094654206e-05,0.0,2.12005932809e-08,4.77813024702e-08,-9.1318987927e-08,1.14818590191e-07,-2.10549359281e-07,-1.29044551045e-07,2.12005932809e-08,-4.77813024702e-08,3.63514081982e-05,0.0,2.32768286423e-07,2.5953676186e-07,1.83179338364e-07,1.13206617414e-07,-9.1318987927e-08,-1.14818590191e-07,2.32768286423e-07,-2.5953676186e-07,3.71848836949e-05,0.0
1630632775429320230,height,4,32,width,4,8,imag,2,2,0,0.00165847619064,0.0,0.0187941528857,-0.00990500766784,0.0196744110435,-0.00679868320003,-0.00769730657339,0.0234414376318,0.0187941528857,0.00990500766784,0.284303128719,0.0,0.272639930248,0.0416923873127,-0.233550339937,0.227203592658,0.0196744110435,0.00679868320003,0.272639930248,-0.0416923873127,0.26908621192,0.0,-0.191598162055,0.252520769835,-0.00769730657339,-0.0234414376318,-0.233550339937,-0.227203592658,-0.191598162055,-0.252520769835,0.381872445345,0.0
1630632775570982728,height,4,32,width,4,8,imag,2,2,0,3.19739156112e-05,0.0,2.24366942803e-07,-4.26903632444e-08,-2.24194110388e-07,-3.07379863784e-08,-1.6794579949e-07,-3.32394978209e-09,2.24366942803e-07,4.26903632444e-08,3.58585966751e-05,0.0,1.31102453338e-07,-5.52599850323e-08,4.89996914155e-08,-3.26071443624e-07,-2.24194110388e-07,3.07379863784e-08,1.31102453338e-07,5.52599850323e-08,3.63405233657e-05,0.0,3.13164747467e-07,-5.56534125451e-08,-1.6794579949e-07,3.32394978209e-09,4.89996914155e-08,3.26071443624e-07,3.13164747467e-07,5.56534125451e-08,3.69718582078e-05,0.0
1630632775580902632,height,4,32,width,4,8,imag,2,2,0,0.00203462829813,0.0,0.0229987297207,-0.0123781450093,0.0242533423007,-0.00841915607452,-0.00968975014985,0.0287634339184,0.0229987297207,0.0123781450093,0.349078297615,0.0,0.335344582796,0.0537063479424,-0.291258066893,0.274394750595,0.0242533423007,0.00841915607452,0.335344582796,-0.0537063479424,0.33236888051,0.0,-0.238882347941,0.308986186981,-0.00968975014985,-0.0287634339184,-0.291258066893,-0.274394750595,-0.238882347941,-0.308986186981,0.469082504511,0.0
1630632775601618116,height,4,32,width,4,8,imag,2,2,0,3.21978041029e-05,0.0,-4.55052884263e-08,-3.24123057283e-08,6.55845013853e-08,9.84454189279e-08,6.68996591457e-09,-6.80245975104e-08,-4.55052884263e-08,3.24123057283e-08,3.62212449545e-05,0.0,-2.5630521705e-08,-8.93820413239e-08,-3.78113789168e-08,3.84370224538e-08,6.55845013853e-08,-9.84454189279e-08,-2.5630521705e-08,8.93820413239e-08,3.64757870557e-05,0.0,2.85350353124e-07,2.21054932581e-07,6.68996591457e-09,6.80245975104e-08,-3.78113789168e-08,-3.84370224538e-08,2.85350353124e-07,-2.21054932581e-07,3.73332040908e-05,0.0
1630632775728251000,height,4,32,width,4,8,imag,2,2,0,0.00209748535417,0.0,0.0238436609507,-0.012448833324,0.025048000738,-0.00837569218129,-0.0096520697698,0.029738066718,0.0238436609507,0.012448833324,0.358617275953,0.0,0.344409018755,0.0548261404037,-0.292594224215,0.288949787617,0.025048000738,0.00837569218129,0.344409018755,-0.0548261404037,0.341030091047,0.0,-0.238030254841,0.322731256485,-0.0096520697698,-0.029738066718,-0.292594224215,-0.288949787617,-0.238030254841,-0.322731256485,0.482446372509,0.0
1630632775747248939,height,4,32,width,4,8,imag,2,2,0,3.18596976285e-05,0.0,5.51547607586e-08,1.2956238038e-07,-9.21156129152e-08,-5.07531012772e-08,-7.01743587683e-08,-1.89945922102e-07,5.51547607586e-08,-1.2956238038e-07,3.58662437066e-05,0.0,1.90746689555e-07,-1.00868291497e-07,1.7925209761e-07,-1.567813257e-07,-9.21156129152e-08,5.07531012772e-08,1.90746689555e-07,1.00868291497e-07,3.6327415728e-05,0.0,2.37631383015e-07,1.69804579286e-07,-7.01743587683e-08,1.89945922102e-07,1.7925209761e-07,1.567813257e-07,2.37631383015e-07,-1.69804579286e-07,3.73465372832e-05,0.0
1630632775865594407,height,4,32,width,4,8,imag,2,2,0,3.21417574014e-05,0.0,-8.33270963341e-09,1.0374595405e-07,-1.9093100434e-08,9.04169112914e-08,1.79777487119e-07,-1.77870404627e-07,-8.33270963341e-09,-1.0374595405e-07,3.61003476428e-05,0.0,5.01758918858e-08,3.04864926193e-07,1.98976835009e-08,-1.50445799818e-07,-1.9093100434e-08,-9.04169112914e-08,5.01758918858e-08,-3.04864926193e-07,3.64718325727e-05,0.0,1.29749338384e-07,1.73622183297e-07,1.79777487119e-07,1.77870404627e-07,1.98976835009e-08,1.50445799818e-07,1.29749338384e-07,-1.73622183297e-07,3.70866400772e-05,0.0
1630632775878250912,height,4,32,width,4,8,imag,2,2,0,3.20440049109e-05,0.0,-8.35525924003e-08,1.28784336084e-07,1.28746833639e-07,-1.58286638907e-07,-5.38312150411e-08,1.38084786272e-07,-8.35525924003e-08,-1.28784336084e-07,3.59600417141e-05,0.0,-2.88170713958e-08,5.93189213305e-08,-1.83598459103e-07,-1.88713002558e-07,1.28746833639e-07,1.58286638907e-07,-2.88170713958e-08,-5.93189213305e-08,3.62174723705e-05,0.0,1.35615792374e-07,1.29001165305e-07,-5.38312150411e-08,-1.38084786272e-07,-1.83598459103e-07,1.88713002558e-07,1.35615792374e-07,-1.29001165305e-07,3.68684522982e-05,0.0
1630632775901023670,height,4,32,width,4,8,imag,2,2,0,0.00211191759445,0.0,0.0238968580961,-0.0127977402881,0.0251129288226,-0.0087056774646,-0.00990050286055,0.0299035012722,0.0238968580961,0.0127977402881,0.362113803625,0.0,0.347077965736,0.055074993521,-0.300192177296,0.286909848452,0.0251129288226,0.0087056774646,0.347077965736,-0.055074993521,0.343013763428,0.0,-0.245362743735,0.321172744036,-0.00990050286055,-0.0299035012722,-0.300192177296,-0.286909848452,-0.245362743735,-0.321172744036,0.486567437649,0.0
1630632776033364070,height,4,32,width,4,8,imag,2,2,0,3.1939092878e-05,0.0,1.08358335638e-07,1.66215727404e-07,1.0854425625e-07,1.31919946966e-07,-8.56393711501e-08,1.84560150274e-07,1.08358335638e-07,-1.66215727404e-07,3.60689955414e-05,0.0,9.34764798899e-08,1.34695895326e-07,2.96474134132e-08,-2.790090603e-09,1.0854425625e-07,-1.31919946966e-07,9.34764798899e-08,-1.34695895326e-07,3.68749133486e-05,0.0,2.17889649434e-07,5.80350096868e-08,-8.56393711501e-08,-1.84560150274e-07,2.96474134132e-08,2.790090603e-09,2.17889649434e-07,-5.80350096868e-08,3.71112291759e-05,0.0
1630632776090082903,height,4,32,width,4,8,imag,2,2,0,0.00211488339119,0.0,0.0239417571574,-0.0127552766353,0.0251473970711,-0.0087218536064,-0.00991087220609,0.0299342367798,0.0239417571574,0.0127552766353,0.362198382616,0.0,0.347474843264,0.0543087907135,-0.299694895744,0.287810713053,0.0251473970711,0.0087218536064,0.347474843264,-0.0543087907135,0.343491017818,0.0,-0.245635226369,0.321554750204,-0.00991087220609,-0.0299342367798,-0.299694895744,-0.287810713053,-0.245635226369,-0.321554750204,0.487058877945,0.0
1630632776136407617,height,4,32,width,4,8,imag,2,2,0,3.20235376421e-05,0.0,-1.52553127464e-07,-1.35492641107e-07,-2.60664023699e-07,2.40038218635e-07,1.32079520654e-08,1.1811584244e-07,-1.52553127464e-07,1.35492641107e-07,3.60324775102e-05,0.0,1.84923649726e-07,-2.8683751907e-07,-6.723616508e-08,1.05716956966e-07,-2.60664023699e-07,-2.40038218635e-07,1.84923649726e-07,2.8683751907e-07,3.65871201211e-05,0.0,4.23682848805e-07,4.09948484048e-07,1.32079520654e-08,-1.1811584244e-07,-6.723616508e-08,-1.05716956966e-07,4.23682848805e-07,-4.09948484048e-07,3.72730719391e-05,0.0
1630632776249339706,height,4,32,width,4,8,imag,2,2,0,0.00208838703111,0.0,0.0236401576549,-0.0125131038949,0.0248267538846,-0.00853166170418,-0.00995263271034,0.0294860508293,0.0236401576549,0.0125131038949,0.35666975379,0.0,0.342337697744,0.0535674467683,-0.29602727294,0.282463550568,0.0248267538846,0.00853166170418,0.342337697744,-0.0535674467683,0.338560134172,0.0,-0.242993593216,0.316101491451,-0.00995263271034,-0.0294860508293,-0.29602727294,-0.282463550568,-0.242993593216,-0.316101491451,0.480307757854,0.0
1630632776282177035,height,4,32,width,4,8,imag,2,2,0,3.21348124999e-05,0.0,6.40397246343e-09,1.25908258042e-07,3.75958137511e-07,-1.86766921928e-08,2.09517789784e-08,6.72979965088e-08,6.40397246343e-09,-1.25908258042e-07,3.58267498086e-05,0.0,1.15510241372e-08,1.50680151023e-07,-4.48939410091e-08,6.01309864123e-08,3.75958137511e-07,1.86766921928e-08,1.15510241372e-08,-1.50680151023e-07,3.66506828868e-05,0.0,1.35121737799e-07,2.22844562359e-07,2.09517789784e-08,-6.72979965088e-08,-4.48939410091e-08,-6.01309864123e-08,1.35121737799e-07,-2.22844562359e-07,3.74216178898e-05,0.0
1630632776405670846,height,4,32,width,4,8,imag,2,2,0,3.17927988362e-05,0.0,-1.62462839626e-07,4.21346300072e-08,-2.52938633594e-07,-1.9169033294e-07,-4.92393041895e-08,-1.60721924658e-08,-1.62462839626e-07,-4.21346300072e-08,3.6036963138e-05,0.0,-2.39701964944e-08,-9.03579220335e-08,2.32057182359e-08,-2.28510629086e-07,-2.52938633594e-07,1.9169033294e-07,-2.39701964944e-08,9.03579220335e-08,3.64565203199e-05,0.0,3.38196855409e-07,2.94559356462e-07,-4.92393041895e-08,1.60721924658e-08,2.32057182359e-08,2.28510629086e-07,3.38196855409e-07,-2.94559356462e-07,3.75141898985e-05,0.0
1630632776433153686,height,4,32,width,4,8,imag,2,2,0,3.23862986988e-05,0.0,1.44355666976e-07,1.35287734793e-07,-4.40486864761e-08,-1.53050805807e-07,-5.53047172502e-08,9.58475965263e-08,1.44355666976e-07,-1.35287734793e-07,3.62400242011e-05,0.0,1.67195139511e-07,-1.11251765134e-07,-1.35625427333e-07,-1.12667599694e-07,-4.40486864761e-08,1.53050805807e-07,1.67195139511e-07,1.11251765134e-07,3.63543040294e-05,0.0,3.86801559671e-07,1.69485133483e-07,-5.53047172502e-08,-9.58475965263e-08,-1.35625427333e-07,1.12667599694e-07,3.86801559671e-07,-1.69485133483e-07,3.72337199224e-05,0.0
1630632776444328926,height,4,32,width,4,8,imag,2,2,0,0.00209996686317,0.0,0.0238753557205,-0.0124648418278,0.025018600747,-0.00843359250575,-0.00973817054182,0.0297572556883,0.0238753557205,0.0124648418278,0.359363108873,0.0,0.344614595175,0.0540515705943,-0.293877482414,0.28877979517,0.025018600747,0.00843359250575,0.344614595175,-0.0540515705943,0.340483188629,0.0,-0.239580094814,0.321623444557,-0.00973817054182,-0.0297572556883,-0.293877482414,-0.28877979517,-0.239580094814,-0.321623444557,0.483314871788,0.0
1630632776623585040,height,4,32,width,4,8,imag,2,2,0,0.00210352125578,0.0,0.0238423254341,-0.0126157319173,0.025003766641,-0.00865380372852,-0.00995748490095,0.0297357533127,0.0238423254341,0.0126157319173,0.360132604837,0.0,0.345533251762,0.0532523691654,-0.298156440258,0.285929441452,0.025003766641,0.00865380372852,0.345533251762,-0.0532523691654,0.341356188059,0.0,-0.245076104999,0.318969786167,-0.00995748490095,-0.0297357533127,-0.298156440258,-0.285929441452,-0.245076104999,-0.318969786167,0.484357148409,0.0
1630632776636286928,height,4,32,width,4,8,imag,2,2,0,3.25306937157e-05,0.0,-1.65676610209e-07,-1.43738148495e-07,2.4140084065e-07,-1.99855403338e-08,5.31144124238e-08,2.65193627058e-08,-1.65676610209e-07,1.43738148495e-07,3.59885307262e-05,0.0,-1.06142309164e-07,-9.14986202361e-08,-1.63181425705e-07,7.88190845924e-08,2.4140084065e-07,1.99855403338e-08,-1.06142309164e-07,9.14986202361e-08,3.69318040612e-05,0.0,3.29854970005e-07,-7.63501404322e-08,5.31144124238e-08,-2.65193627058e-08,-1.63181425705e-07,-7.88190845924e-08,3.29854970005e-07,7.63501404322e-08,3.74511837435e-05,0.0
1630632776680765095,height,4,32,width,4,8,imag,2,2,0,3.19318533002e-05,0.0,-4.67249861913e-07,-5.30706820712e-08,1.23927463846e-07,1.52996676661e-07,-1.72352002892e-07,1.24458921391e-07,-4.67249861913e-07,5.30706820712e-08,3.5953540646e-05,0.0,-6.73520839101e-09,-9.1454763762e-09,1.42984495355e-08,-8.42341307816e-08,1.23927463846e-07,-1.52996676661e-07,-6.73520839101e-09,9.1454763762e-09,3.65203959518e-05,0.0,1.15356741048e-07,-1.31904789313e-08,-1.72352002892e-07,-1.24458921391e-07,1.42984495355e-08,8.42341307816e-08,1.15356741048e-07,1.31904789313e-08,3.7126319512e-05,0.0
1630632776839858019,height,4,32,width,4,8,imag,2,2,0,0.00210142577998,0.0,0.0239006951451,-0.0124854138121,0.0250595826656,-0.00845583900809,-0.00970097072423,0.0298137366772,0.0239006951451,0.0124854138121,0.360176622868,0.0,0.345403045416,0.0541032738984,-0.29437866807,0.290210783482,0.0250595826656,0.00845583900809,0.345403045416,-0.0541032738984,0.341329991817,0.0,-0.239939436316,0.323030203581,-0.00970097072423,-0.0298137366772,-0.29437866807,-0.290210783482,-0.239939436316,-0.323030203581,0.484569072723,0.0
1630632776909069478,height,4,32,width,4,8,imag,2,2,0,3.20573417412e-05,0.0,1.83320878477e-07,3.62046534974e-08,-2.12394435373e-09,-6.23260731913e-08,3.12634966804e-08,1.20151483429e-07,1.83320878477e-07,-3.62046534974e-08,3.57924873242e-05,0.0,1.84455487329e-07,1.42753691534e-07,-2.83678673441e-07,-1.33512088496e-07,-2.12394435373e-09,6.23260731913e-08,1.84455487329e-07,-1.42753691534e-07,3.64763509424e-05,0.0,3.59858717047e-07,1.79231079755e-07,3.12634966804e-08,-1.20151483429e-07,-2.83678673441e-07,1.33512088496e-07,3.59858717047e-07,-1.79231079755e-07,3.72370741388e-05,0.0
1630632776945302434,height,4,32,width,4,8,imag,2,2,0,3.16227087751e-05,0.0,3.47081403618e-08,4.10977030185e-08,4.05184579222e-08,7.98528176915e-08,-1.14977594112e-09,1.53691900096e-07,3.47081403618e-08,-4.10977030185e-08,3.62460814358e-05,0.0,-1.10479490445e-07,6.41511519461e-08,-2.45014355471e-08,-1.20913801194e-09,4.05184579222e-08,-7.98528176915e-08,-1.10479490445e-07,-6.41511519461e-08,3.65145679098e-05,0.0,2.14653837816e-07,1.5055407232e-07,-1.14977594112e-09,-1.53691900096e-07,-2.45014355471e-08,1.20913801194e-09,2.14653837816e-07,-1.5055407232e-07,3.72897193301e-05,0.0
1630632776976038017,height,4,32,width,4,8,imag,2,2,0,0.00210561067797,0.0,0.0239343978465,-0.0125230420381,0.0250737927854,-0.00854888278991,-0.00962884537876,0.0298868715763,0.0239343978465,0.0125230420381,0.360774964094,0.0,0.346096128225,0.0533176250756,-0.294096469879,0.291209936142,0.0250737927854,0.00854888278991,0.346096128225,-0.0533176250756,0.341864317656,0.0,-0.240297198296,0.323313981295,-0.00962884537876,-0.0298868715763,-0.294096469879,-0.291209936142,-0.240297198296,-0.323313981295,0.485221832991,0.0
1630632777124331126,height,4,32,width,4,8,imag,2,2,0,0.00165926106274,0.0,0.0187934301794,-0.00992023386061,0.0196734238416,-0.00681676110253,-0.00768860941753,0.023452911526,0.0187934301794,0.00992023386061,0.28433573246,0.0,0.272646397352,0.0416639819741,-0.233557164669,0.227200344205,0.0196734238416,0.00681676110253,0.272646397352,-0.0416639819741,0.269064873457,0.0,-0.191612839699,0.252473413944,-0.00768860941753,-0.023452911526,-0.233557164669,-0.227200344205,-0.191612839699,-0.252473413944,0.381827533245,0.0
1630632777177699711,height,4,32,width,4,8,imag,2,2,0,3.19796527037e-05,0.0,-1.2114293213e-07,-1.93211775468e-07,-8.83818174202e-08,4.08910132421e-08,-1.89824778118e-08,-1.00313982898e-07,-1.2114293213e-07,1.93211775468e-07,3.63179606211e-05,0.0,8.08017261988e-08,-3.43411343806e-08,1.40576261742e-07,-1.4596268727e-07,-8.83818174202e-08,-4.08910132421e-08,8.08017261988e-08,3.43411343806e-08,3.64755906048e-05,0.0,2.02675707328e-07,3.04268638729e-07,-1.89824778118e-08,1.00313982898e-07,1.40576261742e-07,1.4596268727e-07,2.02675707328e-07,-3.04268638729e-07,3.73703878722e-05,0.0
1630632777211488539,height,4,32,width,4,8,imag,2,2,0,3.20968829328e-05,0.0,1.5630497785e-07,-2.37711347495e-07,4.87960605255e-08,-2.10574278015e-08,2.50496814402e-08,-5.66647955225e-08,1.5630497785e-07,2.37711347495e-07,3.59406076313e-05,0.0,1.80772772751e-07,-7.82290783263e-08,1.40849294894e-07,4.5435285756e-08,4.87960605255e-08,2.10574278015e-08,1.80772772751e-07,7.82290783263e-08,3.67497232219e-05,0.0,4.66599345827e-07,1.48540692635e-07,2.50496814402e-08,5.66647955225e-08,1.40849294894e-07,-4.5435285756e-08,4.66599345827e-07,-1.48540692635e-07,3.72340691683e-05,0.0
1630632777373012729,height,4,32,width,4,8,imag,2,2,0,3.20577637467e-05,0.0,9.38171638154e-08,-1.44496283383e-07,1.60517544145e-07,3.03024734194e-08,-3.71934198995e-08,-2.34756925011e-07,9.38171638154e-08,1.44496283383e-07,3.61260172212e-05,0.0,-4.8596643154e-08,-1.7333476876e-07,-1.26852043536e-07,-2.78425318356e-07,1.60517544145e-07,-3.03024734194e-08,-4.8596643154e-08,1.7333476876e-07,3.6631263356e-05,0.0,3.38937269362e-07,-9.00646099922e-08,-3.71934198995e-08,2.34756925011e-07,-1.26852043536e-07,2.78425318356e-07,3.38937269362e-07,9.00646099922e-08,3.73485636374e-05,0.0
1630632777434566999,height,4,32,width,4,8,imag,2,2,0,3.20265789924e-05,0.0,-5.45966152288e-08,3.34126752932e-08,9.55229708666e-08,-1.59423805712e-07,-5.21700620482e-08,-1.13142320401e-07,-5.45966152288e-08,-3.34126752932e-08,3.58294528269e-05,0.0,-6.67736586024e-08,5.89718567312e-08,-1.13077263109e-07,1.81525393828e-07,9.55229708666e-08,1.59423805712e-07,-6.67736586024e-08,-5.89718567312e-08,3.66201311408e-05,0.0,-1.18562546447e-08,1.15801938705e-07,-5.21700620482e-08,1.13142320401e-07,-1.13077263109e-07,-1.81525393828e-07,-1.18562546447e-08,-1.15801938705e-07,3.74158444174e-05,0.0
1630632777475815722,height,4,32,width,4,8,imag,2,2,0,3.24993816321e-05,0.0,-4.787993646e-08,-2.62687819941e-07,1.79088743835e-07,-2.37419030213e-07,-7.45662198653e-09,-2.12393280741e-09,-4.787993646e-08,2.62687819941e-07,3.56412310794e-05,0.0,8.85908590931e-08,-4.95847523041e-08,4.17237195904e-08,-6.17959159399e-08,1.79088743835e-07,2.37419030213e-07,8.85908590931e-08,4.95847523041e-08,3.63162689609e-05,0.0,2.44117870807e-07,-1.45343250324e-07,-7.45662198653e-09,2.12393280741e-09,4.17237195904e-08,6.17959159399e-08,2.44117870807e-07,1.45343250324e-07,3.69840781786e-05,0.0
1630632777538191028,height,4,32,width,4,8,imag,2,2,0,3.19884566125e-05,0.0,-1.51741474497e-07,-1.24258301426e-08,2.04436119589e-07,1.41289177691e-07,-2.55070801813e-07,-1.70045780123e-07,-1.51741474497e-07,1.24258301426e-08,3.58771831088e-05,0.0,3.00501987738e-08,6.32687546798e-09,3.53883571336e-08,-3.82854580039e-07,2.04436119589e-07,-1.41289177691e-07,3.00501987738e-08,-6.32687546798e-09,3.65565283573e-05,0.0,2.2488332263e-07,2.96672823197e-07,-2.55070801813e-07,1.70045780123e-07,3.53883571336e-08,3.82854580039e-07,2.2488332263e-07,-2.96672823197e-07,3.7605765101e-05,0.0
1630632777585067962,height,4,32,width,4,8,imag,2,2,0,3.20672224916e-05,0.0,-2.03304235669e-08,1.00944930637e-07,-2.91227138405e-07,-9.16721418776e-08,4.90806186804e-08,6.88249741643e-08,-2.03304235669e-08,-1.00944930637e-07,3.58521501767e-05,0.0,8.1259088347e-08,8.14262932636e-08,2.31656144933e-07,-1.18473515442e-08,-2.91227138405e-07,9.16721418776e-08,8.1259088347e-08,-8.14262932636e-08,3.6676749005e-05,0.0,1.69012736251e-07,7.83990401487e-08,4.90806186804e-08,-6.88249741643e-08,2.31656144933e-07,1.18473515442e-08,1.69012736251e-07,-7.83990401487e-08,3.70875713998e-05,0.0
1630632777738641070,height,4,32,width,4,8,imag,2,2,0,3.18176134897e-05,0.0,-2.56095411544e-08,-1.55436737259e-07,-9.73005569449e-08,2.42052493604e-07,-1.68524522337e-07,-1.01525479579e-07,-2.56095411544e-08,1.55436737259e-07,3.62348546332e-05,0.0,2.08558489589e-07,-1.46644637766e-07,1.33051528906e-07,-2.04822185879e-08,-9.73005569449e-08,-2.42052493604e-07,2.08558489589e-07,1.46644637766e-07,3.61530946975e-05,0.0,1.49076555545e-07,1.99350012053e-08,-1.68524522337e-07,1.01525479579e-07,1.33051528906e-07,2.04822185879e-08,1.49076555545e-07,-1.99350012053e-08,3.74790652131e-05,0.0
1630632777771746291,height,4,32,width,4,8,imag,2,2,0,3.174786616e-05,0.0,1.07914360115e-07,4.81087418791e-08,-2.59411798709e-08,2.19767002818e-07,-8.88625777407e-08,-4.79441304435e-08,1.07914360115e-07,-4.81087418791e-08,3.59077421308e-05,0.0,-4.45226859824e-08,-4.7764540767e-08,2.52445033766e-07,-6.38619397364e-08,-2.59411798709e-08,-2.19767002818e-07,-4.45226859824e-08,4.7764540767e-08,3.67129978258e-05,0.0,2.68215501364e-07,-1.04842406756e-07,-8.88625777407e-08,4.79441304435e-08,2.52445033766e-07,6.38619397364e-08,2.68215501364e-07,1.04842406756e-07,3.703362745e-05,0.0
1630632777807543237,height,4,32,width,4,8,imag,2,2,0,3.22695159412e-05,0.0,-4.10874321233e-08,-9.08411179612e-10,8.49105052936e-09,6.26227603107e-08,-2.21070834527e-07,4.4223419593e-08,-4.10874321233e-08,9.08411179612e-10,3.55188130925e-05,0.0,1.01869652269e-07,-2.09840081311e-07,1.09504199486e-07,5.47511511684e-08,8.49105052936e-09,-6.26227603107e-08,1.01869652269e-07,2.09840081311e-07,3.66965323337e-05,0.0,1.36706788112e-07,-1.0066009537e-07,-2.21070834527e-07,-4.4223419593e-08,1.09504199486e-07,-5.47511511684e-08,1.36706788112e-07,1.0066009537e-07,3.73502880393e-05,0.0
1630632777912662732,height,4,32,width,4,8,imag,2,2,0,3.16505575029e-05,0.0,5.73331107034e-08,-4.15836538536e-08,4.81365987071e-08,-2.03054469239e-07,3.33924887741e-08,-1.47101986148e-09,5.73331107034e-08,4.15836538536e-08,3.60316626029e-05,0.0,-6.29507610483e-08,-2.34848172909e-07,-6.00954521701e-08,2.01880737905e-07,4.81365987071e-08,2.03054469239e-07,-6.29507610483e-08,2.34848172909e-07,3.66854001186e-05,0.0,3.84988254609e-07,2.04255329095e-07,3.33924887741e-08,1.47101986148e-09,-6.00954521701e-08,-2.01880737905e-07,3.84988254609e-07,-2.04255329095e-07,3.75906420231e-05,0.0
1630632777948418907,height,4,32,width,4,8,imag,2,2,0,3.20221370202e-05,0.0,-1.27155288965e-07,-7.91310981185e-08,-2.66545079342e-08,8.56592734522e-08,2.75047824516e-07,-3.87521437162e-09,-1.27155288965e-07,7.91310981185e-08,3.59997902706e-05,0.0,5.88585784556e-08,-8.65844995701e-08,-2.71241518135e-08,-5.6037188223e-09,-2.66545079342e-08,-8.56592734522e-08,5.88585784556e-08,8.65844995701e-08,3.65934465663e-05,0.0,4.29876536145e-07,2.17791040313e-07,2.75047824516e-07,3.87521437162e-09,-2.71241518135e-08,5.6037188223e-09,4.29876536145e-07,-2.17791040313e-07,3.72967224394e-05,0.0
1630632777961900576,height,4,32,width,4,8,imag,2,2,0,3.19038845191e-05,0.0,-9.16172524512e-08,-4.11240606013e-08,-2.97157015439e-07,7.62586154224e-08,9.10469566406e-08,-2.58641847495e-07,-9.16172524512e-08,4.11240606013e-08,3.57585267921e-05,0.0,2.43157700197e-07,-4.33544533607e-09,-5.8276534709e-09,1.65932263485e-08,-2.97157015439e-07,-7.62586154224e-08,2.43157700197e-07,4.33544533607e-09,3.6484998418e-05,0.0,1.79312763748e-07,3.56293838877e-07,9.10469566406e-08,2.58641847495e-07,-5.8276534709e-09,-1.65932263485e-08,1.79312763748e-07,-3.56293838877e-07,3.7360470742e-05,0.0
1630632778052389254,height,4,32,width,4,8,imag,2,2,0,3.19226564898e-05,0.0,-1.94752317384e-07,-1.80695085561e-08,-1.1447573911e-07,-1.35623608344e-07,1.83213956007e-07,-1.39137625865e-07,-1.94752317384e-07,1.80695085561e-08,3.56609089067e-05,0.0,2.50247069289e-07,-4.05317379659e-08,6.48308571272e-08,-1.05313318954e-07,-1.1447573911e-07,1.35623608344e-07,2.50247069289e-07,4.05317379659e-08,3.6512301449e-05,0.0,5.02993088958e-07,2.04141112903e-08,1.83213956007e-07,1.39137625865e-07,6.48308571272e-08,1.05313318954e-07,5.02993088958e-07,-2.04141112903e-08,3.73132425011e-05,0.0
1630632778093144738,height,4,32,width,4,8,imag,2,2,0,3.19897189911e-05,0.0,-1.0801262107e-07,-1.8023206394e-07,3.39907444413e-08,1.4543376281e-08,-5.72167984103e-08,1.76040927613e-07,-1.0801262107e-07,1.8023206394e-07,3.5651941289e-05,0.0,8.24580759229e-09,-2.48175837214e-07,8.8362128281e-08,-1.54404659725e-07,3.39907444413e-08,-1.4543376281e-08,8.24580759229e-09,2.48175837214e-07,3.65483101632e-05,0.0,2.41980615101e-07,2.35386380609e-07,-5.72167984103e-08,-1.76040927613e-07,8.8362128281e-08,1.54404659725e-07,2.41980615101e-07,-2.35386380609e-07,3.75590643671e-05,0.0
1630632778129692949,height,4,32,width,4,8,imag,2,2,0,3.20943909173e-05,0.0,-1.92505762442e-08,1.12705578204e-07,-3.24307372068e-08,-2.2389267329e-08,1.94105496121e-07,9.70305080727e-08,-1.92505762442e-08,-1.12705578204e-07,3.56768068741e-05,0.0,5.21906464712e-08,8.8179902491e-08,-1.8315499517e-07,2.43991955529e-08,-3.24307372068e-08,2.2389267329e-08,5.21906464712e-08,-8.8179902491e-08,3.68081709894e-05,0.0,2.13758497125e-07,-3.24972859289e-07,1.94105496121e-07,-9.70305080727e-08,-1.8315499517e-07,-2.43991955529e-08,2.13758497125e-07,3.24972859289e-07,3.72443173546e-05,0.0
1630632778221192086,height,4,32,width,4,8,imag,2,2,0,3.19441496686e-05,0.0,-2.65394987764e-07,-5.07328827837e-08,-1.50206972194e-07,-3.95391452912e-09,2.09609169133e-07,1.60162187512e-07,-2.65394987764e-07,5.07328827837e-08,3.56791424565e-05,0.0,-1.14256977213e-07,6.61590160433e-09,2.34569029089e-07,-1.11132933966e-07,-1.50206972194e-07,3.95391452912e-09,-1.14256977213e-07,-6.61590160433e-09,3.66236527043e-05,0.0,3.54945854042e-07,6.55950316286e-08,2.09609169133e-07,-1.60162187512e-07,2.34569029089e-07,1.11132933966e-07,3.54945854042e-07,-6.55950316286e-08,3.70223824575e-05,0.0
1630632778327235079,height,4,32,width,4,8,imag,2,2,0,3.21129045915e-05,0.0,-3.07302201463e-08,-1.71175557284e-07,1.69930046923e-07,-6.07866326163e-08,1.32751765136e-07,1.00422134608e-07,-3.07302201463e-08,1.71175557284e-07,3.56075215677e-05,0.0,6.15308195506e-08,-2.36097761785e-07,-1.0509652526e-07,-4.93245160271e-08,1.69930046923e-07,6.07866326163e-08,6.15308195506e-08,2.36097761785e-07,3.70876150555e-05,0.0,2.61414982106e-07,4.50591670642e-08,1.32751765136e-07,-1.00422134608e-07,-1.0509652526e-07,4.93245160271e-08,2.61414982106e-07,-4.50591670642e-08,3.71626811102e-05,0.0
1630632778357655779,height,4,32,width,4,8,imag,2,2,0,3.18753955071e-05,0.0,2.78291540923e-08,1.69181735288e-09,-1.39627601925e-07,-2.83697776382e-08,-1.62916634849e-07,-8.64065725636e-08,2.78291540923e-08,-1.69181735288e-09,3.59984369425e-05,0.0,1.60343645916e-07,-1.00166595018e-07,-1.39038135671e-07,1.80080217405e-08,-1.39627601925e-07,2.83697776382e-08,1.60343645916e-07,1.00166595018e-07,3.64824445569e-05,0.0,4.79574225665e-07,-6.67977957391e-08,-1.62916634849e-07,8.64065725636e-08,-1.39038135671e-07,-1.80080217405e-08,4.79574225665e-07,6.67977957391e-08,3.72855320165e-05,0.0
1630632778360743198,height,4,32,width,4,8,imag,2,2,0,3.19317368849e-05,0.0,-1.12244356032e-08,1.62957690009e-07,-4.62849989447e-08,3.60573189084e-08,7.08039422648e-08,2.35141595084e-08,-1.12244356032e-08,-1.62957690009e-07,3.55406591552e-05,0.0,-1.02160399251e-07,-2.79540529391e-07,-2.67323628123e-07,-7.50911439695e-08,-4.62849989447e-08,-3.60573189084e-08,-1.02160399251e-07,2.79540529391e-07,3.6478311813e-05,0.0,2.98382786923e-07,9.41559434864e-08,7.08039422648e-08,-2.35141595084e-08,-2.67323628123e-07,7.50911439695e-08,2.98382786923e-07,-9.41559434864e-08,3.70386333088e-05,0.0
1630632778503163227,height,4,32,width,4,8,imag,2,2,0,3.20760591421e-05,0.0,9.6150941431e-08,6.05362870942e-08,-5.3053039295e-08,1.36986049171e-08,-1.86571512018e-07,2.16600852809e-08,9.6150941431e-08,-6.05362870942e-08,3.57056160283e-05,0.0,1.44238072153e-07,1.69346321854e-07,5.71123237592e-08,2.04943599869e-08,-5.3053039295e-08,-1.36986049171e-08,1.44238072153e-07,-1.69346321854e-07,3.66132990166e-05,0.0,2.92170398097e-07,1.59211438699e-07,-1.86571512018e-07,-2.16600852809e-08,5.71123237592e-08,-2.04943599869e-08,2.92170398097e-07,-1.59211438699e-07,3.71494461433e-05,0.0
1630632778521090869,height,4,32,width,4,8,imag,2,2,0,3.21825355059e-05,0.0,-2.45386758024e-07,1.44014311587e-08,-7.65421326321e-09,-6.44081197265e-08,1.71194713516e-07,1.53585773432e-07,-2.45386758024e-07,-1.44014311587e-08,3.59749719792e-05,0.0,-4.78198103337e-08,-3.49658137111e-07,-1.72951104105e-07,1.85031012734e-08,-7.65421326321e-09,6.44081197265e-08,-4.78198103337e-08,3.49658137111e-07,3.67927459592e-05,0.0,4.4977178959e-07,6.70020909865e-08,1.71194713516e-07,-1.53585773432e-07,-1.72951104105e-07,-1.85031012734e-08,4.4977178959e-07,-6.70020909865e-08,3.76693969883e-05,0.0
1630632778620870359,height,4,32,width,4,8,imag,2,2,0,3.18895836244e-05,0.0,-2.24428085005e-08,-7.50925366333e-08,-3.04289771158e-09,6.49790266039e-08,6.72561313309e-08,4.98155969808e-08,-2.24428085005e-08,7.50925366333e-08,3.6243483919e-05,0.0,2.93690423092e-08,-7.36901881737e-08,-9.78410383823e-08,4.77192543258e-08,-3.04289771158e-09,-6.49790266039e-08,2.93690423092e-08,7.36901881737e-08,3.64991901733e-05,0.0,5.58650796734e-08,2.22969902097e-07,6.72561313309e-08,-4.98155969808e-08,-9.78410383823e-08,-4.77192543258e-08,5.58650796734e-08,-2.22969902097e-07,3.72448885173e-05,0.0
1630632778685539916,height,4,32,width,4,8,imag,2,2,0,3.22254891216e-05,0.0,-5.01803576469e-08,7.33227025762e-08,6.11132904282e-08,2.47185241165e-08,-4.37928182606e-09,-2.32473965411e-07,-5.01803576469e-08,-7.33227025762e-08,3.61964666808e-05,0.0,5.01675359033e-08,-3.42178765322e-07,2.48218043453e-07,-8.69660041758e-08,6.11132904282e-08,-2.47185241165e-08,5.01675359033e-08,3.42178765322e-07,3.66505955753e-05,0.0,4.10170400755e-07,1.64504982081e-07,-4.37928182606e-09,2.32473965411e-07,2.48218043453e-07,8.69660041758e-08,4.10170400755e-07,-1.64504982081e-07,3.72104768758e-05,0.0
1630632778729744181,height,4,32,width,4,8,imag,2,2,0,3.17837657349e-05,0.0,6.85732004513e-08,-6.15270820958e-08,-1.85171430189e-07,1.15352243313e-07,-6.48068834153e-08,9.10759041517e-08,6.85732004513e-08,6.15270820958e-08,3.583200305e-05,0.0,2.12876173578e-07,4.35464464488e-08,7.08805316663e-08,1.3048581593e-07,-1.85171430189e-07,-1.15352243313e-07,2.12876173578e-07,-4.35464464488e-08,3.63616891264e-05,0.0,2.57489972455e-07,5.22070919828e-08,-6.48068834153e-08,-9.10759041517e-08,7.08805316663e-08,-1.3048581593e-07,2.57489972455e-07,-5.22070919828e-08,3.71280730178e-05,0.0
1630632778881718718,height,4,32,width,4,8,imag,2,2,0,3.20862709486e-05,0.0,-5.77808956237e-09,1.81459853366e-07,1.81277115985e-07,1.17619130435e-07,4.9486828857e-08,1.66469256158e-08,-5.77808956237e-09,-1.81459853366e-07,3.61943275493e-05,0.0,9.97462592522e-08,-6.81669263258e-08,-1.70676415223e-08,1.07956026341e-07,1.81277115985e-07,-1.17619130435e-07,9.97462592522e-08,6.81669263258e-08,3.64763036487e-05,0.0,1.21776452033e-07,1.23733784108e-07,4.9486828857e-08,-1.66469256158e-08,-1.70676415223e-08,-1.07956026341e-07,1.21776452033e-07,-1.23733784108e-07,3.73866860173e-05,0.0
1630632778933561074,height,4,32,width,4,8,imag,2,2,0,3.19137179758e-05,0.0,-1.26028794512e-07,-9.30841395075e-08,6.0398051005e-08,-5.29726911225e-08,1.90804001932e-07,5.04548958169e-10,-1.26028794512e-07,9.30841395075e-08,3.60389312846e-05,0.0,-2.71711364519e-08,-2.76243042663e-07,5.49351000245e-08,-1.70436749158e-07,6.0398051005e-08,5.29726911225e-08,-2.71711364519e-08,2.76243042663e-07,3.65262239939e-05,0.0,4.31416538049e-07,2.33776432879e-07,1.90804001932e-07,-5.04548958169e-10,5.49351000245e-08,1.70436749158e-07,4.31416538049e-07,-2.33776432879e-07,3.69487243006e-05,0.0
1630632778954129447,height,4,32,width,4,8,imag,2,2,0,3.19696700899e-05,0.0,1.49227844304e-07,-1.01594332946e-08,1.1255081489e-07,5.74159209066e-08,-5.67032181209e-08,7.06696781094e-08,1.49227844304e-07,1.01594332946e-08,3.59459991159e-05,0.0,-3.73121658015e-08,-9.96118316721e-08,2.10489744745e-07,-7.7134920673e-08,1.1255081489e-07,-5.74159209066e-08,-3.73121658015e-08,9.96118316721e-08,3.65146697732e-05,0.0,4.64250035748e-07,-2.06296945748e-07,-5.67032181209e-08,-7.06696781094e-08,2.10489744745e-07,7.7134920673e-08,4.64250035748e-07,2.06296945748e-07,3.78036274924e-05,0.0
1630632779091959378,height,4,32,width,4,8,imag,2,2,0,3.2316755096e-05,0.0,1.49671151917e-07,-4.04256148556e-08,3.32882201803e-08,-1.4734798981e-07,-1.41245422469e-07,4.27564330607e-08,1.49671151917e-07,4.04256148556e-08,3.59381956514e-05,0.0,1.57880805318e-07,-9.76534977326e-08,3.71006933619e-07,-4.88206559623e-08,3.32882201803e-08,1.4734798981e-07,1.57880805318e-07,9.76534977326e-08,3.64819352399e-05,0.0,2.11882706935e-07,1.15487800656e-07,-1.41245422469e-07,-4.27564330607e-08,3.71006933619e-07,4.88206559623e-08,2.11882706935e-07,-1.15487800656e-07,3.71879141312e-05,0.0
1630632779142973953,height,4,32,width,4,8,imag,2,2,0,3.22804480675e-05,0.0,8.80456738628e-08,1.67006017904e-08,1.8919155309e-07,-1.24781081468e-07,4.51623485276e-08,2.20005389906e-07,8.80456738628e-08,-1.67006017904e-08,3.59446385119e-05,0.0,3.25577897975e-09,-1.14410623198e-08,1.60369850732e-07,2.58516990925e-07,1.8919155309e-07,1.24781081468e-07,3.25577897975e-09,1.14410623198e-08,3.65294254152e-05,0.0,1.57602414674e-07,-2.65230028162e-07,4.51623485276e-08,-2.20005389906e-07,1.60369850732e-07,-2.58516990925e-07,1.57602414674e-07,2.65230028162e-07,3.72395043087e-05,0.0
1630632779245569220,height,4,32,width,4,8,imag,2,2,0,3.20284489135e-05,0.0,-8.91860381103e-08,1.32129400754e-07,-2.37642140632e-07,-2.44405775618e-08,1.42637304634e-07,-6.53736833556e-08,-8.91860381103e-08,-1.32129400754e-07,3.56638083758e-05,0.0,1.09143748261e-07,-2.17868517893e-07,3.43929713154e-07,-1.26151164181e-07,-2.37642140632e-07,2.44405775618e-08,1.09143748261e-07,2.17868517893e-07,3.66028107237e-05,0.0,5.94505422669e-07,1.47512338344e-07,1.42637304634e-07,6.53736833556e-08,3.43929713154e-07,1.26151164181e-07,5.94505422669e-07,-1.47512338344e-07,3.77085088985e-05,0.0
1630632779276002212,height,4,32,width,4,8,imag,2,2,0,3.23652275256e-05,0.0,4.68044731861e-08,-3.99647674953e-08,-2.15740136866e-08,-9.65696678179e-09,-8.46806713639e-08,-2.45427020928e-08,4.68044731861e-08,3.99647674953e-08,3.60901394743e-05,0.0,2.94751089314e-07,-1.29122909698e-07,-3.63651615487e-08,-1.22540498637e-07,-2.15740136866e-08,9.65696678179e-09,2.94751089314e-07,1.29122909698e-07,3.67168031516e-05,0.0,3.63355383115e-07,2.63688178848e-07,-8.46806713639e-08,2.45427020928e-08,-3.63651615487e-08,1.22540498637e-07,3.63355383115e-07,-2.63688178848e-07,3.7395315303e-05,0.0
1630632779416485866,height,4,32,width,4,8,imag,2,2,0,3.19225109706e-05,0.0,2.13739198784e-07,1.5146420651e-07,1.28903749896e-08,-6.83851908434e-08,-8.43063219236e-08,1.12289253451e-08,2.13739198784e-07,-1.5146420651e-07,3.61593010894e-05,0.0,-1.44498741861e-07,-4.77337422922e-08,5.40024807094e-08,1.36823430807e-07,1.28903749896e-08,6.83851908434e-08,-1.44498741861e-07,4.77337422922e-08,3.6488094338e-05,0.0,3.97427271537e-07,2.15672415038e-07,-8.43063219236e-08,-1.12289253451e-08,5.40024807094e-08,-1.36823430807e-07,3.97427271537e-07,-2.15672415038e-07,3.69202425645e-05,0.0
1630632779452721853,height,4,32,width,4,8,imag,2,2,0,3.19256614603e-05,0.0,-1.1324571858e-07,-1.51602215226e-08,3.48564803687e-08,1.61375652397e-07,-1.15925736566e-07,-3.00924369867e-07,-1.1324571858e-07,1.51602215226e-08,3.57500975952e-05,0.0,-2.62815120777e-08,-1.00484150778e-07,1.26535191214e-08,-8.73244374588e-08,3.48564803687e-08,-1.61375652397e-07,-2.62815120777e-08,1.00484150778e-07,3.65205705748e-05,0.0,5.31309574114e-08,1.11568802197e-07,-1.15925736566e-07,3.00924369867e-07,1.26535191214e-08,8.73244374588e-08,5.31309574114e-08,-1.11568802197e-07,3.72881404473e-05,0.0
1630632779487485124,height,4,32,width,4,8,imag,2,2,0,3.21965126204e-05,0.0,6.93231925197e-08,-1.8319489925e-07,7.95170684853e-09,5.64197719655e-08,1.13803658053e-07,5.10596365189e-09,6.93231925197e-08,1.8319489925e-07,3.61260281352e-05,0.0,-3.49129123833e-07,-8.56195825349e-08,-2.69253010998e-08,-6.01077090323e-08,7.95170684853e-09,-5.64197719655e-08,-3.49129123833e-07,8.56195825349e-08,3.63258295693e-05,0.0,1.65759729498e-07,7.99306150157e-08,1.13803658053e-07,-5.10596365189e-09,-2.69253010998e-08,6.01077090323e-08,1.65759729498e-07,-7.99306150157e-08,3.72273352696e-05,0.0
1630632779567250243,height,4,32,width,4,8,imag,2,2,0,3.23200583807e-05,0.0,1.49087696855e-07,2.01678574285e-07,-4.87632600965e-09,-1.69711569242e-08,7.89205234497e-09,-1.0623401181e-07,1.49087696855e-07,-2.01678574285e-07,3.64533480024e-05,0.0,-7.78142705826e-08,-7.81710411957e-08,5.98835259158e-10,1.63847474255e-07,-4.87632600965e-09,1.69711569242e-08,-7.78142705826e-08,7.81710411957e-08,3.63628205378e-05,0.0,2.52417720503e-07,3.3226630336e-08,7.89205234497e-09,1.0623401181e-07,5.98835259158e-10,-1.63847474255e-07,2.52417720503e-07,-3.3226630336e-08,3.68151340808e-05,0.0
1630632779707580838,height,4,32,width,4,8,imag,2,2,0,3.19631508319e-05,0.0,1.75717246975e-07,5.9876015257e-08,-1.09167970663e-07,-1.31762320166e-07,7.21441608675e-08,-1.40410900684e-08,1.75717246975e-07,-5.9876015257e-08,3.57322533091e-05,0.0,1.01640686978e-07,-2.71430195653e-07,4.51142803115e-08,-6.42755750846e-08,-1.09167970663e-07,1.31762320166e-07,1.01640686978e-07,2.71430195653e-07,3.63889921573e-05,0.0,3.07626123686e-07,-1.7674317121e-07,7.21441608675e-08,1.40410900684e-08,4.51142803115e-08,6.42755750846e-08,3.07626123686e-07,1.7674317121e-07,3.74487171939e-05,0.0
1630632779707820477,height,4,32,width,4,8,imag,2,2,0,3.2205349271e-05,0.0,2.41289797032e-07,1.79059043148e-08,8.55425064117e-09,2.61818756779e-12,2.41797948775e-07,1.74959602361e-08,2.41289797032e-07,-1.79059043148e-08,3.65207743016e-05,0.0,1.54683831965e-07,-9.84463284226e-08,-8.8864595682e-08,1.32276756215e-09,8.55425064117e-09,-2.61818756779e-12,1.54683831965e-07,9.84463284226e-08,3.61764723493e-05,0.0,3.2765521496e-07,6.73159874509e-08,2.41797948775e-07,-1.74959602361e-08,-8.8864595682e-08,-1.32276756215e-09,3.2765521496e-07,-6.73159874509e-08,3.75380077458e-05,0.0
1630632779720883744,height,4,32,width,4,8,imag,2,2,0,3.21236038872e-05,0.0,2.07615272529e-07,-4.64798617372e-08,-5.66008360181e-08,2.85571193359e-08,1.78878067914e-07,7.93886769657e-08,2.07615272529e-07,4.64798617372e-08,3.58582074114e-05,0.0,2.53594294009e-07,-1.79980517601e-07,-8.14648331016e-08,-4.7730431163e-08,-5.66008360181e-08,-2.85571193359e-08,2.53594294009e-07,1.79980517601e-07,3.65430532838e-05,0.0,2.42366439807e-07,3.67776493704e-07,1.78878067914e-07,-7.93886769657e-08,-8.14648331016e-08,4.7730431163e-08,2.42366439807e-07,-3.67776493704e-07,3.70228008251e-05,0.0
1630632779921519419,height,4,32,width,4,8,imag,2,2,0,3.19042992487e-05,0.0,-8.4217809615e-08,-1.22444930639e-07,-1.0565715769e-07,-1.28110599462e-07,-2.10457770322e-07,1.88365959275e-07,-8.4217809615e-08,1.22444930639e-07,3.60001649824e-05,0.0,1.1257774446e-07,-1.38262166161e-07,1.0161445374e-07,-1.75330015395e-07,-1.0565715769e-07,1.28110599462e-07,1.1257774446e-07,1.38262166161e-07,3.62286918971e-05,0.0,3.39306041042e-07,-1.96731605229e-07,-2.10457770322e-07,-1.88365959275e-07,1.0161445374e-07,1.75330015395e-07,3.39306041042e-07,1.96731605229e-07,3.7350342609e-05,0.0
1630632779943768452,height,4,32,width,4,8,imag,2,2,0,3.2331332477e-05,0.0,-1.29878387156e-07,1.04259591183e-07,4.44092762564e-09,4.87196167853e-08,-1.81133287924e-07,-3.46175070831e-08,-1.29878387156e-07,-1.04259591183e-07,3.59805962944e-05,0.0,3.18262095789e-07,-4.75798280775e-08,2.08307202598e-08,-5.47676251017e-08,4.44092762564e-09,-4.87196167853e-08,3.18262095789e-07,4.75798280775e-08,3.65145097021e-05,0.0,4.69744406928e-07,5.66620457221e-08,-1.81133287924e-07,3.46175070831e-08,2.08307202598e-08,5.47676251017e-08,4.69744406928e-07,-5.66620457221e-08,3.72507674911e-05,0.0
1630632779999189228,height,4,32,width,4,8,imag,2,2,0,3.2083469705e-05,0.0,-1.9954299546e-07,1.6627369348e-07,1.29818701566e-07,9.3886704633e-08,2.86018320139e-09,1.03036974508e-08,-1.9954299546e-07,-1.6627369348e-07,3.58711804438e-05,0.0,6.22241032033e-08,-2.74281688917e-07,3.68168784348e-08,-2.79631002797e-08,1.29818701566e-07,-9.3886704633e-08,6.22241032033e-08,2.74281688917e-07,3.67368011212e-05,0.0,3.75326976609e-07,-4.92139449193e-08,2.86018320139e-09,-1.03036974508e-08,3.68168784348e-08,2.79631002797e-08,3.75326976609e-07,4.92139449193e-08,3.75775380235e-05,0.0
1630632780080196169,height,4,32,width,4,8,imag,2,2,0,3.20621438732e-05,0.0,8.76840502428e-08,-6.50195843832e-08,1.10693022748e-07,-3.11715382395e-08,6.73465763157e-08,1.72789995645e-07,8.76840502428e-08,6.50195843832e-08,3.62082246284e-05,0.0,7.03068181451e-08,-1.70747469497e-07,-5.86109258904e-08,-5.03111614591e-08,1.10693022748e-07,3.11715382395e-08,7.03068181451e-08,1.70747469497e-07,3.64855623047e-05,0.0,2.11850050391e-07,-5.20248413238e-08,6.73465763157e-08,-1.72789995645e-07,-5.86109258904e-08,5.03111614591e-08,2.11850050391e-07,5.20248413238e-08,3.78522418032e-05,0.0
1630632780209165483,height,4,32,width,4,8,imag,2,2,0,3.23631502397e-05,0.0,2.00267777473e-07,-9.07409685169e-08,2.14899884554e-08,5.6448602237e-08,1.30961632649e-08,-2.18121002149e-07,2.00267777473e-07,9.07409685169e-08,3.59601945092e-05,0.0,3.55406903907e-08,-8.51563797255e-08,2.24313154717e-07,-6.84211158841e-08,2.14899884554e-08,-5.6448602237e-08,3.55406903907e-08,8.51563797255e-08,3.6359182559e-05,0.0,-2.01156193924e-08,5.28709236391e-08,1.30961632649e-08,2.18121002149e-07,2.24313154717e-07,6.84211158841e-08,-2.01156193924e-08,-5.28709236391e-08,3.71416681446e-05,0.0
1630632780218942993,height,4,32,width,4,8,imag,2,2,0,0.00157514307648,0.0,0.0176003929228,-0.00971773359925,0.0185883361846,-0.00732502201572,-0.00813669897616,0.0214181430638,0.0176003929228,0.00971773359925,0.268946111202,0.0,0.262348115444,0.0334319360554,-0.229405924678,0.195664331317,0.0185883361846,0.00732502201572,0.262348115444,-0.0334319360554,0.261715114117,0.0,-0.200541242957,0.220288977027,-0.00813669897616,-0.0214181430638,-0.229405924678,-0.195664331317,-0.200541242957,-0.220288977027,0.345878630877,0.0
1630632780273781912,height,4,32,width,4,8,imag,2,2,0,3.21693187288e-05,0.0,-2.55674112992e-08,-2.09646586313e-07,3.28966258678e-08,1.2144137429e-07,-1.58518389526e-07,2.08867234619e-07,-2.55674112992e-08,2.09646586313e-07,3.60612430086e-05,0.0,1.30795612563e-07,-9.94344304672e-08,-1.06990007964e-07,-1.11989585605e-07,3.28966258678e-08,-1.2144137429e-07,1.30795612563e-07,9.94344304672e-08,3.62579849025e-05,0.0,4.44783808007e-07,5.4743946265e-08,-1.58518389526e-07,-2.08867234619e-07,-1.06990007964e-07,1.11989585605e-07,4.44783808007e-07,-5.4743946265e-08,3.72256254195e-05,0.0
1630632780356804206,height,4,32,width,4,8,imag,2,2,0,0.00211771135218,0.0,0.0239933673292,-0.012900961563,0.0252445936203,-0.00968345627189,-0.0106881931424,0.0291204601526,0.0239933673292,0.012900961563,0.364560902119,0.0,0.35558706522,0.0447357483208,-0.304963439703,0.271914094687,0.0252445936203,0.00968345627189,0.35558706522,-0.0447357483208,0.354343146086,0.0,-0.265350759029,0.303707659245,-0.0106881931424,-0.0291204601526,-0.304963439703,-0.271914094687,-0.265350759029,-0.303707659245,0.468817383051,0.0
1630632780485095083,height,4,32,width,4,8,imag,2,2,0,3.23242784361e-05,0.0,8.60973230488e-08,-1.590116816e-09,2.93146023012e-08,-4.69783714152e-08,-5.88509188049e-08,5.45996350354e-08,8.60973230488e-08,1.590116816e-09,3.57474527846e-05,0.0,1.96683899389e-07,-8.3702722975e-08,1.92079738781e-07,1.93598552301e-07,2.93146023012e-08,4.69783714152e-08,1.96683899389e-07,8.3702722975e-08,3.64073130186e-05,0.0,-4.69423291349e-08,-5.60085666734e-08,-5.88509188049e-08,-5.45996350354e-08,1.92079738781e-07,-1.93598552301e-07,-4.69423291349e-08,5.60085666734e-08,3.68200489902e-05,0.0
1630632780495093593,height,4,32,width,4,8,imag,2,2,0,0.00210906518623,0.0,0.0236801821738,-0.0130801424384,0.0249921903014,-0.00990615319461,-0.0111021278426,0.0287960227579,0.0236801821738,0.0130801424384,0.361613541842,0.0,0.352956563234,0.04444623366,-0.310069590807,0.261595487595,0.0249921903014,0.00990615319461,0.352956563234,-0.04444623366,0.35207182169,0.0,-0.271921515465,0.294572114944,-0.0111021278426,-0.0287960227579,-0.310069590807,-0.261595487595,-0.271921515465,-0.294572114944,0.466107726097,0.0
1630632780557400862,height,4,32,width,4,8,imag,2,2,0,3.22783598676e-05,0.0,4.24166088919e-08,-1.364980875e-07,-7.18822761314e-08,-4.64232847719e-08,2.93608266588e-08,-3.84404472697e-07,4.24166088919e-08,1.364980875e-07,3.57971148333e-05,0.0,1.61641267482e-07,2.23799556665e-08,-3.40041850677e-07,5.46892735542e-08,-7.18822761314e-08,4.64232847719e-08,1.61641267482e-07,-2.23799556665e-08,3.64906300092e-05,0.0,8.74646275406e-08,7.81935654004e-08,2.93608266588e-08,3.84404472697e-07,-3.40041850677e-07,-5.46892735542e-08,8.74646275406e-08,-7.81935654004e-08,3.7523022911e-05,0.0
1630632780633639604,height,4,32,width,4,8,imag,2,2,0,0.00210370100103,0.0,0.023731648922,-0.0129178669304,0.0250083804131,-0.00974518526345,-0.0108894668519,0.0288192890584,0.023731648922,0.0129178669304,0.361939996481,0.0,0.353009283543,0.0442527458072,-0.306826919317,0.26579323411,0.0250083804131,0.00974518526345,0.353009283543,-0.0442527458072,0.351852178574,0.0,-0.268165051937,0.29789942503,-0.0108894668519,-0.0288192890584,-0.306826919317,-0.26579323411,-0.268165051937,-0.29789942503,0.465907126665,0.0
1630632780758295722,height,4,32,width,4,8,imag,2,2,0,3.19421669701e-05,0.0,-2.31367565107e-08,-8.97764564911e-08,-5.40663442905e-08,-2.82522236716e-08,-2.24127717274e-07,1.32016765519e-07,-2.31367565107e-08,8.97764564911e-08,3.59147015843e-05,0.0,-1.45987442579e-07,-8.23340950973e-09,2.61684419911e-07,-2.49186598467e-07,-5.40663442905e-08,2.82522236716e-08,-1.45987442579e-07,8.23340950973e-09,3.67171232938e-05,0.0,3.25337303764e-08,3.51658854925e-07,-2.24127717274e-07,-1.32016765519e-07,2.61684419911e-07,2.49186598467e-07,3.25337303764e-08,-3.51658854925e-07,3.74649716832e-05,0.0
1630632780773248561,height,4,32,width,4,8,imag,2,2,0,0.00210704677738,0.0,0.0237998217344,-0.0128806522116,0.0250339396298,-0.00976202730089,-0.0110753271729,0.0288080312312,0.0237998217344,0.0128806522116,0.362303763628,0.0,0.353355973959,0.04336232692,-0.308094799519,0.265145301819,0.0250339396298,0.00976202730089,0.353355973959,-0.04336232692,0.351928979158,0.0,-0.270203113556,0.296641469002,-0.0110753271729,-0.0288080312312,-0.308094799519,-0.265145301819,-0.270203113556,-0.296641469002,0.466657549143,0.0
1630632780821338074,height,4,32,width,4,8,imag,2,2,0,3.19209320878e-05,0.0,6.1481753022e-09,-3.85279186332e-08,2.34348817685e-07,6.41158663939e-08,1.13413157976e-07,9.24477134845e-08,6.1481753022e-09,3.85279186332e-08,3.61110287486e-05,0.0,7.13986878509e-08,-2.29926886419e-08,-2.77372116386e-08,1.30302666435e-07,2.34348817685e-07,-6.41158663939e-08,7.13986878509e-08,2.29926886419e-08,3.68017426808e-05,0.0,3.25445483895e-07,3.46716042543e-08,1.13413157976e-07,-9.24477134845e-08,-2.77372116386e-08,-1.30302666435e-07,3.25445483895e-07,-3.46716042543e-08,3.71127207472e-05,0.0
1630632780911512127,height,4,32,width,4,8,imag,2,2,0,0.00211579888128,0.0,0.0237879212946,-0.0131113352254,0.0250637885183,-0.00993365701288,-0.0114099364728,0.0287950262427,0.0237879212946,0.0131113352254,0.363402456045,0.0,0.354296267033,0.0442947968841,-0.313659131527,0.260199487209,0.0250637885183,0.00993365701288,0.354296267033,-0.0442947968841,0.352902233601,0.0,-0.27556309104,0.293051332235,-0.0114099364728,-0.0287950262427,-0.313659131527,-0.260199487209,-0.27556309104,-0.293051332235,0.467908531427,0.0
1630632781058683001,height,4,32,width,4,8,imag,2,2,0,0.00209152582102,0.0,0.0236231423914,-0.0127815585583,0.02483349666,-0.00965996738523,-0.0112717654556,0.0284905489534,0.0236231423914,0.0127815585583,0.3591363132,0.0,0.350191324949,0.0433703884482,-0.307942509651,0.259809911251,0.02483349666,0.00965996738523,0.350191324949,-0.0433703884482,0.348659127951,0.0,-0.270293056965,0.291593670845,-0.0112717654556,-0.0284905489534,-0.307942509651,-0.259809911251,-0.270293056965,-0.291593670845,0.463081032038,0.0
1630632781061237671,height,4,32,width,4,8,imag,2,2,0,3.19158498314e-05,0.0,-1.90306479908e-07,1.24240244759e-08,-5.07989703635e-08,2.91511412343e-07,-2.08020040304e-07,-9.53842658191e-08,-1.90306479908e-07,-1.24240244759e-08,3.58210636477e-05,0.0,1.57625578368e-07,-8.43929512939e-08,1.55942800006e-07,-2.11900498925e-07,-5.07989703635e-08,-2.91511412343e-07,1.57625578368e-07,8.43929512939e-08,3.65791711374e-05,0.0,1.69853748844e-07,1.88047422967e-07,-2.08020040304e-07,9.53842658191e-08,1.55942800006e-07,2.11900498925e-07,1.69853748844e-07,-1.88047422967e-07,3.74829869543e-05,0.0
1630632781103607117,height,4,32,width,4,8,imag,2,2,0,3.1894975109e-05,0.0,3.16781182619e-07,-2.21072170348e-07,-4.04972908541e-08,3.44029800203e-08,-2.42998208222e-08,-7.80555851065e-08,3.16781182619e-07,2.21072170348e-07,3.62375576515e-05,0.0,-1.36490740488e-07,1.76962267062e-08,2.07897215887e-07,-1.98931331852e-07,-4.04972908541e-08,-3.44029800203e-08,-1.36490740488e-07,-1.76962267062e-08,3.6829005694e-05,0.0,2.85177435444e-07,3.9057240997e-08,-2.42998208222e-08,7.80555851065e-08,2.07897215887e-07,1.98931331852e-07,2.85177435444e-07,-3.9057240997e-08,3.71859823645e-05,0.0
1630632781195673402,height,4,32,width,4,8,imag,2,2,0,0.00211928714998,0.0,0.0240340009332,-0.0127937206998,0.0252122655511,-0.0096702426672,-0.0111735239625,0.0289777573198,0.0240340009332,0.0127937206998,0.364419519901,0.0,0.355170667171,0.0432170853019,-0.308388620615,0.268442898989,0.0252122655511,0.0096702426672,0.355170667171,-0.0432170853019,0.353344678879,0.0,-0.270109891891,0.299290180206,-0.0111735239625,-0.0289777573198,-0.308388620615,-0.268442898989,-0.270109891891,-0.299290180206,0.469601482153,0.0
1630632781385688943,height,4,32,width,4,8,imag,2,2,0,0.00211131479591,0.0,0.0237700007856,-0.0129381725565,0.0249699410051,-0.00988101679832,-0.011226051487,0.0287795439363,0.0237700007856,0.0129381725565,0.361819684505,0.0,0.3528034091,0.0423935949802,-0.309804320335,0.262679815292,0.0249699410051,0.00988101679832,0.3528034091,-0.0423935949802,0.351048856974,0.0,-0.27276006341,0.293554604053,-0.011226051487,-0.0287795439363,-0.309804320335,-0.262679815292,-0.27276006341,-0.293554604053,0.46668356657,0.0
1630632781395262069,height,4,32,width,4,8,imag,2,2,0,3.20685103361e-05,0.0,-9.81936381095e-08,2.8574382327e-07,-9.87075221559e-09,-3.85628062816e-08,-1.61792243603e-07,8.11917075794e-08,-9.81936381095e-08,-2.8574382327e-07,3.60217563866e-05,0.0,-2.3980237529e-07,-5.63410402776e-08,-1.31852303298e-07,-1.77234113607e-07,-9.87075221559e-09,3.85628062816e-08,-2.3980237529e-07,5.63410402776e-08,3.65507330571e-05,0.0,5.13573922944e-07,1.6457380525e-07,-1.61792243603e-07,-8.11917075794e-08,-1.31852303298e-07,1.77234113607e-07,5.13573922944e-07,-1.6457380525e-07,3.7141264329e-05,0.0
1630632781434321604,height,4,32,width,4,8,imag,2,2,0,0.0015750429593,0.0,0.017601525411,-0.00971275754273,0.0185881741345,-0.00732673238963,-0.00813848339021,0.0214166399091,0.017601525411,0.00971275754273,0.268942296505,0.0,0.262342989445,0.0333656705916,-0.229378864169,0.195654645562,0.0185881741345,0.00732673238963,0.262342989445,-0.0333656705916,0.261697083712,0.0,-0.200568705797,0.220216304064,-0.00813848339021,-0.0214166399091,-0.229378864169,-0.195654645562,-0.200568705797,-0.220216304064,0.345823377371,0.0
1630632781525654847,height,4,32,width,4,8,imag,2,2,0,0.00210833712481,0.0,0.0237162020057,-0.0130058713257,0.0249186493456,-0.00993122532964,-0.0110147856176,0.0288293231279,0.0237162020057,0.0130058713257,0.361636787653,0.0,0.352488517761,0.0426311008632,-0.308554440737,0.263682425022,0.0249186493456,0.00993122532964,0.352488517761,-0.0426311008632,0.350631833076,0.0,-0.271107584238,0.294476687908,-0.0110147856176,-0.0288293231279,-0.308554440737,-0.263682425022,-0.271107584238,-0.294476687908,0.466346204281,0.0
1630632781617414471,height,4,32,width,4,8,imag,2,2,0,0.0021126260981,0.0,0.0239740926772,-0.0128531698138,0.0252215657383,-0.00963719841093,-0.0107112796977,0.0290685221553,0.0239740926772,0.0128531698138,0.364526867867,0.0,0.355548858643,0.044752009213,-0.304942280054,0.27191567421,0.0252215657383,0.00963719841093,0.355548858643,-0.044752009213,0.35430213809,0.0,-0.265309423208,0.303715884686,-0.0107112796977,-0.0290685221553,-0.304942280054,-0.27191567421,-0.265309423208,-0.303715884686,0.46882340312,0.0
1630632781663713201,height,4,32,width,4,8,imag,2,2,0,6.88771760906e-05,0.0,0.000426378217526,-0.000214146522922,0.000446762423962,-0.00016165143461,-0.000171225037775,0.000518079497851,0.000426378217526,0.000214146522922,0.0064386962913,0.0,0.00621828017756,0.000714550318662,-0.00510798674077,0.00514886993915,0.000446762423962,0.00016165143461,0.00621828017756,-0.000714550318662,0.00621337024495,0.0,-0.00441324105486,0.00559651944786,-0.000171225037775,-0.000518079497851,-0.00510798674077,-0.00514886993915,-0.00441324105486,-0.00559651944786,0.0082824844867,0.0
1630632781670295519,height,4,32,width,4,8,imag,2,2,0,3.213135642e-05,0.0,-1.20414025417e-08,-1.83938283271e-07,5.99690110903e-08,-1.19885692484e-08,-4.88911844343e-08,6.83397090029e-08,-1.20414025417e-08,1.83938283271e-07,3.58560937457e-05,0.0,-9.28195262873e-08,-2.0429598635e-07,8.18861494167e-08,-1.13948610547e-08,5.99690110903e-08,1.19885692484e-08,-9.28195262873e-08,2.0429598635e-07,3.68203327525e-05,0.0,3.15613021939e-07,3.71884856243e-09,-4.88911844343e-08,-6.83397090029e-08,8.18861494167e-08,1.13948610547e-08,3.15613021939e-07,-3.71884856243e-09,3.74070878024e-05,0.0
1630632781857839240,height,4,32,width,4,8,imag,2,2,0,0.00210482534021,0.0,0.023666754365,-0.013050542213,0.024976240471,-0.00987438578159,-0.0111054917797,0.028758412227,0.023666754365,0.013050542213,0.361631542444,0.0,0.352971822023,0.0444963425398,-0.310049206018,0.261635422707,0.024976240471,0.00987438578159,0.352971822023,-0.0444963425398,0.352091521025,0.0,-0.271859169006,0.29464161396,-0.0111054917797,-0.028758412227,-0.310049206018,-0.261635422707,-0.271859169006,-0.29464161396,0.466102778912,0.0
1630632781882290979,height,4,32,width,4,8,imag,2,2,0,3.21668630932e-05,0.0,6.53450835109e-11,1.03519553818e-07,-9.8683926808e-08,-6.50933928981e-09,-2.2699403246e-07,1.52381133489e-07,6.53450835109e-11,-1.03519553818e-07,3.60107260349e-05,0.0,-1.07412986949e-07,-2.43628250018e-07,-7.79005659979e-08,-5.68226461439e-08,-9.8683926808e-08,6.50933928981e-09,-1.07412986949e-07,2.43628250018e-07,3.66120730177e-05,0.0,9.63707336155e-08,1.0472119838e-09,-2.2699403246e-07,-1.52381133489e-07,-7.79005659979e-08,5.68226461439e-08,9.63707336155e-08,-1.0472119838e-09,3.72296526621e-05,0.0
1630632781935881058,height,4,32,width,4,8,imag,2,2,0,3.18142010656e-05,0.0,2.82287473397e-08,-1.17861162607e-07,1.50823055378e-07,-2.4798688969e-07,1.72569528445e-07,1.2642564684e-07,2.82287473397e-08,1.17861162607e-07,3.59464356734e-05,0.0,-1.74178573786e-08,-2.68401947778e-07,-4.45072956268e-08,2.03784384922e-08,1.50823055378e-07,2.4798688969e-07,-1.74178573786e-08,2.68401947778e-07,3.64751504094e-05,0.0,4.3243176151e-07,8.87593643029e-08,1.72569528445e-07,-1.2642564684e-07,-4.45072956268e-08,-2.03784384922e-08,4.3243176151e-07,-8.87593643029e-08,3.74103765353e-05,0.0
1630632782031612543,height,4,32,width,4,8,imag,2,2,0,3.24893917423e-05,0.0,-2.88087591116e-07,-1.25564184827e-07,4.93702927429e-08,-1.92938671262e-07,1.29281943373e-07,4.2821088897e-09,-2.88087591116e-07,1.25564184827e-07,3.61684105883e-05,0.0,-1.31894466904e-07,1.68825771141e-08,1.87756398873e-07,6.62497896542e-08,4.93702927429e-08,1.92938671262e-07,-1.31894466904e-07,-1.68825771141e-08,3.63047693099e-05,0.0,3.295103852e-07,-1.41303885925e-07,1.29281943373e-07,-4.2821088897e-09,1.87756398873e-07,-6.62497896542e-08,3.295103852e-07,1.41303885925e-07,3.69523731933e-05,0.0
1630632782052191252,height,4,32,width,4,8,imag,2,2,0,0.00210869801231,0.0,0.0237751919776,-0.0129281617701,0.0250470004976,-0.00974508933723,-0.0109161613509,0.0288498792797,0.0237751919776,0.0129281617701,0.362026065588,0.0,0.353042751551,0.0443060398102,-0.306864798069,0.265829205513,0.0250470004976,0.00974508933723,0.353042751551,-0.0443060398102,0.351845145226,0.0,-0.268116265535,0.297935634851,-0.0109161613509,-0.0288498792797,-0.306864798069,-0.265829205513,-0.268116265535,-0.297935634851,0.465909272432,0.0
1630632782202074135,height,4,32,width,4,8,imag,2,2,0,0.00210938276723,0.0,0.0238106418401,-0.0128865232691,0.0250461827964,-0.00977079197764,-0.0110776498914,0.028826918453,0.0238106418401,0.0128865232691,0.362279266119,0.0,0.353357672691,0.0433398708701,-0.308095782995,0.265136808157,0.0250461827964,0.00977079197764,0.353357672691,-0.0433398708701,0.351947933435,0.0,-0.270243227482,0.29662925005,-0.0110776498914,-0.028826918453,-0.308095782995,-0.265136808157,-0.270243227482,-0.29662925005,0.466680020094,0.0
1630632782208505777,height,4,32,width,4,8,imag,2,2,0,3.22625201079e-05,0.0,-1.9766154935e-07,5.64943896109e-08,8.91795082225e-08,-1.70273764866e-07,-2.48153838811e-07,-1.0505295478e-07,-1.9766154935e-07,-5.64943896109e-08,3.63325816579e-05,0.0,-2.5340860077e-08,2.72667310952e-08,3.19967568885e-07,-1.37868170214e-07,8.91795082225e-08,1.70273764866e-07,-2.5340860077e-08,-2.72667310952e-08,3.65507657989e-05,0.0,2.11945902606e-07,2.23958238621e-07,-2.48153838811e-07,1.0505295478e-07,3.19967568885e-07,1.37868170214e-07,2.11945902606e-07,-2.23958238621e-07,3.74570663553e-05,0.0
1630632782228663468,height,4,32,width,4,8,imag,2,2,0,3.21329753206e-05,0.0,-4.47477788157e-07,-3.82759708373e-07,-9.21506924101e-08,4.8623618909e-08,1.4521782532e-07,-5.87947965869e-08,-4.47477788157e-07,3.82759708373e-07,3.61427701137e-05,0.0,3.27032580572e-07,2.61639794275e-08,1.17374604258e-07,2.33883980627e-07,-9.21506924101e-08,-4.8623618909e-08,3.27032580572e-07,-2.61639794275e-08,3.61796992365e-05,0.0,2.42553852559e-07,1.57584395311e-07,1.4521782532e-07,5.87947965869e-08,1.17374604258e-07,-2.33883980627e-07,2.42553852559e-07,-1.57584395311e-07,3.71339629055e-05,0.0
1630632782437521524,height,4,32,width,4,8,imag,2,2,0,0.00211864919402,0.0,0.0238089933991,-0.0131079144776,0.0250847954303,-0.00992824602872,-0.0114307906479,0.0288115702569,0.0238089933991,0.0131079144776,0.363371282816,0.0,0.354263305664,0.0442956052721,-0.313630342484,0.260198324919,0.0250847954303,0.00992824602872,0.354263305664,-0.0442956052721,0.352876603603,0.0,-0.275532931089,0.293050706387,-0.0114307906479,-0.0288115702569,-0.313630342484,-0.260198324919,-0.275532931089,-0.293050706387,0.467908263206,0.0
1630632782438803909,height,4,32,width,4,8,imag,2,2,0,3.20023173117e-05,0.0,-5.846040807e-08,-2.8528876328e-07,-1.00551771354e-08,-1.36590427857e-08,8.29539672509e-08,-6.98985473946e-08,-5.846040807e-08,2.8528876328e-07,3.60581361747e-05,0.0,-2.39589326156e-07,-2.25832934575e-07,-1.82334375154e-07,3.15419512731e-08,-1.00551771354e-08,1.36590427857e-08,-2.39589326156e-07,2.25832934575e-07,3.66256645066e-05,0.0,2.19679876068e-07,2.16939398001e-07,8.29539672509e-08,6.98985473946e-08,-1.82334375154e-07,-3.15419512731e-08,2.19679876068e-07,-2.16939398001e-07,3.72375870938e-05,0.0
1630632782464606940,height,4,32,width,4,8,imag,2,2,0,3.20278631989e-05,0.0,-1.64317768281e-07,-2.09330920597e-07,-1.28465316607e-07,-2.70836881811e-08,-2.59103511979e-08,6.99490456668e-08,-1.64317768281e-07,2.09330920597e-07,3.60881458619e-05,0.0,1.27794862692e-07,4.88138063304e-08,-2.92760063303e-07,-2.22369934022e-07,-1.28465316607e-07,2.70836881811e-08,1.27794862692e-07,-4.88138063304e-08,3.59909863619e-05,0.0,4.88774787755e-07,9.28608869799e-08,-2.59103511979e-08,-6.99490456668e-08,-2.92760063303e-07,2.22369934022e-07,4.88774787755e-07,-9.28608869799e-08,3.72343965864e-05,0.0
1630632782594926161,height,4,32,width,4,8,imag,2,2,0,0.00209694402292,0.0,0.0236414317042,-0.0128207011148,0.0248574446887,-0.00969369150698,-0.0112607832998,0.0285377427936,0.0236414317042,0.0128207011148,0.359120070934,0.0,0.350164920092,0.0433801300824,-0.307940781116,0.259798169136,0.0248574446887,0.00969369150698,0.350164920092,-0.0433801300824,0.34862446785,0.0,-0.270273566246,0.291578292847,-0.0112607832998,-0.0285377427936,-0.307940781116,-0.259798169136,-0.270273566246,-0.291578292847,0.463070899248,0.0
1630632782616961268,height,4,32,width,4,8,imag,2,2,0,0.00157690816559,0.0,0.0176062211394,-0.00973113719374,0.0185950938612,-0.00734068779275,-0.00813052244484,0.0214353930205,0.0176062211394,0.00973113719374,0.268934041262,0.0,0.262331217527,0.0333806499839,-0.229414239526,0.195653781295,0.0185950938612,0.00734068779275,0.262331217527,-0.0333806499839,0.261687397957,0.0,-0.200584843755,0.220229566097,-0.00813052244484,-0.0214353930205,-0.229414239526,-0.195653781295,-0.200584843755,-0.220229566097,0.34588971734,0.0
1630632782755077829,height,4,32,width,4,8,imag,2,2,0,3.19932441926e-05,0.0,1.85260290664e-07,-9.85748229709e-08,2.49461056256e-08,7.70585302234e-08,-1.59932625365e-07,7.57709699428e-08,1.85260290664e-07,9.85748229709e-08,3.61471356882e-05,0.0,2.21992692673e-07,-1.34060016421e-07,7.85533558201e-08,-4.99038428359e-08,2.49461056256e-08,-7.70585302234e-08,2.21992692673e-07,1.34060016421e-07,3.65404121112e-05,0.0,4.51118779665e-07,-2.45650699782e-08,-1.59932625365e-07,-7.57709699428e-08,7.85533558201e-08,4.99038428359e-08,4.51118779665e-07,2.45650699782e-08,3.72029098799e-05,0.0
1630632782798975505,height,4,32,width,4,8,imag,2,2,0,0.00212181732059,0.0,0.0240354165435,-0.0128168463707,0.0252212863415,-0.00969451200217,-0.0111581468955,0.029003450647,0.0240354165435,0.0128168463707,0.364384710789,0.0,0.355163425207,0.043212775141,-0.308373004198,0.26846024394,0.0252212863415,0.00969451200217,0.355163425207,-0.043212775141,0.353371858597,0.0,-0.270125895739,0.299332678318,-0.0111581468955,-0.029003450647,-0.308373004198,-0.26846024394,-0.270125895739,-0.299332678318,0.469669371843,0.0
1630632782831409617,height,4,32,width,4,8,imag,2,2,0,0.00211500748992,0.0,0.0239766370505,-0.012880621478,0.0252276062965,-0.00966569501907,-0.0106879975647,0.029092701152,0.0239766370505,0.012880621478,0.364540785551,0.0,0.355568617582,0.0447348430753,-0.304941117764,0.271946072578,0.0252276062965,0.00966569501907,0.355568617582,-0.0447348430753,0.354325771332,0.0,-0.265323907137,0.303734213114,-0.0106879975647,-0.029092701152,-0.304941117764,-0.271946072578,-0.265323907137,-0.303734213114,0.468834966421,0.0
1630632783010160088,height,4,32,width,4,8,imag,2,2,0,3.1628216675e-05,0.0,-2.96627860052e-08,-2.10924255839e-07,-1.81516597308e-07,-1.97223371856e-07,-5.33661825841e-08,4.0559754666e-08,-2.96627860052e-08,2.10924255839e-07,3.576814197e-05,0.0,4.41713332577e-08,-1.9196698986e-07,-8.16169674067e-08,2.81940970126e-07,-1.81516597308e-07,1.97223371856e-07,4.41713332577e-08,1.9196698986e-07,3.65676241927e-05,0.0,1.47912700754e-07,-2.48649438817e-08,-5.33661825841e-08,-4.0559754666e-08,-8.16169674067e-08,-2.81940970126e-07,1.47912700754e-07,2.48649438817e-08,3.76313328161e-05,0.0
1630632783024590538,height,4,32,width,4,8,imag,2,2,0,0.00210317596793,0.0,0.023655269295,-0.013057150878,0.0249645318836,-0.00988206267357,-0.0110924160108,0.0287517663091,0.023655269295,0.013057150878,0.361623555422,0.0,0.352959275246,0.0444680415094,-0.310055434704,0.261612206697,0.0249645318836,0.00988206267357,0.352959275246,-0.0444680415094,0.352070719004,0.0,-0.271883696318,0.294602960348,-0.0110924160108,-0.0287517663091,-0.310055434704,-0.261612206697,-0.271883696318,-0.294602960348,0.466109275818,0.0
1630632783058790442,height,4,32,width,4,8,imag,2,2,0,0.00211031804793,0.0,0.0237522814423,-0.0129618886858,0.0249572303146,-0.00990920607001,-0.0111918970942,0.0287839565426,0.0237522814423,0.0129618886858,0.361792743206,0.0,0.352797091007,0.042373161763,-0.309790194035,0.26268017292,0.0249572303146,0.00990920607001,0.352797091007,-0.042373161763,0.351054519415,0.0,-0.272782981396,0.293541640043,-0.0111918970942,-0.0287839565426,-0.309790194035,-0.26268017292,-0.272782981396,-0.293541640043,0.466676086187,0.0
1630632783219083322,height,4,32,width,4,8,imag,2,2,0,0.00210586073808,0.0,0.0237490851432,-0.0129260001704,0.0250251013786,-0.00974892452359,-0.0108991023153,0.028833983466,0.0237490851432,0.0129260001704,0.36196359992,0.0,0.353019267321,0.044281873852,-0.306851893663,0.265779137611,0.0250251013786,0.00974892452359,0.353019267321,-0.044281873852,0.351850777864,0.0,-0.268152862787,0.29789853096,-0.0108991023153,-0.028833983466,-0.306851893663,-0.265779137611,-0.268152862787,-0.29789853096,0.465894073248,0.0
1630632783245383591,height,4,32,width,4,8,imag,2,2,0,3.19991195283e-05,0.0,-3.27816387369e-08,-3.07513765563e-08,-1.3515999342e-07,-4.97283494383e-08,1.76203528213e-07,-1.43053512147e-07,-3.27816387369e-08,3.07513765563e-08,3.61142956535e-05,0.0,-1.3626997486e-07,7.48167181541e-08,-2.17888249665e-08,-3.52079155164e-07,-1.3515999342e-07,4.97283494383e-08,-1.3626997486e-07,-7.48167181541e-08,3.68388791685e-05,0.0,1.24205598695e-07,1.58295719643e-07,1.76203528213e-07,1.43053512147e-07,-2.17888249665e-08,3.52079155164e-07,1.24205598695e-07,-1.58295719643e-07,3.74084775103e-05,0.0
1630632783329715450,height,4,32,width,4,8,imag,2,2,0,0.00210865959525,0.0,0.0237366538495,-0.0129751125351,0.0249356422573,-0.00990000925958,-0.0110490750521,0.0288186054677,0.0237366538495,0.0129751125351,0.36163148284,0.0,0.352500736713,0.0426407009363,-0.308497726917,0.263685643673,0.0249356422573,0.00990000925958,0.352500736713,-0.0426407009363,0.350663810968,0.0,-0.271058052778,0.294500380754,-0.0110490750521,-0.0288186054677,-0.308497726917,-0.263685643673,-0.271058052778,-0.294500380754,0.466266006231,0.0
1630632783433160660,height,4,32,width,4,8,imag,2,2,0,3.17515950883e-05,0.0,-9.73907390289e-08,9.75511156298e-08,7.51306927782e-08,-2.0777152443e-08,9.02577426132e-08,-1.73714710172e-07,-9.73907390289e-08,-9.75511156298e-08,3.60847807315e-05,0.0,-2.48636951028e-07,-1.04279585855e-07,-1.53096294753e-07,-2.13310102026e-07,7.51306927782e-08,2.0777152443e-08,-2.48636951028e-07,1.04279585855e-07,3.66411695722e-05,0.0,3.29270960719e-07,2.29953741382e-07,9.02577426132e-08,1.73714710172e-07,-1.53096294753e-07,2.13310102026e-07,3.29270960719e-07,-2.29953741382e-07,3.728802767e-05,0.0
1630632783463538346,height,4,32,width,4,8,imag,2,2,0,0.00210589403287,0.0,0.0238044783473,-0.0128537369892,0.0250339824706,-0.00973912701011,-0.0110913487151,0.0287932660431,0.0238044783473,0.0128537369892,0.362317115068,0.0,0.353382408619,0.043310649693,-0.308087289333,0.265166610479,0.0250339824706,0.00973912701011,0.353382408619,-0.043310649693,0.351956218481,0.0,-0.270244419575,0.296628475189,-0.0110913487151,-0.0287932660431,-0.308087289333,-0.265166610479,-0.270244419575,-0.296628475189,0.466656416655,0.0
1630632783598988625,height,4,32,width,4,8,imag,2,2,0,6.92928006174e-05,0.0,0.000425807898864,-0.000216117579839,0.000446283345809,-0.000163275515661,-0.000169618768268,0.000519255234394,0.000425807898864,0.000216117579839,0.00644037127495,0.0,0.00622199382633,0.000716398761142,-0.00510927475989,0.00514724571258,0.000446283345809,0.000163275515661,0.00622199382633,-0.000716398761142,0.0062191481702,0.0,-0.00441434886307,0.00559849478304,-0.000169618768268,-0.000519255234394,-0.00510927475989,-0.00514724571258,-0.00441434886307,-0.00559849478304,0.00827966164798,0.0
1630632783625404908,height,4,32,width,4,8,imag,2,2,0,0.00211726292036,0.0,0.0238111037761,-0.013094926253,0.0250833630562,-0.00991720613092,-0.0114402761683,0.0287986919284,0.0238111037761,0.013094926253,0.363359093666,0.0,0.354272127151,0.0442695207894,-0.313627570868,0.260200232267,0.0250833630562,0.00991720613092,0.354272127151,-0.0442695207894,0.352887481451,0.0,-0.275559216738,0.293043643236,-0.0114402761683,-0.0287986919284,-0.313627570868,-0.260200232267,-0.275559216738,-0.293043643236,0.467910706997,0.0
1630632783725343427,height,4,32,width,4,8,imag,2,2,0,3.21144070767e-05,0.0,2.83295378267e-08,-3.84719356816e-07,-6.65367352326e-08,9.58531387596e-08,-1.957460114e-07,-3.28026175112e-08,2.83295378267e-08,3.84719356816e-07,3.60705817002e-05,0.0,4.51633255238e-08,3.45769066712e-08,6.89515378127e-09,-1.47646701976e-07,-6.65367352326e-08,-9.58531387596e-08,4.51633255238e-08,-3.45769066712e-08,3.65676714864e-05,0.0,2.85931974986e-07,-2.71156864073e-07,-1.957460114e-07,3.28026175112e-08,6.89515378127e-09,1.47646701976e-07,2.85931974986e-07,2.71156864073e-07,3.72877329937e-05,0.0
1630632783866887060,height,4,32,width,4,8,imag,2,2,0,3.21040752169e-05,0.0,8.45170546881e-08,-8.52138910545e-08,9.43727584968e-08,7.82359421692e-08,-3.81531144455e-08,-3.51984752456e-08,8.45170546881e-08,8.52138910545e-08,3.56008858944e-05,0.0,-2.52564831271e-08,-3.22743659353e-07,-1.76422716436e-07,1.00006644743e-07,9.43727584968e-08,-7.82359421692e-08,-2.52564831271e-08,3.22743659353e-07,3.67805769201e-05,0.0,4.11601206451e-07,2.88477451704e-07,-3.81531144455e-08,3.51984752456e-08,-1.76422716436e-07,-1.00006644743e-07,4.11601206451e-07,-2.88477451704e-07,3.76105308533e-05,0.0
1630632783909520151,height,4,32,width,4,8,imag,2,2,0,3.20124308928e-05,0.0,-1.06224554486e-07,1.66313441241e-07,-1.1187137261e-07,-9.74540625975e-08,1.87762225323e-07,-2.831728807e-07,-1.06224554486e-07,-1.66313441241e-07,3.59426303476e-05,0.0,-2.7937350211e-09,-1.75192795382e-07,-2.21742766371e-07,-1.05026153108e-07,-1.1187137261e-07,9.74540625975e-08,-2.7937350211e-09,1.75192795382e-07,3.67004031432e-05,0.0,3.3260971577e-07,1.13420979275e-08,1.87762225323e-07,2.831728807e-07,-2.21742766371e-07,1.05026153108e-07,3.3260971577e-07,-1.13420979275e-08,3.72637550754e-05,0.0
1630632783930697891,height,4,32,width,4,8,imag,2,2,0,0.00209838734008,0.0,0.0236638709903,-0.0127951707691,0.0248763561249,-0.00966492854059,-0.0112944599241,0.0285321902484,0.0236638709903,0.0127951707691,0.359143167734,0.0,0.350183963776,0.043397963047,-0.307945519686,0.259783923626,0.0248763561249,0.00966492854059,0.350183963776,-0.043397963047,0.348646402359,0.0,-0.270267874002,0.291573941708,-0.0112944599241,-0.0285321902484,-0.307945519686,-0.259783923626,-0.270267874002,-0.291573941708,0.463017344475,0.0
1630632784044256483,height,4,32,width,4,8,imag,2,2,0,3.23496897181e-05,0.0,-9.96476501314e-08,-4.03919990788e-08,1.36602722023e-07,-3.67345123209e-08,-2.45376838848e-07,7.79768356551e-08,-9.96476501314e-08,4.03919990788e-08,3.59553632734e-05,0.0,-1.92022202583e-08,1.90366392872e-07,-2.05083665605e-08,4.41013803254e-08,1.36602722023e-07,3.67345123209e-08,-1.92022202583e-08,-1.90366392872e-07,3.65009072993e-05,0.0,2.70252883183e-07,2.83574848936e-07,-2.45376838848e-07,-7.79768356551e-08,-2.05083665605e-08,-4.41013803254e-08,2.70252883183e-07,-2.83574848936e-07,3.75246636395e-05,0.0
1630632784128280028,height,4,32,width,4,8,imag,2,2,0,3.23114945786e-05,0.0,1.45984031974e-07,1.57178902782e-07,-8.26360064821e-08,-3.69961163926e-08,-3.98320274542e-08,1.33206903286e-08,1.45984031974e-07,-1.57178902782e-07,3.59242621926e-05,0.0,-2.20712692567e-07,8.8068638604e-08,-3.52393101366e-08,-1.04465833317e-07,-8.26360064821e-08,3.69961163926e-08,-2.20712692567e-07,-8.8068638604e-08,3.68258188246e-05,0.0,2.71635514082e-07,-5.61578374914e-08,-3.98320274542e-08,-1.33206903286e-08,-3.52393101366e-08,1.04465833317e-07,2.71635514082e-07,5.61578374914e-08,3.67132852261e-05,0.0
1630632784186406299,height,4,32,width,4,8,imag,2,2,0,3.20121944242e-05,0.0,2.37709798512e-07,-2.86173018615e-09,1.28100801078e-08,4.77778918651e-08,1.0306859366e-07,-9.4485322677e-08,2.37709798512e-07,2.86173018615e-09,3.62644059351e-05,0.0,8.04808877319e-08,-3.57795812533e-07,2.41015158053e-07,1.40482825373e-07,1.28100801078e-08,-4.77778918651e-08,8.04808877319e-08,3.57795812533e-07,3.6439170799e-05,0.0,3.74234787159e-07,3.02702545696e-07,1.0306859366e-07,9.4485322677e-08,2.41015158053e-07,-1.40482825373e-07,3.74234787159e-07,-3.02702545696e-07,3.73129551008e-05,0.0
1630632784318117146,height,4,32,width,4,8,imag,2,2,0,0.00212497473694,0.0,0.0240707658231,-0.0127971693873,0.0252494700253,-0.00966831762344,-0.0112041700631,0.0290071777999,0.0240707658231,0.0127971693873,0.364431709051,0.0,0.355170279741,0.04321147874,-0.30841037631,0.26846820116,0.0252494700253,0.00966831762344,0.355170279741,-0.04321147874,0.353331983089,0.0,-0.27013361454,0.299306809902,-0.0112041700631,-0.0290071777999,-0.30841037631,-0.26846820116,-0.27013361454,-0.299306809902,0.469678074121,0.0
1630632784329536298,height,4,32,width,4,8,imag,2,2,0,3.2009469578e-05,0.0,2.2084114093e-08,4.75792063526e-08,1.9363761794e-07,3.20061168679e-08,-1.98426146625e-08,1.48907744801e-07,2.2084114093e-08,-4.75792063526e-08,3.59532386938e-05,0.0,-1.53670711711e-07,-1.35277460345e-07,-2.29535018548e-07,1.59309809789e-08,1.9363761794e-07,-3.20061168679e-08,-1.53670711711e-07,1.35277460345e-07,3.66036656487e-05,0.0,4.40949833092e-07,2.67387974873e-07,-1.98426146625e-08,-1.48907744801e-07,-2.29535018548e-07,-1.59309809789e-08,4.40949833092e-07,-2.67387974873e-07,3.76856078219e-05,0.0
1630632784394932777,height,4,32,width,4,8,imag,2,2,0,3.18862803397e-05,0.0,-6.21845543947e-08,5.96625966409e-08,2.01109848774e-08,4.76347707945e-08,7.72558763629e-08,-1.9724870981e-07,-6.21845543947e-08,-5.96625966409e-08,3.58122561011e-05,0.0,1.72443861857e-07,-2.85348011886e-08,9.53032071038e-08,-1.39993531434e-07,2.01109848774e-08,-4.76347707945e-08,1.72443861857e-07,2.85348011886e-08,3.62723330909e-05,0.0,2.20580304244e-07,8.25824955086e-08,7.72558763629e-08,1.9724870981e-07,9.53032071038e-08,1.39993531434e-07,2.20580304244e-07,-8.25824955086e-08,3.72511058231e-05,0.0
1630632784541523404,height,4,32,width,4,8,imag,2,2,0,3.18979909935e-05,0.0,1.66159111359e-07,-1.10076442184e-07,-1.90558608892e-08,-3.08569497065e-07,-6.17815842929e-08,-1.13930255452e-07,1.66159111359e-07,1.10076442184e-07,3.59778896382e-05,0.0,-8.30828028597e-08,-3.10213948751e-07,-2.40060046508e-07,2.9996208184e-08,-1.90558608892e-08,3.08569497065e-07,-8.30828028597e-08,3.10213948751e-07,3.64842053386e-05,0.0,3.95584550006e-07,2.2984978898e-07,-6.17815842929e-08,1.13930255452e-07,-2.40060046508e-07,-2.9996208184e-08,3.95584550006e-07,-2.2984978898e-07,3.74656010536e-05,0.0
1630632784596153053,height,4,32,width,4,8,imag,2,2,0,0.00210755015723,0.0,0.0237387530506,-0.0129560707137,0.0249431505799,-0.00990630500019,-0.0111885424703,0.0287695452571,0.0237387530506,0.0129560707137,0.361779928207,0.0,0.352819442749,0.0423763208091,-0.309810012579,0.262685060501,0.0249431505799,0.00990630500019,0.352819442749,-0.0423763208091,0.351109206676,0.0,-0.272825181484,0.293579161167,-0.0111885424703,-0.0287695452571,-0.309810012579,-0.262685060501,-0.272825181484,-0.293579161167,0.466727793217,0.0
1630632784661626254,height,4,32,width,4,8,imag,2,2,0,3.20102990372e-05,0.0,-4.0786897415e-08,1.3599714066e-07,5.94803637455e-08,-1.01047682222e-07,-2.33149222595e-07,-1.52253832653e-07,-4.0786897415e-08,-1.3599714066e-07,3.57750905096e-05,0.0,1.72409853061e-09,-2.36477106341e-07,1.38668966088e-07,-1.43763585925e-07,5.94803637455e-08,1.01047682222e-07,1.72409853061e-09,2.36477106341e-07,3.64591942343e-05,0.0,2.70686712156e-07,2.31616027691e-07,-2.33149222595e-07,1.52253832653e-07,1.38668966088e-07,1.43763585925e-07,2.70686712156e-07,-2.31616027691e-07,3.71509158867e-05,0.0
1630632784750162452,height,4,32,width,4,8,imag,2,2,0,3.19072023558e-05,0.0,-2.35070032772e-07,2.63143427048e-08,-1.327888981e-07,5.50926060328e-08,6.77162717011e-08,-1.1564972624e-07,-2.35070032772e-07,-2.63143427048e-08,3.56904311047e-05,0.0,1.38230589641e-07,-9.46563005755e-08,-2.14246327346e-07,2.34597692383e-07,-1.327888981e-07,-5.50926060328e-08,1.38230589641e-07,9.46563005755e-08,3.60003359674e-05,0.0,2.44294056984e-07,-5.65167752598e-08,6.77162717011e-08,1.1564972624e-07,-2.14246327346e-07,-2.34597692383e-07,2.44294056984e-07,5.65167752598e-08,3.77027390641e-05,0.0
1630632784794150871,height,4,32,width,4,8,imag,2,2,0,0.00210676481947,0.0,0.0237206798047,-0.0129635296762,0.0249185394496,-0.00989116355777,-0.0110467914492,0.0288065113127,0.0237206798047,0.0129635296762,0.361594855785,0.0,0.352439254522,0.0426363274455,-0.308504909277,0.263659924269,0.0249185394496,0.00989116355777,0.352439254522,-0.0426363274455,0.350582003593,0.0,-0.271047115326,0.294457525015,-0.0110467914492,-0.0288065113127,-0.308504909277,-0.263659924269,-0.271047115326,-0.294457525015,0.466286420822,0.0
1630632784930643152,height,4,32,width,4,8,imag,2,2,0,3.19837818097e-05,0.0,1.33500236643e-07,-1.77819970304e-07,7.91174770143e-09,7.36947924906e-08,-1.2954193096e-07,1.60342082722e-07,1.33500236643e-07,1.77819970304e-07,3.59799996659e-05,0.0,1.52189002733e-07,-2.75624046253e-07,6.20352924585e-09,-8.41016785103e-08,7.91174770143e-09,-7.36947924906e-08,1.52189002733e-07,2.75624046253e-07,3.65051273548e-05,0.0,4.20385191546e-07,-2.10768561715e-07,-1.2954193096e-07,-1.60342082722e-07,6.20352924585e-09,8.41016785103e-08,4.20385191546e-07,2.10768561715e-07,3.71191345039e-05,0.0
1630632784939570713,height,4,32,width,4,8,imag,2,2,0,6.86580970068e-05,0.0,0.00042454659706,-0.00021195365116,0.000444577395683,-0.000159615039593,-0.000172165513504,0.000514937913977,0.00042454659706,0.00021195365116,0.00643780780956,0.0,0.00621814280748,0.000715069880243,-0.00510677648708,0.00514866644517,0.000444577395683,0.000159615039593,0.00621814280748,-0.000715069880243,0.00621388433501,0.0,-0.0044124671258,0.00559793738648,-0.000172165513504,-0.000514937913977,-0.00510677648708,-0.00514866644517,-0.0044124671258,-0.00559793738648,0.00828245002776,0.0
1630632785074041194,height,4,32,width,4,8,imag,2,2,0,3.19063401548e-05,0.0,2.53645055182e-07,4.05610478538e-07,1.62742310295e-07,2.61230592713e-08,4.51772663723e-08,4.25422452821e-09,2.53645055182e-07,-4.05610478538e-07,3.54955845978e-05,0.0,1.6945664072e-07,1.54747354486e-07,-8.26278636623e-08,8.40585769879e-08,1.62742310295e-07,-2.61230592713e-08,1.6945664072e-07,-1.54747354486e-07,3.69444860553e-05,0.0,1.72642288021e-07,-8.57256665654e-08,4.51772663723e-08,-4.25422452821e-09,-8.26278636623e-08,-8.40585769879e-08,1.72642288021e-07,8.57256665654e-08,3.76279749617e-05,0.0
1630632785141236991,height,4,32,width,4,8,imag,2,2,0,3.21887273458e-05,0.0,-7.7183287317e-08,-6.82822189901e-08,-1.10200595316e-07,8.95147245217e-09,1.08867837412e-07,-7.71493660068e-08,-7.7183287317e-08,6.82822189901e-08,3.63015460607e-05,0.0,-1.00985833029e-08,-2.48646415457e-07,3.50521567327e-08,9.48881329066e-09,-1.10200595316e-07,-8.95147245217e-09,-1.00985833029e-08,2.48646415457e-07,3.64349507436e-05,0.0,3.45405268831e-08,6.56438358532e-12,1.08867837412e-07,7.71493660068e-08,3.50521567327e-08,-9.48881329066e-09,3.45405268831e-08,-6.56438358532e-12,3.73589791707e-05,0.0
1630632785192787984,height,4,32,width,4,8,imag,2,2,0,3.24241918861e-05,0.0,2.69976396794e-07,-3.56867211337e-08,-1.48401582578e-07,-5.91351110302e-08,-7.50202175936e-08,-4.37358131933e-08,2.69976396794e-07,3.56867211337e-08,3.60517842637e-05,0.0,-1.73144144355e-07,6.34890042761e-08,-4.37366516337e-08,3.13546273389e-08,-1.48401582578e-07,5.91351110302e-08,-1.73144144355e-07,-6.34890042761e-08,3.6276782339e-05,0.0,3.64302792377e-07,5.04680940594e-07,-7.50202175936e-08,4.37358131933e-08,-4.37366516337e-08,-3.13546273389e-08,3.64302792377e-07,-5.04680940594e-07,3.75090930902e-05,0.0
1630632785213371617,height,4,32,width,4,8,imag,2,2,0,3.17352059938e-05,0.0,-1.13156502834e-07,5.86272044245e-08,-2.66633492174e-07,1.03151094777e-07,2.45995703807e-08,-1.5446028101e-07,-1.13156502834e-07,-5.86272044245e-08,3.59184559784e-05,0.0,3.06449727816e-08,-4.1408799234e-07,1.52538305542e-07,-2.61371638999e-07,-2.66633492174e-07,-1.03151094777e-07,3.06449727816e-08,4.1408799234e-07,3.64200459444e-05,0.0,1.18910939761e-07,-6.23378113573e-08,2.45995703807e-08,1.5446028101e-07,1.52538305542e-07,2.61371638999e-07,1.18910939761e-07,6.23378113573e-08,3.74457704311e-05,0.0
1630632785323371834,height,4,32,width,4,8,imag,2,2,0,3.22138985211e-05,0.0,1.09558484951e-07,1.801080316e-07,-5.90291264757e-08,-4.08874321067e-08,8.36032256757e-08,8.09646039102e-08,1.09558484951e-07,-1.801080316e-07,3.58526413038e-05,0.0,1.12654106488e-07,1.03984611144e-07,-3.31288063649e-08,2.46114808533e-07,-5.90291264757e-08,4.08874321067e-08,1.12654106488e-07,-1.03984611144e-07,3.64937295672e-05,0.0,3.2431978525e-07,3.25852056449e-07,8.36032256757e-08,-8.09646039102e-08,-3.31288063649e-08,-2.46114808533e-07,3.2431978525e-07,-3.25852056449e-07,3.74374794774e-05,0.0
1630632785373172264,height,4,32,width,4,8,imag,2,2,0,3.23873209709e-05,0.0,4.37251905794e-08,-1.75226787746e-07,1.2134860583e-07,-2.24488498901e-08,4.50826540543e-08,-1.19025429512e-07,4.37251905794e-08,1.75226787746e-07,3.56521704816e-05,0.0,2.49886831227e-08,-2.13737095578e-07,1.28797339016e-07,-9.31440737872e-08,1.2134860583e-07,2.24488498901e-08,2.49886831227e-08,2.13737095578e-07,3.65770611097e-05,0.0,-5.67980045219e-08,8.15203478055e-08,4.50826540543e-08,1.19025429512e-07,1.28797339016e-07,9.31440737872e-08,-5.67980045219e-08,-8.15203478055e-08,3.72671311197e-05,0.0
1630632785457512772,height,4,32,width,4,8,imag,2,2,0,3.24133252434e-05,0.0,-1.18894462275e-07,1.12327789736e-07,-2.18408509056e-08,-5.5479823402e-08,1.03477447055e-07,1.2068802846e-07,-1.18894462275e-07,-1.12327789736e-07,3.60848061973e-05,0.0,-8.78859864883e-08,8.28264035135e-09,-3.0524546446e-08,-1.42386184621e-07,-2.18408509056e-08,5.5479823402e-08,-8.78859864883e-08,-8.28264035135e-09,3.62642349501e-05,0.0,3.03680110392e-07,1.27905295244e-07,1.03477447055e-07,-1.2068802846e-07,-3.0524546446e-08,1.42386184621e-07,3.03680110392e-07,-1.27905295244e-07,3.74407718482e-05,0.0
1630632785508926251,height,4,32,width,4,8,imag,2,2,0,3.20559011016e-05,0.0,1.28093802232e-07,1.24901234244e-07,5.6875851584e-08,8.47887164923e-08,6.43563851099e-08,2.03322088055e-07,1.28093802232e-07,-1.24901234244e-07,3.57025346602e-05,0.0,-6.82051819467e-08,-3.91970438329e-08,2.69726996294e-07,4.98226810919e-08,5.6875851584e-08,-8.47887164923e-08,-6.82051819467e-08,3.91970438329e-08,3.65117339243e-05,0.0,4.71818680126e-07,3.81737486066e-09,6.43563851099e-08,-2.03322088055e-07,2.69726996294e-07,-4.98226810919e-08,4.71818680126e-07,-3.81737486066e-09,3.71660207747e-05,0.0
1630632785595021678,height,4,32,width,4,8,imag,2,2,0,3.16849691444e-05,0.0,-1.10646077189e-07,-5.83938550847e-08,1.07388395065e-07,7.0497371496e-08,-2.1207365819e-07,-1.25822396058e-07,-1.10646077189e-07,5.83938550847e-08,3.55657466571e-05,0.0,1.95858831376e-07,2.34245746356e-07,-6.13849859832e-09,1.16348395807e-07,1.07388395065e-07,-7.0497371496e-08,1.95858831376e-07,-2.34245746356e-07,3.64064471796e-05,0.0,3.02026506915e-07,9.73681224536e-08,-2.1207365819e-07,1.25822396058e-07,-6.13849859832e-09,-1.16348395807e-07,3.02026506915e-07,-9.73681224536e-08,3.72533868358e-05,0.0
1630632785605967548,height,4,32,width,4,8,imag,2,2,0,3.17195590469e-05,0.0,1.51552548289e-08,-8.88174689351e-09,-9.39778814768e-08,-9.0762817706e-08,-2.10526103217e-08,1.86485760167e-08,1.51552548289e-08,8.88174689351e-09,3.57939716196e-05,0.0,9.53571941409e-08,-2.44296700203e-07,-5.49291776508e-08,1.78746493162e-08,-9.39778814768e-08,9.0762817706e-08,9.53571941409e-08,2.44296700203e-07,3.63352774002e-05,0.0,4.49460969776e-07,-3.37346470758e-08,-2.10526103217e-08,-1.86485760167e-08,-5.49291776508e-08,-1.78746493162e-08,4.49460969776e-07,3.37346470758e-08,3.73933362425e-05,0.0
1630632785681061522,height,4,32,width,4,8,imag,2,2,0,3.18708152918e-05,0.0,5.1595492323e-08,8.6047036163e-09,4.01487483259e-08,-1.49557251916e-07,-1.39080370332e-07,-1.52527146469e-08,5.1595492323e-08,-8.6047036163e-09,3.5910463339e-05,0.0,-4.42389222144e-07,-1.30057770775e-07,2.27727685598e-08,2.50668836799e-08,4.01487483259e-08,1.49557251916e-07,-4.42389222144e-07,1.30057770775e-07,3.65481973859e-05,0.0,3.44835143551e-07,2.72002040447e-07,-1.39080370332e-07,1.52527146469e-08,2.27727685598e-08,-2.50668836799e-08,3.44835143551e-07,-2.72002040447e-07,3.69133995264e-05,0.0
1630632785746888034,height,4,32,width,4,8,imag,2,2,0,3.19114951708e-05,0.0,1.26421539903e-08,1.86337540953e-08,3.3755899409e-08,1.50431791468e-08,7.03670721691e-08,2.00741023804e-08,1.26421539903e-08,-1.86337540953e-08,3.60768535757e-05,0.0,5.17120710697e-08,7.70331265443e-09,1.30246164076e-07,-6.58083676441e-09,3.3755899409e-08,-1.50431791468e-08,5.17120710697e-08,-7.70331265443e-09,3.65254272765e-05,0.0,4.40592401674e-07,-8.57555022549e-08,7.03670721691e-08,-2.00741023804e-08,1.30246164076e-07,6.58083676441e-09,4.40592401674e-07,8.57555022549e-08,3.7027970393e-05,0.0
1630632785850001577,height,4,32,width,4,8,imag,2,2,0,3.20610088238e-05,0.0,6.98980784364e-08,1.22778345713e-07,-1.47534748862e-07,2.53759591118e-08,3.08017540362e-08,7.94427563733e-08,6.98980784364e-08,-1.22778345713e-07,3.58872894139e-05,0.0,-2.44207853939e-07,-4.13880087535e-07,2.76911919173e-07,8.68968470513e-08,-1.47534748862e-07,-2.53759591118e-08,-2.44207853939e-07,4.13880087535e-07,3.65821397281e-05,0.0,1.53300646843e-07,1.61231341167e-07,3.08017540362e-08,-7.94427563733e-08,2.76911919173e-07,-8.68968470513e-08,1.53300646843e-07,-1.61231341167e-07,3.72393587895e-05,0.0
1630632785852827425,height,4,32,width,4,8,imag,2,2,0,3.21372317558e-05,0.0,2.4188051384e-07,3.5658452191e-08,-5.33843156347e-08,-1.14959721742e-08,-5.82359085399e-08,5.76883287806e-08,2.4188051384e-07,-3.5658452191e-08,3.58659490303e-05,0.0,-1.79931021194e-07,-3.61772919177e-07,-1.96650617568e-07,-7.36409733193e-09,-5.33843156347e-08,1.14959721742e-08,-1.79931021194e-07,3.61772919177e-07,3.65959931514e-05,0.0,1.6017045823e-07,3.27555255808e-07,-5.82359085399e-08,-5.76883287806e-08,-1.96650617568e-07,7.36409733193e-09,1.6017045823e-07,-3.27555255808e-07,3.73670882254e-05,0.0
1630632785946331344,height,4,32,width,4,8,imag,2,2,0,3.21550141962e-05,0.0,1.57793749622e-07,-1.57344601348e-07,1.0996852734e-10,-2.65997584847e-07,-3.09640995511e-07,1.39020045253e-07,1.57793749622e-07,1.57344601348e-07,3.58456964022e-05,0.0,-4.09027229864e-08,2.56438795532e-07,-1.06656507626e-07,-1.56891474035e-07,1.0996852734e-10,2.65997584847e-07,-4.09027229864e-08,-2.56438795532e-07,3.62885548384e-05,0.0,8.30484925274e-09,1.37514433618e-07,-3.09640995511e-07,-1.39020045253e-07,-1.06656507626e-07,1.56891474035e-07,8.30484925274e-09,-1.37514433618e-07,3.7355835957e-05,0.0
1630632786029531581,height,4,32,width,4,8,imag,2,2,0,3.19261707773e-05,0.0,6.18595734636e-08,-3.66109503602e-07,-7.46347126324e-08,-8.24588219928e-09,1.16403555239e-07,5.85205235382e-08,6.18595734636e-08,3.66109503602e-07,3.58336947102e-05,0.0,1.7201911362e-07,4.85560853747e-08,-1.74636525685e-07,-9.34239352546e-08,-7.46347126324e-08,8.24588219928e-09,1.7201911362e-07,-4.85560853747e-08,3.66246931662e-05,0.0,3.14872266927e-07,1.20313842444e-07,1.16403555239e-07,-5.85205235382e-08,-1.74636525685e-07,9.34239352546e-08,3.14872266927e-07,-1.20313842444e-07,3.74494884454e-05,0.0
1630632786092055094,height,4,32,width,4,8,imag,2,2,0,3.18550082739e-05,0.0,-5.68997577943e-08,-2.41384839228e-07,1.62902196621e-07,-1.00119734725e-07,-6.58249845742e-08,7.21002635373e-09,-5.68997577943e-08,2.41384839228e-07,3.59202495019e-05,0.0,-2.93446902333e-07,-2.55868968679e-07,6.06325443187e-08,-2.8232806315e-08,1.62902196621e-07,1.00119734725e-07,-2.93446902333e-07,2.55868968679e-07,3.64534935215e-05,0.0,3.1953803159e-07,-2.18178328737e-07,-6.58249845742e-08,-7.21002635373e-09,6.06325443187e-08,2.8232806315e-08,3.1953803159e-07,2.18178328737e-07,3.75927666028e-05,0.0
1630632786117014073,height,4,32,width,4,8,imag,2,2,0,3.19707796734e-05,0.0,1.0795444183e-07,-1.23134455521e-07,-2.36587553104e-07,3.05393328404e-08,-2.5675513271e-08,1.3460800119e-07,1.0795444183e-07,1.23134455521e-07,3.59351142833e-05,0.0,1.32482838922e-07,5.73443585949e-08,-1.13197025087e-07,1.05995695776e-07,-2.36587553104e-07,-3.05393328404e-08,1.32482838922e-07,-5.73443585949e-08,3.66382846551e-05,0.0,4.67137340365e-07,2.33004314509e-07,-2.5675513271e-08,-1.3460800119e-07,-1.13197025087e-07,-1.05995695776e-07,4.67137340365e-07,-2.33004314509e-07,3.74611445295e-05,0.0
1630632786213566151,height,4,32,width,4,8,imag,2,2,0,3.18466118188e-05,0.0,-5.7204555759e-08,4.27653432666e-08,-1.8687165948e-07,-2.68887276889e-07,2.1414260587e-08,1.13828271253e-07,-5.7204555759e-08,-4.27653432666e-08,3.56775926775e-05,0.0,6.13016339912e-08,-1.52384416197e-07,6.00648419891e-08,-9.55059462626e-08,-1.8687165948e-07,2.68887276889e-07,6.13016339912e-08,1.52384416197e-07,3.65227933798e-05,0.0,5.14846078659e-07,3.21272466408e-07,2.1414260587e-08,-1.13828271253e-07,6.00648419891e-08,9.55059462626e-08,5.14846078659e-07,-3.21272466408e-07,3.71746791643e-05,0.0
1630632786234030533,height,4,32,width,4,8,imag,2,2,0,3.20843719237e-05,0.0,-6.89647166041e-08,-1.12901432203e-07,-2.12715320913e-07,-2.3658823789e-09,-2.98365222307e-07,-7.64372813933e-08,-6.89647166041e-08,1.12901432203e-07,3.60903795809e-05,0.0,2.09880059998e-08,4.8171155953e-08,-4.4538548849e-08,-1.28835367263e-07,-2.12715320913e-07,2.3658823789e-09,2.09880059998e-08,-4.8171155953e-08,3.6531007936e-05,0.0,1.66962720982e-07,1.91236537717e-07,-2.98365222307e-07,7.64372813933e-08,-4.4538548849e-08,1.28835367263e-07,1.66962720982e-07,-1.91236537717e-07,3.74287010345e-05,0.0
1630632786385714429,height,4,32,width,4,8,imag,2,2,0,3.21769912262e-05,0.0,-1.97535655388e-07,4.67771563706e-08,-9.2685645825e-08,2.0768594311e-07,-9.01967780464e-08,-1.25534398876e-07,-1.97535655388e-07,-4.67771563706e-08,3.60261765309e-05,0.0,6.66592683274e-08,-2.85667436373e-08,-3.25694429648e-07,6.56219185657e-08,-9.2685645825e-08,-2.0768594311e-07,6.66592683274e-08,2.85667436373e-08,3.65861233149e-05,0.0,4.33560018109e-07,2.54447172665e-07,-9.01967780464e-08,1.25534398876e-07,-3.25694429648e-07,-6.56219185657e-08,4.33560018109e-07,-2.54447172665e-07,3.7328540202e-05,0.0
1630632786389157715,height,4,32,width,4,8,imag,2,2,0,3.1830601074e-05,0.0,-4.42986802796e-08,-1.7099526417e-07,6.27867224878e-09,3.63537004944e-08,7.72623351963e-08,2.0438093884e-08,-4.42986802796e-08,1.7099526417e-07,3.6023069697e-05,0.0,4.92330904933e-08,3.04007414798e-08,1.50947684574e-07,-7.71304442537e-08,6.27867224878e-09,-3.63537004944e-08,4.92330904933e-08,-3.04007414798e-08,3.63568760804e-05,0.0,7.62500391716e-08,1.03563081666e-07,7.72623351963e-08,-2.0438093884e-08,1.50947684574e-07,7.71304442537e-08,7.62500391716e-08,-1.03563081666e-07,3.72113900085e-05,0.0
1630632786419536332,height,4,32,width,4,8,imag,2,2,0,3.1901839975e-05,0.0,-6.22508655734e-10,1.28155420498e-07,2.15246274138e-08,-1.24635903376e-07,-2.02748040579e-07,-3.09168086687e-08,-6.22508655734e-10,-1.28155420498e-07,3.61460806744e-05,0.0,4.01655938731e-07,-9.67505187077e-08,1.0009621576e-08,-1.02388071355e-07,2.15246274138e-08,1.24635903376e-07,4.01655938731e-07,9.67505187077e-08,3.62628852599e-05,0.0,1.63486902238e-07,7.57866871481e-08,-2.02748040579e-07,3.09168086687e-08,1.0009621576e-08,1.02388071355e-07,1.63486902238e-07,-7.57866871481e-08,3.71297355741e-05,0.0
1630632786562507273,height,4,32,width,4,8,imag,2,2,0,0.000664520310238,0.0,0.00719818286598,-0.00400777021423,0.00748834200203,-0.00311531429179,-0.00325666880235,0.00889980327338,0.00719818286598,0.00400777021423,0.110003776848,0.0,0.106601335108,0.0120669901371,-0.0940584689379,0.0816762149334,0.00748834200203,0.00311531429179,0.106601335108,-0.0120669901371,0.105197824538,0.0,-0.0826278924942,0.0897182896733,-0.00325666880235,-0.00889980327338,-0.0940584689379,-0.0816762149334,-0.0826278924942,-0.0897182896733,0.144523203373,0.0
1630632786646910636,height,4,32,width,4,8,imag,2,2,0,3.22242703987e-05,0.0,-3.84680731713e-09,-3.43360326838e-08,-1.14196467393e-07,4.54668871441e-08,1.27350816115e-07,1.09663844228e-07,-3.84680731713e-09,3.43360326838e-08,3.58194301953e-05,0.0,2.02948200467e-08,-1.69996880572e-07,-3.42070308079e-07,-3.89809073909e-09,-1.14196467393e-07,-4.54668871441e-08,2.02948200467e-08,1.69996880572e-07,3.686916898e-05,0.0,3.84853962032e-07,-1.88761219988e-07,1.27350816115e-07,-1.09663844228e-07,-3.42070308079e-07,3.89809073909e-09,3.84853962032e-07,1.88761219988e-07,3.73820257664e-05,0.0
1630632786648122996,height,4,32,width,4,8,imag,2,2,0,3.2014115277e-05,0.0,2.83639050025e-08,1.00794030899e-08,-6.37708552631e-08,2.08345468877e-07,5.12284152876e-08,1.71610761157e-08,2.83639050025e-08,-1.00794030899e-08,3.60442718375e-05,0.0,-2.15500406853e-07,-1.11300586525e-07,-2.01149447321e-07,1.52482542148e-07,-6.37708552631e-08,-2.08345468877e-07,-2.15500406853e-07,1.11300586525e-07,3.70614798157e-05,0.0,4.16695627337e-07,1.81252104881e-07,5.12284152876e-08,-1.71610761157e-08,-2.01149447321e-07,-1.52482542148e-07,4.16695627337e-07,-1.81252104881e-07,3.71435853594e-05,0.0
1630632786725560212,height,4,32,width,4,8,imag,2,2,0,0.00213036267087,0.0,0.0240513179451,-0.01288812235,0.0249930340797,-0.00987551920116,-0.0102981757373,0.0296532325447,0.0240513179451,0.01288812235,0.364385515451,0.0,0.35295021534,0.0404938980937,-0.302548468113,0.280625611544,0.0249930340797,0.00987551920116,0.35295021534,-0.0404938980937,0.348269760609,0.0,-0.263208150864,0.306238204241,-0.0102981757373,-0.0296532325447,-0.302548468113,-0.280625611544,-0.263208150864,-0.306238204241,0.478261351585,0.0
1630632786893589950,height,4,32,width,4,8,imag,2,2,0,0.00212580920197,0.0,0.0239950511605,-0.0129375392571,0.0249305795878,-0.00997462961823,-0.0103889349848,0.0295806638896,0.0239950511605,0.0129375392571,0.364376217127,0.0,0.353069067001,0.0399065651,-0.304337143898,0.27887019515,0.0249305795878,0.00997462961823,0.353069067001,-0.0399065651,0.348366528749,0.0,-0.265691608191,0.304337590933,-0.0103889349848,-0.0295806638896,-0.304337143898,-0.27887019515,-0.265691608191,-0.304337590933,0.478245943785,0.0
1630632786907105728,height,4,32,width,4,8,imag,2,2,0,3.24024331348e-05,0.0,6.23868245953e-08,9.53007273097e-08,-2.10375006304e-07,-2.22922750481e-07,-1.00462056452e-08,-1.94586586844e-08,6.23868245953e-08,-9.53007273097e-08,3.62472928828e-05,0.0,8.8022915179e-08,-5.01001551356e-08,1.33072433073e-07,-1.92500337448e-07,-2.10375006304e-07,2.22922750481e-07,8.8022915179e-08,5.01001551356e-08,3.67309512512e-05,0.0,3.89649130739e-07,1.91660717519e-07,-1.00462056452e-08,1.94586586844e-08,1.33072433073e-07,1.92500337448e-07,3.89649130739e-07,-1.91660717519e-07,3.7047524529e-05,0.0
1630632786910588842,height,4,32,width,4,8,imag,2,2,0,3.2146625017e-05,0.0,-1.44404353364e-07,-1.07906885205e-07,-9.05165720155e-08,-2.17781618517e-07,5.04682482472e-08,1.82766513035e-08,-1.44404353364e-07,1.07906885205e-07,3.58720535587e-05,0.0,1.51277433247e-07,-1.25027369791e-07,4.7825750471e-08,-5.5673304189e-08,-9.05165720155e-08,2.17781618517e-07,1.51277433247e-07,1.25027369791e-07,3.66320891771e-05,0.0,3.87748229969e-07,1.37874408779e-07,5.04682482472e-08,-1.82766513035e-08,4.7825750471e-08,5.5673304189e-08,3.87748229969e-07,-1.37874408779e-07,3.71459791495e-05,0.0
1630632787064218181,height,4,32,width,4,8,imag,2,2,0,0.00211581611075,0.0,0.0237729549408,-0.0129853971303,0.0247340034693,-0.010001915507,-0.0100716715679,0.0294731669128,0.0237729549408,0.0129853971303,0.361898988485,0.0,0.350497633219,0.0401568487287,-0.30119779706,0.277820169926,0.0247340034693,0.010001915507,0.350497633219,-0.0401568487287,0.345820099115,0.0,-0.262217104435,0.303260117769,-0.0100716715679,-0.0294731669128,-0.30119779706,-0.277820169926,-0.262217104435,-0.303260117769,0.474710911512,0.0
1630632787161373988,height,4,32,width,4,8,imag,2,2,0,3.20037979691e-05,0.0,-7.7739009896e-08,-7.33329486025e-08,1.55804595892e-08,-1.53300405703e-09,1.81844953318e-07,-1.30116522001e-08,-7.7739009896e-08,7.33329486025e-08,3.58947436325e-05,0.0,-5.88513096034e-08,-1.05279429619e-08,2.31851227106e-09,1.10187121649e-08,1.55804595892e-08,1.53300405703e-09,-5.88513096034e-08,1.05279429619e-08,3.61994570994e-05,0.0,3.2377744219e-07,1.17818075296e-07,1.81844953318e-07,1.30116522001e-08,2.31851227106e-09,-1.10187121649e-08,3.2377744219e-07,-1.17818075296e-07,3.73299262719e-05,0.0
1630632787173496223,height,4,32,width,4,8,imag,2,2,0,3.18907514156e-05,0.0,-3.84076557225e-08,1.47806446193e-07,-1.1976293024e-07,-2.00721899546e-07,9.35738739827e-08,-2.8533827745e-08,-3.84076557225e-08,-1.47806446193e-07,3.59206060239e-05,0.0,-1.04819903868e-07,2.59192378671e-09,8.08499152072e-08,-2.44853225695e-07,-1.1976293024e-07,2.00721899546e-07,-1.04819903868e-07,-2.59192378671e-09,3.65980449715e-05,0.0,3.1271105172e-07,1.25130895867e-07,9.35738739827e-08,2.8533827745e-08,8.08499152072e-08,2.44853225695e-07,3.1271105172e-07,-1.25130895867e-07,3.75761919713e-05,0.0
1630632787237565633,height,4,32,width,4,8,imag,2,2,0,0.00211414601654,0.0,0.0236859191209,-0.01315098349,0.0246307495981,-0.0102479178458,-0.0101291611791,0.0294475462288,0.0236859191209,0.01315098349,0.361663460732,0.0,0.350615620613,0.0391434282064,-0.303490281105,0.274712473154,0.0246307495981,0.0102479178458,0.350615620613,-0.0391434282064,0.345911234617,0.0,-0.265734434128,0.299894928932,-0.0101291611791,-0.0294475462288,-0.303490281105,-0.274712473154,-0.265734434128,-0.299894928932,0.474393665791,0.0
1630632787409633836,height,4,32,width,4,8,imag,2,2,0,0.00211463053711,0.0,0.0238074474037,-0.0129400929436,0.024706473574,-0.0101117743179,-0.00970918312669,0.0295957904309,0.0238074474037,0.0129400929436,0.362367391586,0.0,0.351261675358,0.0380074046552,-0.297705173492,0.28249296546,0.024706473574,0.0101117743179,0.351261675358,-0.0380074046552,0.346391350031,0.0,-0.260231614113,0.30584949255,-0.00970918312669,-0.0295957904309,-0.297705173492,-0.28249296546,-0.260231614113,-0.30584949255,0.47518107295,0.0
1630632787424558036,height,4,32,width,4,8,imag,2,2,0,3.21587285725e-05,0.0,-4.99638410645e-08,3.9121502482e-08,-1.4513985036e-07,1.14345588997e-07,1.334169486e-08,6.30061336437e-08,-4.99638410645e-08,-3.9121502482e-08,3.58389443136e-05,0.0,7.97600563374e-08,-3.92118302273e-08,1.5105968032e-07,-1.77199126483e-07,-1.4513985036e-07,-1.14345588997e-07,7.97600563374e-08,3.92118302273e-08,3.63745130016e-05,0.0,4.0196533746e-07,-1.86490467513e-09,1.334169486e-08,-6.30061336437e-08,1.5105968032e-07,1.77199126483e-07,4.0196533746e-07,1.86490467513e-09,3.74807641492e-05,0.0
1630632787431378222,height,4,32,width,4,8,imag,2,2,0,3.1925363146e-05,0.0,3.73281388022e-08,-1.18045562658e-07,2.79013416815e-08,-8.37755180783e-08,-1.44035709582e-07,-2.4609713023e-07,3.73281388022e-08,1.18045562658e-07,3.60680023732e-05,0.0,2.25265517351e-09,-3.32808724579e-07,-1.03602999957e-07,1.59860505278e-07,2.79013416815e-08,8.37755180783e-08,2.25265517351e-09,3.32808724579e-07,3.65246960428e-05,0.0,6.58630028738e-07,2.0425707703e-07,-1.44035709582e-07,2.4609713023e-07,-1.03602999957e-07,-1.59860505278e-07,6.58630028738e-07,-2.0425707703e-07,3.73659058823e-05,0.0
1630632787584028627,height,4,32,width,4,8,imag,2,2,0,0.00211365055293,0.0,0.0237156376243,-0.0131085654721,0.0246416386217,-0.0102646285668,-0.00972824450582,0.0295819770545,0.0237156376243,0.0131085654721,0.361964046955,0.0,0.351065963507,0.0383105687797,-0.299517244101,0.279700398445,0.0246416386217,0.0102646285668,0.351065963507,-0.0383105687797,0.346355050802,0.0,-0.262143492699,0.303739160299,-0.00972824450582,-0.0295819770545,-0.299517244101,-0.279700398445,-0.262143492699,-0.303739160299,0.474745392799,0.0
1630632787682239160,height,4,32,width,4,8,imag,2,2,0,3.21635670844e-05,0.0,1.08699950374e-07,1.5795149011e-07,7.23590076745e-08,-1.55501087562e-08,2.21656915045e-09,4.98757160017e-08,1.08699950374e-07,-1.5795149011e-07,3.6249653931e-05,0.0,1.44057182183e-07,-3.89790137945e-08,1.11485597643e-07,-7.65767609323e-08,7.23590076745e-08,1.55501087562e-08,1.44057182183e-07,3.89790137945e-08,3.67903667211e-05,0.0,2.22253717652e-07,2.11450952747e-07,2.21656915045e-09,-4.98757160017e-08,1.11485597643e-07,7.65767609323e-08,2.22253717652e-07,-2.11450952747e-07,3.73473958462e-05,0.0
1630632787693241332,height,4,32,width,4,8,imag,2,2,0,3.18921593134e-05,0.0,1.27164753394e-07,-1.39114064268e-07,-3.37558780927e-09,-1.25685232888e-07,1.05444669884e-07,-3.37088039259e-07,1.27164753394e-07,1.39114064268e-07,3.59146979463e-05,0.0,2.69083821891e-09,1.67741838197e-08,-1.32181385837e-08,-2.77562772766e-08,-3.37558780927e-09,1.25685232888e-07,2.69083821891e-09,-1.67741838197e-08,3.65128253179e-05,0.0,2.54893734564e-07,2.11014025808e-07,1.05444669884e-07,3.37088039259e-07,-1.32181385837e-08,2.77562772766e-08,2.54893734564e-07,-2.11014025808e-07,3.7554440496e-05,0.0
1630632787757541184,height,4,32,width,4,8,imag,2,2,0,0.00211765756831,0.0,0.0236470568925,-0.0131872938946,0.0246591139585,-0.010263543576,-0.00951234344393,0.0296354275197,0.0236470568925,0.0131872938946,0.361032605171,0.0,0.350366055965,0.0396259576082,-0.297798663378,0.28005862236,0.0246591139585,0.010263543576,0.350366055965,-0.0396259576082,0.346255153418,0.0,-0.259517461061,0.305233031511,-0.00951234344393,-0.0296354275197,-0.297798663378,-0.28005862236,-0.259517461061,-0.305233031511,0.473751097918,0.0
1630632787917998628,height,4,32,width,4,8,imag,2,2,0,0.00211365404539,0.0,0.023683886975,-0.0131535055116,0.0246134195477,-0.0102999024093,-0.00951361935586,0.0296298637986,0.023683886975,0.0131535055116,0.361839979887,0.0,0.350874453783,0.038428556174,-0.297970235348,0.280983179808,0.0246134195477,0.0102999024093,0.350874453783,-0.038428556174,0.346110165119,0.0,-0.260283917189,0.30481544137,-0.00951361935586,-0.0296298637986,-0.297970235348,-0.280983179808,-0.260283917189,-0.30481544137,0.474232852459,0.0
1630632787950172884,height,4,32,width,4,8,imag,2,2,0,3.18038764817e-05,0.0,1.56135072871e-07,-1.49631858903e-07,-4.02218240936e-08,-1.36838593789e-07,1.0812260598e-07,-1.56829557341e-07,1.56135072871e-07,1.49631858903e-07,3.57884673576e-05,0.0,5.45675220565e-08,5.33408943681e-08,-2.67723521574e-07,-1.41800370557e-07,-4.02218240936e-08,1.36838593789e-07,5.45675220565e-08,-5.33408943681e-08,3.62278406101e-05,0.0,3.92866610355e-07,-8.49445100926e-08,1.0812260598e-07,1.56829557341e-07,-2.67723521574e-07,1.41800370557e-07,3.92866610355e-07,8.49445100926e-08,3.76600692107e-05,0.0
1630632788023382014,height,4,32,width,4,8,imag,2,2,0,3.23793501593e-05,0.0,1.44084367548e-07,-1.60138242222e-07,-2.18279453179e-07,-6.77251010828e-09,1.7200244784e-08,-1.4050124264e-07,1.44084367548e-07,1.60138242222e-07,3.56665987056e-05,0.0,7.46822337305e-08,-2.20094491965e-07,-2.51893581549e-08,-2.55117669212e-07,-2.18279453179e-07,6.77251010828e-09,7.46822337305e-08,2.20094491965e-07,3.63330182154e-05,0.0,2.96194258453e-07,-4.5037864993e-08,1.7200244784e-08,1.4050124264e-07,-2.51893581549e-08,2.55117669212e-07,2.96194258453e-07,4.5037864993e-08,3.72777722077e-05,0.0
1630632788181493787,height,4,32,width,4,8,imag,2,2,0,0.00213002180681,0.0,0.0238735657185,-0.013205784373,0.0248009916395,-0.0104076871648,-0.00964427553117,0.0298407003284,0.0238735657185,0.013205784373,0.364952921867,0.0,0.353933125734,0.0376917496324,-0.300787359476,0.283748239279,0.0248009916395,0.0104076871648,0.353933125734,-0.0376917496324,0.349114507437,0.0,-0.26371306181,0.307045757771,-0.00964427553117,-0.0298407003284,-0.300787359476,-0.283748239279,-0.26371306181,-0.307045757771,0.478457123041,0.0
1630632788208690383,height,4,32,width,4,8,imag,2,2,0,3.2325155189e-05,0.0,-1.22855738027e-07,-2.87990040704e-08,2.6237159112e-09,-1.92530549725e-07,4.33092367302e-07,1.60835739393e-07,-1.22855738027e-07,2.87990040704e-08,3.59004188795e-05,0.0,-1.21473703985e-07,-1.55112957145e-07,-8.72770016258e-08,-8.34798115079e-08,2.6237159112e-09,1.92530549725e-07,-1.21473703985e-07,1.55112957145e-07,3.5957491491e-05,0.0,-2.05253911645e-08,3.22775264294e-08,4.33092367302e-07,-1.60835739393e-07,-8.72770016258e-08,8.34798115079e-08,-2.05253911645e-08,-3.22775264294e-08,3.73041475541e-05,0.0
1630632788254479588,height,4,32,width,4,8,imag,2,2,0,3.19239261444e-05,0.0,2.22207390266e-07,-1.98375900595e-07,-3.61476004684e-08,2.55992119946e-07,1.59459702331e-07,1.21901511108e-08,2.22207390266e-07,1.98375900595e-07,3.58476645488e-05,0.0,-9.37141493296e-08,-9.63210844418e-09,-7.84270213217e-08,1.52519859853e-07,-3.61476004684e-08,-2.55992119946e-07,-9.37141493296e-08,9.63210844418e-09,3.65369378414e-05,0.0,5.0718631428e-07,1.20913099977e-07,1.59459702331e-07,-1.21901511108e-08,-7.84270213217e-08,-1.52519859853e-07,5.0718631428e-07,-1.20913099977e-07,3.71712012566e-05,0.0
1630632788417466557,height,4,32,width,4,8,imag,2,2,0,3.18880556733e-05,0.0,-7.93487444639e-08,2.50898949616e-07,-1.61301855428e-07,8.07857318819e-08,-5.7671634579e-08,1.50603334248e-08,-7.93487444639e-08,-2.50898949616e-07,3.59692894563e-05,0.0,4.34434088703e-09,-5.71477940525e-08,-4.56072726251e-08,1.09087373801e-07,-1.61301855428e-07,-8.07857318819e-08,4.34434088703e-09,5.71477940525e-08,3.64295192412e-05,0.0,5.27570023223e-07,3.09181258373e-09,-5.7671634579e-08,-1.50603334248e-08,-4.56072726251e-08,-1.09087373801e-07,5.27570023223e-07,-3.09181258373e-09,3.75723939214e-05,0.0
1630632788462922130,height,4,32,width,4,8,imag,2,2,0,0.000965323532,0.0,0.0106326453388,-0.00588197587058,0.0110343582928,-0.00463024573401,-0.00428901659325,0.013282394968,0.0106326453388,0.00588197587058,0.162163555622,0.0,0.15737645328,0.0168688949198,-0.133455663919,0.125796332955,0.0110343582928,0.00463024573401,0.15737645328,-0.0168688949198,0.15526714921,0.0,-0.116943143308,0.136279553175,-0.00428901659325,-0.013282394968,-0.133455663919,-0.125796332955,-0.116943143308,-0.136279553175,0.212641537189,0.0
1630632788478497422,height,4,32,width,4,8,imag,2,2,0,3.19395185215e-05,0.0,3.79449964782e-08,4.48715802293e-08,-7.53148725607e-08,-5.63869448911e-08,-6.10971682136e-08,1.39977615277e-07,3.79449964782e-08,-4.48715802293e-08,3.60243575415e-05,0.0,-1.9462522971e-07,-1.68464524108e-07,2.53924135052e-08,2.78900643025e-07,-7.53148725607e-08,5.63869448911e-08,-1.9462522971e-07,1.68464524108e-07,3.63934850611e-05,0.0,3.3674604083e-07,1.75274209369e-07,-6.10971682136e-08,-1.39977615277e-07,2.53924135052e-08,-2.78900643025e-07,3.3674604083e-07,-1.75274209369e-07,3.69922854588e-05,0.0
1630632788581972536,height,4,32,width,4,8,imag,2,2,0,3.20806429954e-05,0.0,7.62966578804e-09,-1.79529948241e-07,-1.25150254604e-08,1.96426825028e-07,-1.27251382764e-07,4.5358813594e-08,7.62966578804e-09,1.79529948241e-07,3.59840087185e-05,0.0,1.76557009013e-08,-5.30969828105e-08,6.35244745695e-09,1.99488070507e-07,-1.25150254604e-08,-1.96426825028e-07,1.76557009013e-08,5.30969828105e-08,3.66462736565e-05,0.0,2.2829917512e-08,1.35980755545e-07,-1.27251382764e-07,-4.5358813594e-08,6.35244745695e-09,-1.99488070507e-07,2.2829917512e-08,-1.35980755545e-07,3.7277208321e-05,0.0
1630632788713561540,height,4,32,width,4,8,imag,2,2,0,3.19660684909e-05,0.0,2.33236747249e-07,6.5086318557e-08,-4.02557311929e-08,1.42209742648e-07,3.60495882035e-08,-2.02234275548e-07,2.33236747249e-07,-6.5086318557e-08,3.64560182788e-05,0.0,1.54807622721e-07,-8.56615045564e-08,1.07326002308e-07,-7.94907393242e-08,-4.02557311929e-08,-1.42209742648e-07,1.54807622721e-07,8.56615045564e-08,3.64556872228e-05,0.0,1.71325439169e-07,-1.33602213737e-08,3.60495882035e-08,2.02234275548e-07,1.07326002308e-07,7.94907393242e-08,1.71325439169e-07,1.33602213737e-08,3.70877241949e-05,0.0
1630632788728746739,height,4,32,width,4,8,imag,2,2,0,3.22292871715e-05,0.0,1.26544009049e-07,-8.08921782891e-08,9.66702771166e-08,-1.46829037817e-07,7.96319525875e-08,1.72821074784e-07,1.26544009049e-07,8.08921782891e-08,3.62397368008e-05,0.0,2.29157336662e-07,9.03631871552e-08,7.40865289117e-08,-7.65071206388e-08,9.66702771166e-08,1.46829037817e-07,2.29157336662e-07,-9.03631871552e-08,3.63698454748e-05,0.0,3.22003700148e-07,-1.03999930445e-07,7.96319525875e-08,-1.72821074784e-07,7.40865289117e-08,7.65071206388e-08,3.22003700148e-07,1.03999930445e-07,3.69165791199e-05,0.0
1630632788746431301,height,4,32,width,4,8,imag,2,2,0,3.18423481076e-05,0.0,7.5023365298e-08,-2.9784487765e-07,-1.46473482232e-07,1.61913888519e-07,-2.36646741314e-07,-2.93022566211e-07,7.5023365298e-08,2.9784487765e-07,3.59449368261e-05,0.0,1.00228540134e-07,-3.62945002053e-07,-2.34297615975e-07,-9.09340442945e-08,-1.46473482232e-07,-1.61913888519e-07,1.00228540134e-07,3.62945002053e-07,3.65695268556e-05,0.0,3.47954568269e-07,-1.34376350047e-07,-2.36646741314e-07,2.93022566211e-07,-2.34297615975e-07,9.09340442945e-08,3.47954568269e-07,1.34376350047e-07,3.70818124793e-05,0.0
1630632788910282130,height,4,32,width,4,8,imag,2,2,0,3.17720077874e-05,0.0,2.1129820027e-07,-3.20167856671e-07,-7.01688804838e-08,-1.61735680404e-09,7.63376988289e-08,-6.63933041878e-09,2.1129820027e-07,3.20167856671e-07,3.57002645615e-05,0.0,-1.25860950106e-07,-1.51000634219e-07,-4.42445760029e-08,-8.78853043673e-08,-7.01688804838e-08,1.61735680404e-09,-1.25860950106e-07,1.51000634219e-07,3.64170882676e-05,0.0,3.17563490171e-07,-1.55629820142e-07,7.63376988289e-08,6.63933041878e-09,-4.42445760029e-08,8.78853043673e-08,3.17563490171e-07,1.55629820142e-07,3.73159746232e-05,0.0
1630632788932431201,height,4,32,width,4,8,imag,2,2,0,3.17601479765e-05,0.0,-1.11287960181e-07,1.83961574862e-07,-1.70407247424e-07,2.4888217709e-08,4.89787552738e-08,1.78579966814e-07,-1.11287960181e-07,-1.83961574862e-07,3.61730271834e-05,0.0,-1.63553295351e-07,-2.81898223875e-07,-8.14345213485e-08,-5.29216581668e-09,-1.70407247424e-07,-2.4888217709e-08,-1.63553295351e-07,2.81898223875e-07,3.65283813153e-05,0.0,1.8565278026e-07,-4.49278054759e-08,4.89787552738e-08,-1.78579966814e-07,-8.14345213485e-08,5.29216581668e-09,1.8565278026e-07,4.49278054759e-08,3.75109993911e-05,0.0
1630632788994637623,height,4,32,width,4,8,imag,2,2,0,3.19393620885e-05,0.0,1.5825725086e-07,-1.56093207693e-07,-9.4466535927e-08,2.16166178291e-08,-1.06443053483e-07,9.04560621962e-08,1.5825725086e-07,1.56093207693e-07,3.57041863026e-05,0.0,-4.93596319373e-09,-3.04383178218e-07,-1.3525249809e-09,2.95453403965e-08,-9.4466535927e-08,-2.16166178291e-08,-4.93596319373e-09,3.04383178218e-07,3.6366895074e-05,0.0,5.2221793112e-08,1.45884328617e-07,-1.06443053483e-07,-9.04560621962e-08,-1.3525249809e-09,-2.95453403965e-08,5.2221793112e-08,-1.45884328617e-07,3.70731759176e-05,0.0
1630632789085373378,height,4,32,width,4,8,imag,2,2,0,3.22510350088e-05,0.0,9.09902766466e-08,1.10371178863e-08,-1.67369719861e-07,1.1907950892e-07,-9.20777409874e-08,2.79767874645e-07,9.09902766466e-08,-1.10371178863e-08,3.59547921107e-05,0.0,-9.92171251823e-08,-1.64211826359e-08,-8.31862720929e-08,7.31603755355e-09,-1.67369719861e-07,-1.1907950892e-07,-9.92171251823e-08,1.64211826359e-08,3.64628140233e-05,0.0,2.81969931848e-07,1.11072694153e-07,-9.20777409874e-08,-2.79767874645e-07,-8.31862720929e-08,-7.31603755355e-09,2.81969931848e-07,-1.11072694153e-07,3.74245282728e-05,0.0
1630632789195553064,height,4,32,width,4,8,imag,2,2,0,3.18827733281e-05,0.0,-1.77911104515e-07,-4.53837607495e-08,2.05291410538e-08,-2.55439914554e-07,-8.20050729544e-08,-4.19806021057e-08,-1.77911104515e-07,4.53837607495e-08,3.59540936188e-05,0.0,6.57914824842e-08,2.55908560121e-07,-1.26350386154e-07,2.68783452384e-07,2.05291410538e-08,2.55439914554e-07,6.57914824842e-08,-2.55908560121e-07,3.6227851524e-05,0.0,-6.87278998157e-08,-1.04868838946e-07,-8.20050729544e-08,4.19806021057e-08,-1.26350386154e-07,-2.68783452384e-07,-6.87278998157e-08,1.04868838946e-07,3.75807867385e-05,0.0
1630632789251085341,height,4,32,width,4,8,imag,2,2,0,0.000665076251607,0.0,0.00719539169222,-0.00401626713574,0.0074867894873,-0.00312106567435,-0.0032482650131,0.00890532881021,0.00719539169222,0.00401626713574,0.110020317137,0.0,0.106600478292,0.0120810614899,-0.0940698757768,0.0816998779774,0.0074867894873,0.00312106567435,0.106600478292,-0.0120810614899,0.1051832214,0.0,-0.0826122239232,0.0897443369031,-0.0032482650131,-0.00890532881021,-0.0940698757768,-0.0816998779774,-0.0826122239232,-0.0897443369031,0.144553124905,0.0
1630632789259720393,height,4,32,width,4,8,imag,2,2,0,3.22421437886e-05,0.0,2.46375975621e-07,1.57844453952e-07,1.72209880134e-07,-2.92939461133e-07,1.00941592862e-08,1.19526745834e-07,2.46375975621e-07,-1.57844453952e-07,3.58044562745e-05,0.0,4.20351362607e-08,-1.21508506368e-07,8.06299809142e-08,4.18172135142e-07,1.72209880134e-07,2.92939461133e-07,4.20351362607e-08,1.21508506368e-07,3.64952720702e-05,0.0,2.81949127157e-07,1.98652401195e-07,1.00941592862e-08,-1.19526745834e-07,8.06299809142e-08,-4.18172135142e-07,2.81949127157e-07,-1.98652401195e-07,3.69552653865e-05,0.0
1630632789412396344,height,4,32,width,4,8,imag,2,2,0,0.00212729885243,0.0,0.0240356139839,-0.0128916064277,0.0249771252275,-0.00987937953323,-0.0102821085602,0.0296326186508,0.0240356139839,0.0128916064277,0.36444747448,0.0,0.352995276451,0.04049635306,-0.302563130856,0.280668824911,0.0249771252275,0.00987937953323,0.352995276451,-0.04049635306,0.348296403885,0.0,-0.263211041689,0.306272149086,-0.0102821085602,-0.0296326186508,-0.302563130856,-0.280668824911,-0.263211041689,-0.306272149086,0.478275001049,0.0
1630632789464683997,height,4,32,width,4,8,imag,2,2,0,3.23707099597e-05,0.0,1.05900063829e-07,-3.64733310221e-08,-9.79480532237e-08,-7.01047353502e-09,3.21354853838e-08,1.49853519815e-07,1.05900063829e-07,3.64733310221e-08,3.62376849807e-05,0.0,8.68515570573e-08,-3.61629446388e-08,1.14576252486e-07,-1.27092576463e-07,-9.79480532237e-08,7.01047353502e-09,8.68515570573e-08,3.61629446388e-08,3.64876723324e-05,0.0,1.40091472645e-07,3.29396840471e-07,3.21354853838e-08,-1.49853519815e-07,1.14576252486e-07,1.27092576463e-07,1.40091472645e-07,-3.29396840471e-07,3.72987706214e-05,0.0
1630632789526759431,height,4,32,width,4,8,imag,2,2,0,3.22842388414e-05,0.0,5.70504141706e-08,-1.00329977215e-07,-2.05350048077e-07,1.65374586913e-07,4.14364542678e-08,1.83367898643e-08,5.70504141706e-08,1.00329977215e-07,3.6221670598e-05,0.0,2.75401017547e-08,-1.71785572434e-07,1.53704078798e-07,4.26461390646e-08,-2.05350048077e-07,-1.65374586913e-07,2.75401017547e-08,1.71785572434e-07,3.63892613677e-05,0.0,3.02775333694e-07,1.65837960253e-07,4.14364542678e-08,-1.83367898643e-08,1.53704078798e-07,-4.26461390646e-08,3.02775333694e-07,-1.65837960253e-07,3.73501352442e-05,0.0
1630632789583732195,height,4,32,width,4,8,imag,2,2,0,0.00211308710277,0.0,0.0236596949399,-0.013190889731,0.0246049165726,-0.0102869607508,-0.0100723775104,0.0294564496726,0.0236596949399,0.013190889731,0.361705750227,0.0,0.350597947836,0.0391564071178,-0.303515434265,0.274718254805,0.0246049165726,0.0102869607508,0.350597947836,-0.0391564071178,0.345842659473,0.0,-0.265701204538,0.299873441458,-0.0100723775104,-0.0294564496726,-0.303515434265,-0.274718254805,-0.265701204538,-0.299873441458,0.474390715361,0.0
1630632789737208342,height,4,32,width,4,8,imag,2,2,0,3.22189334838e-05,0.0,-2.28361159316e-07,8.09012306036e-08,-2.1525212901e-07,-2.87599903004e-07,1.62436577966e-07,5.98064389123e-08,-2.28361159316e-07,-8.09012306036e-08,3.58091638191e-05,0.0,1.83099814421e-07,1.4301798501e-07,1.07150420092e-07,5.00789276714e-08,-2.1525212901e-07,2.87599903004e-07,1.83099814421e-07,-1.4301798501e-07,3.65050291293e-05,0.0,3.69780849496e-07,1.05613992218e-07,1.62436577966e-07,-5.98064389123e-08,1.07150420092e-07,-5.00789276714e-08,3.69780849496e-07,-1.05613992218e-07,3.70444722648e-05,0.0
1630632789749359418,height,4,32,width,4,8,imag,2,2,0,0.0021127127111,0.0,0.0237974580377,-0.0129374573007,0.024697676301,-0.0101037211716,-0.00970542337745,0.0295851808041,0.0237974580377,0.0129374573007,0.36240452528,0.0,0.351267188787,0.0380677655339,-0.297739416361,0.282486528158,0.024697676301,0.0101037211716,0.351267188787,-0.0380677655339,0.34638518095,0.0,-0.260205984116,0.305868536234,-0.00970542337745,-0.0295851808041,-0.297739416361,-0.282486528158,-0.260205984116,-0.305868536234,0.475190579891,0.0
1630632789794399367,height,4,32,width,4,8,imag,2,2,0,3.17674457619e-05,0.0,-9.91137483197e-08,2.97124547188e-08,1.33876966402e-07,9.77514247325e-08,-2.12599317706e-07,-5.03437149746e-08,-9.91137483197e-08,-2.97124547188e-08,3.60080448445e-05,0.0,1.01068451386e-07,7.76215500764e-08,-7.32131510972e-08,-2.68038775175e-07,1.33876966402e-07,-9.77514247325e-08,1.01068451386e-07,-7.76215500764e-08,3.65844025509e-05,0.0,1.62890998467e-07,2.89574131784e-07,-2.12599317706e-07,5.03437149746e-08,-7.32131510972e-08,2.68038775175e-07,1.62890998467e-07,-2.89574131784e-07,3.72415997845e-05,0.0
1630632789898236792,height,4,32,width,4,8,imag,2,2,0,0.00212950748391,0.0,0.0240157525986,-0.0129483127967,0.0249505266547,-0.0099845873192,-0.0104015683755,0.0295991804451,0.0240157525986,0.0129483127967,0.364389181137,0.0,0.353061467409,0.0398801155388,-0.304301083088,0.278858006001,0.0249505266547,0.0099845873192,0.353061467409,-0.0398801155388,0.348333984613,0.0,-0.265673577785,0.304275691509,-0.0104015683755,-0.0295991804451,-0.304301083088,-0.278858006001,-0.265673577785,-0.304275691509,0.47815439105,0.0
1630632789917419424,height,4,32,width,4,8,imag,2,2,0,0.0021192887798,0.0,0.0236697699875,-0.0131642511114,0.0246805418283,-0.0102417189628,-0.00954659376293,0.0296371746808,0.0236697699875,0.0131642511114,0.361055850983,0.0,0.350400000811,0.0396016873419,-0.297764062881,0.280076891184,0.0246805418283,0.0102417189628,0.350400000811,-0.0396016873419,0.346295952797,0.0,-0.259520828724,0.305233836174,-0.00954659376293,-0.0296371746808,-0.297764062881,-0.280076891184,-0.259520828724,-0.305233836174,0.473704606295,0.0
1630632790064031763,height,4,32,width,4,8,imag,2,2,0,0.00211335392669,0.0,0.0236800387502,-0.0131561653689,0.0246212333441,-0.0102511197329,-0.0101190106943,0.0294432528317,0.0236800387502,0.0131561653689,0.361669927835,0.0,0.350573569536,0.0391397364438,-0.303506374359,0.274697214365,0.0246212333441,0.0102511197329,0.350573569536,-0.0391397364438,0.345825910568,0.0,-0.265723526478,0.299850612879,-0.0101190106943,-0.0294432528317,-0.303506374359,-0.274697214365,-0.265723526478,-0.299850612879,0.474415928125,0.0
1630632790064536243,height,4,32,width,4,8,imag,2,2,0,3.2182164432e-05,0.0,-2.40340671809e-08,-7.96289185701e-08,8.43311482868e-08,9.41913782526e-08,2.78632548145e-08,3.43551995741e-08,-2.40340671809e-08,7.96289185701e-08,3.55022348231e-05,0.0,8.76283650086e-08,-3.68083533431e-07,5.73903164991e-08,2.05353202887e-07,8.43311482868e-08,-9.41913782526e-08,8.76283650086e-08,3.68083533431e-07,3.64581064787e-05,0.0,3.22963096266e-08,9.54370733552e-08,2.78632548145e-08,-3.43551995741e-08,5.73903164991e-08,-2.05353202887e-07,3.22963096266e-08,-9.54370733552e-08,3.73037073587e-05,0.0
1630632790083016439,height,4,32,width,4,8,imag,2,2,0,0.000966941239312,0.0,0.0106354923919,-0.00589788053185,0.0110386898741,-0.00464554270729,-0.00427891919389,0.0132976081222,0.0106354923919,0.00589788053185,0.162171930075,0.0,0.157390922308,0.0168657936156,-0.133464187384,0.125792562962,0.0110386898741,0.00464554270729,0.157390922308,-0.0168657936156,0.155283346772,0.0,-0.116963416338,0.136273860931,-0.00427891919389,-0.0132976081222,-0.133464187384,-0.125792562962,-0.116963416338,-0.136273860931,0.21264308691,0.0
1630632790256908396,height,4,32,width,4,8,imag,2,2,0,3.17364902003e-05,0.0,2.79300707007e-08,1.27226272184e-07,-3.36624879083e-08,6.16437318968e-08,-3.96696755445e-08,2.19926121758e-07,2.79300707007e-08,-1.27226272184e-07,3.58001452696e-05,0.0,-1.30843273993e-08,2.0883911489e-08,1.03849416178e-07,5.74517216023e-08,-3.36624879083e-08,-6.16437318968e-08,-1.30843273993e-08,-2.0883911489e-08,3.66392014257e-05,0.0,3.77099439675e-07,2.02115497672e-08,-3.96696755445e-08,-2.19926121758e-07,1.03849416178e-07,-5.74517216023e-08,3.77099439675e-07,-2.02115497672e-08,3.72459217033e-05,0.0
1630632790331565331,height,4,32,width,4,8,imag,2,2,0,0.00211253296584,0.0,0.0237838122994,-0.0129577396438,0.0246836468577,-0.0101271076128,-0.00968169327825,0.0295897349715,0.0237838122994,0.0129577396438,0.362428963184,0.0,0.351262360811,0.038056191057,-0.297755122185,0.282505810261,0.0246836468577,0.0101271076128,0.351262360811,-0.038056191057,0.346351385117,0.0,-0.260199278593,0.305858165026,-0.00968169327825,-0.0295897349715,-0.297755122185,-0.282505810261,-0.260199278593,-0.305858165026,0.475212097168,0.0
1630632790331946388,height,4,32,width,4,8,imag,2,2,0,3.16836812999e-05,0.0,7.43189616514e-08,5.22668797132e-09,-8.02207864581e-08,-2.47098288497e-08,-7.47017523395e-08,-2.17308539163e-07,7.43189616514e-08,-5.22668797132e-09,3.59810728696e-05,0.0,-1.53094887878e-07,-1.83240061347e-07,1.67706950549e-08,-2.86099890445e-07,-8.02207864581e-08,2.47098288497e-08,-1.53094887878e-07,1.83240061347e-07,3.65026426152e-05,0.0,8.83088588921e-08,-8.64589537741e-08,-7.47017523395e-08,2.17308539163e-07,1.67706950549e-08,2.86099890445e-07,8.83088588921e-08,8.64589537741e-08,3.74278351956e-05,0.0
1630632790421382025,height,4,32,width,4,8,imag,2,2,0,3.19386781484e-05,0.0,-1.25675740037e-07,9.19379417041e-08,-8.78726158504e-09,1.72077861293e-07,3.36140061563e-07,4.71032777227e-08,-1.25675740037e-07,-9.19379417041e-08,3.57586832251e-05,0.0,7.07757352725e-10,2.67115241037e-09,8.06876343518e-08,1.26944271983e-07,-8.78726158504e-09,-1.72077861293e-07,7.07757352725e-10,-2.67115241037e-09,3.63271647075e-05,0.0,4.02030565283e-07,1.31546826765e-07,3.36140061563e-07,-4.71032777227e-08,8.06876343518e-08,-1.26944271983e-07,4.02030565283e-07,-1.31546826765e-07,3.75449162675e-05,0.0
1630632790563383832,height,4,32,width,4,8,imag,2,2,0,0.00211113970727,0.0,0.0236767083406,-0.0131361214444,0.0246071442962,-0.010280771181,-0.00952325761318,0.0296128410846,0.0236767083406,0.0131361214444,0.361784785986,0.0,0.350851684809,0.0384722538292,-0.29795435071,0.280963510275,0.0246071442962,0.010280771181,0.350851684809,-0.0384722538292,0.346127659082,0.0,-0.260254353285,0.304869055748,-0.00952325761318,-0.0296128410846,-0.29795435071,-0.280963510275,-0.260254353285,-0.304869055748,0.474274158478,0.0
1630632790584274414,height,4,32,width,4,8,imag,2,2,0,3.21067273035e-05,0.0,1.17435128288e-07,-1.690069098e-07,-1.03275219487e-07,-3.71074051486e-08,4.76437591601e-08,1.33187128881e-07,1.17435128288e-07,1.690069098e-07,3.5857923649e-05,0.0,2.94851417948e-07,-2.50001050972e-07,-1.34842906618e-07,-3.04542950857e-08,-1.03275219487e-07,3.71074051486e-08,2.94851417948e-07,2.50001050972e-07,3.68311229977e-05,0.0,3.81629746471e-07,1.11465716657e-07,4.76437591601e-08,-1.33187128881e-07,-1.34842906618e-07,3.04542950857e-08,3.81629746471e-07,-1.11465716657e-07,3.70019988623e-05,0.0
1630632790599524847,height,4,32,width,4,8,imag,2,2,0,3.21027728205e-05,0.0,2.10810313206e-07,4.5867647458e-08,1.91397390381e-07,1.5736790715e-07,5.26642338627e-08,8.75331451766e-08,2.10810313206e-07,-4.5867647458e-08,3.5863937228e-05,0.0,-3.83300182705e-08,8.25757506817e-09,1.89504845594e-07,-1.70932594301e-07,1.91397390381e-07,-1.5736790715e-07,-3.83300182705e-08,-8.25757506817e-09,3.65288724424e-05,0.0,3.46622783809e-07,-2.53086085422e-09,5.26642338627e-08,-8.75331451766e-08,1.89504845594e-07,1.70932594301e-07,3.46622783809e-07,2.53086085422e-09,3.71387541236e-05,0.0
1630632790748204649,height,4,32,width,4,8,imag,2,2,0,3.18506099575e-05,0.0,2.00716868903e-07,-4.85908415726e-08,-1.07137552163e-07,3.47866375705e-08,7.93611150129e-08,-5.7694279576e-08,2.00716868903e-07,4.85908415726e-08,3.59652512998e-05,0.0,1.08693591017e-07,1.22707731975e-07,1.77609123853e-07,1.65761065318e-07,-1.07137552163e-07,-3.47866375705e-08,1.08693591017e-07,-1.22707731975e-07,3.67823558918e-05,0.0,3.19178326436e-07,1.45712476751e-07,7.93611150129e-08,5.7694279576e-08,1.77609123853e-07,-1.65761065318e-07,3.19178326436e-07,-1.45712476751e-07,3.72001195501e-05,0.0
1630632790754810565,height,4,32,width,4,8,imag,2,2,0,0.000968235719483,0.0,0.0106395967305,-0.00590482680127,0.0110431853682,-0.00465257046744,-0.00427474081516,0.0133048444986,0.0106395967305,0.00590482680127,0.162167489529,0.0,0.157392069697,0.0168548803777,-0.13346901536,0.125785812736,0.0110431853682,0.00465257046744,0.157392069697,-0.0168548803777,0.155286967754,0.0,-0.116978079081,0.136266708374,-0.00427474081516,-0.0133048444986,-0.13346901536,-0.125785812736,-0.116978079081,-0.136266708374,0.212647974491,0.0
1630632790866493431,height,4,32,width,4,8,imag,2,2,0,3.22644664266e-05,0.0,-2.98542413013e-09,1.63450422974e-07,-2.35058209341e-07,-6.46496589596e-09,2.80853900136e-08,8.08472790936e-08,-2.98542413013e-09,-1.63450422974e-07,3.59737568942e-05,0.0,-1.07477283962e-07,-5.81422305856e-08,7.71058594751e-08,-1.27080014067e-07,-2.35058209341e-07,6.46496589596e-09,-1.07477283962e-07,5.81422305856e-08,3.64278603229e-05,0.0,4.49165071359e-07,7.39437098218e-08,2.80853900136e-08,-8.08472790936e-08,7.71058594751e-08,1.27080014067e-07,4.49165071359e-07,-7.39437098218e-08,3.71022397303e-05,0.0
1630632790913412284,height,4,32,width,4,8,imag,2,2,0,3.21157858707e-05,0.0,-2.49968849175e-07,2.17123471202e-07,-3.13358441417e-08,-5.52885914828e-08,-6.98278128652e-08,-3.11600842906e-08,-2.49968849175e-07,-2.17123471202e-07,3.59296136594e-05,0.0,3.80651357546e-07,-1.0824306429e-07,9.15387801115e-08,1.24799754531e-07,-3.13358441417e-08,5.52885914828e-08,3.80651357546e-07,1.0824306429e-07,3.64702900697e-05,0.0,3.23055246554e-07,2.4566168122e-07,-6.98278128652e-08,3.11600842906e-08,9.15387801115e-08,-1.24799754531e-07,3.23055246554e-07,-2.4566168122e-07,3.71522692149e-05,0.0
1630632790928422060,height,4,32,width,4,8,imag,2,2,0,3.25546898239e-05,0.0,-1.00136396952e-07,1.31480049959e-07,-2.11161097496e-08,2.17146816084e-08,-2.52433522974e-07,7.39449106391e-08,-1.00136396952e-07,-1.31480049959e-07,3.57931930921e-05,0.0,1.68037352921e-08,-1.29520586256e-07,-2.41296277181e-07,-3.33210756764e-08,-2.11161097496e-08,-2.17146816084e-08,1.68037352921e-08,1.29520586256e-07,3.65865198546e-05,0.0,2.40883906599e-07,-1.78436337706e-07,-2.52433522974e-07,-7.39449106391e-08,-2.41296277181e-07,3.33210756764e-08,2.40883906599e-07,1.78436337706e-07,3.72221693397e-05,0.0
1630632791086740317,height,4,32,width,4,8,imag,2,2,0,3.18547790812e-05,0.0,-2.46750488486e-07,2.03571644875e-07,-7.21546058458e-08,-5.33796153945e-08,2.87920762787e-08,-2.47636791073e-07,-2.46750488486e-07,-2.03571644875e-07,3.60245940101e-05,0.0,1.44999887652e-07,-2.97946712635e-07,-3.44459216706e-08,2.5771235812e-08,-7.21546058458e-08,5.33796153945e-08,1.44999887652e-07,2.97946712635e-07,3.65997657354e-05,0.0,1.15676030532e-07,-2.11647801507e-07,2.87920762787e-08,2.47636791073e-07,-3.44459216706e-08,-2.5771235812e-08,1.15676030532e-07,2.11647801507e-07,3.74246010324e-05,0.0
1630632791087143648,height,4,32,width,4,8,imag,2,2,0,3.22250962199e-05,0.0,-6.70647537504e-08,-1.14190029876e-07,6.42444533128e-08,-2.05703045708e-07,1.80494964752e-07,-2.77909357749e-08,-6.70647537504e-08,1.14190029876e-07,3.62526989193e-05,0.0,5.64705153749e-08,-2.42103084247e-07,9.16231996939e-08,4.40615757213e-08,6.42444533128e-08,2.05703045708e-07,5.64705153749e-08,2.42103084247e-07,3.65530795534e-05,0.0,4.83061114664e-07,1.66988101569e-07,1.80494964752e-07,2.77909357749e-08,9.16231996939e-08,-4.40615757213e-08,4.83061114664e-07,-1.66988101569e-07,3.73653019778e-05,0.0
1630632791163228636,height,4,32,width,4,8,imag,2,2,0,3.18646525557e-05,0.0,1.92817083189e-07,-6.66522765869e-08,-1.23254693563e-07,-1.16306262399e-08,7.22384001506e-08,-7.78101352239e-08,1.92817083189e-07,6.66522765869e-08,3.63212930097e-05,0.0,-2.69260205243e-08,1.290082281e-07,-7.27804305711e-08,2.52450035987e-07,-1.23254693563e-07,1.16306262399e-08,-2.69260205243e-08,-1.290082281e-07,3.64235565939e-05,0.0,1.55506356236e-07,1.34896254167e-07,7.22384001506e-08,7.78101352239e-08,-7.27804305711e-08,-2.52450035987e-07,1.55506356236e-07,-1.34896254167e-07,3.71786009055e-05,0.0
1630632791245179588,height,4,32,width,4,8,imag,2,2,0,3.1811901863e-05,0.0,7.55563505095e-08,-5.00585102259e-08,-3.58849021609e-08,1.51669443671e-09,-3.12332275598e-08,6.15818791516e-08,7.55563505095e-08,5.00585102259e-08,3.59179357474e-05,0.0,-7.91767362784e-08,-1.08314281988e-07,1.54740035896e-07,-4.5223192302e-08,-3.58849021609e-08,-1.51669443671e-09,-7.91767362784e-08,1.08314281988e-07,3.62324281014e-05,0.0,3.47042401927e-07,5.51365424428e-08,-3.12332275598e-08,-6.15818791516e-08,1.54740035896e-07,4.5223192302e-08,3.47042401927e-07,-5.51365424428e-08,3.74606170226e-05,0.0
1630632791341510727,height,4,32,width,4,8,imag,2,2,0,3.22325176967e-05,0.0,1.43570929367e-07,3.7362843841e-07,1.26945764123e-07,-1.56034047905e-08,-2.12686202872e-07,-1.54489526949e-07,1.43570929367e-07,-3.7362843841e-07,3.59703517461e-05,0.0,-1.26745565154e-08,-6.57479915844e-07,-7.27141866719e-08,1.06037205683e-07,1.26945764123e-07,1.56034047905e-08,-1.26745565154e-08,6.57479915844e-07,3.66331587429e-05,0.0,2.68244292556e-07,2.90649666113e-07,-2.12686202872e-07,1.54489526949e-07,-7.27141866719e-08,-1.06037205683e-07,2.68244292556e-07,-2.90649666113e-07,3.70179113816e-05,0.0
1630632791406379361,height,4,32,width,4,8,imag,2,2,0,3.21185325447e-05,0.0,-7.65889573984e-09,-5.34739141855e-09,1.85811344977e-07,-9.94184077285e-08,1.70614828932e-08,-1.5815267318e-08,-7.65889573984e-09,5.34739141855e-09,3.56768468919e-05,0.0,7.39950962725e-08,3.70727981647e-08,2.01746843231e-07,-3.97612240022e-07,1.85811344977e-07,9.94184077285e-08,7.39950962725e-08,-3.70727981647e-08,3.67495158571e-05,0.0,3.10427509476e-07,1.719863576e-07,1.70614828932e-08,1.5815267318e-08,2.01746843231e-07,3.97612240022e-07,3.10427509476e-07,-1.719863576e-07,3.70503039449e-05,0.0
1630632791412785299,height,4,32,width,4,8,imag,2,2,0,3.1935494917e-05,0.0,7.34822478421e-08,-4.12618447854e-07,-4.83563766807e-08,1.67973084331e-07,-1.13135925517e-07,3.57462788259e-08,7.34822478421e-08,4.12618447854e-07,3.61134880222e-05,0.0,3.6647475099e-07,-5.79824437352e-08,-1.37915193932e-07,9.06328168071e-08,-4.83563766807e-08,-1.67973084331e-07,3.6647475099e-07,5.79824437352e-08,3.64874176739e-05,0.0,4.33556181179e-07,2.71561702903e-07,-1.13135925517e-07,-3.57462788259e-08,-1.37915193932e-07,-9.06328168071e-08,4.33556181179e-07,-2.71561702903e-07,3.7251465983e-05,0.0
1630632791479892014,height,4,32,width,4,8,imag,2,2,0,3.17680787703e-05,0.0,7.00752949001e-08,-3.2568345798e-09,-2.61423394932e-07,-2.55687496065e-07,2.00016202712e-07,-2.89817990051e-07,7.00752949001e-08,3.2568345798e-09,3.61764832633e-05,0.0,-1.43750312986e-07,8.29202093655e-08,5.07935773442e-08,-2.33120957205e-07,-2.61423394932e-07,2.55687496065e-07,-1.43750312986e-07,-8.29202093655e-08,3.69349072571e-05,0.0,9.01286369981e-08,1.63165339018e-08,2.00016202712e-07,2.89817990051e-07,5.07935773442e-08,2.33120957205e-07,9.01286369981e-08,-1.63165339018e-08,3.70531597582e-05,0.0
1630632791554296656,height,4,32,width,4,8,imag,2,2,0,3.21013503708e-05,0.0,6.58031140688e-08,1.06559269852e-07,-2.6536936204e-08,-9.19693050605e-08,-3.33722397272e-07,-1.90710949255e-07,6.58031140688e-08,-1.06559269852e-07,3.55232732545e-05,0.0,1.8114166167e-08,-1.61225358397e-07,4.53261819189e-08,1.17432719549e-07,-2.6536936204e-08,9.19693050605e-08,1.8114166167e-08,1.61225358397e-07,3.68002038158e-05,0.0,2.82685931552e-07,1.22514720147e-07,-3.33722397272e-07,1.90710949255e-07,4.53261819189e-08,-1.17432719549e-07,2.82685931552e-07,-1.22514720147e-07,3.73748443963e-05,0.0
1630632791575028380,height,4,32,width,4,8,imag,2,2,0,3.1855161069e-05,0.0,7.31706393253e-08,-1.57497879627e-07,-4.46573622526e-08,8.99153533851e-08,-1.27252889115e-07,7.09470526772e-09,7.31706393253e-08,1.57497879627e-07,3.55454540113e-05,0.0,-2.78451921076e-07,3.80082489926e-08,-6.29419716347e-08,-1.96318239887e-07,-4.46573622526e-08,-8.99153533851e-08,-2.78451921076e-07,-3.80082489926e-08,3.67362154066e-05,0.0,2.59931709934e-07,1.09581094421e-07,-1.27252889115e-07,-7.09470526772e-09,-6.29419716347e-08,1.96318239887e-07,2.59931709934e-07,-1.09581094421e-07,3.74615265173e-05,0.0
1630632791624564390,height,4,32,width,4,8,imag,2,2,0,3.18791135214e-05,0.0,1.42014769722e-07,4.42790444311e-08,5.7889831595e-08,-1.2348224665e-08,2.08611396602e-07,-1.12944062991e-08,1.42014769722e-07,-4.42790444311e-08,3.59989026038e-05,0.0,2.05916297347e-08,-1.48284954093e-07,-1.620936807e-08,-1.96852241174e-07,5.7889831595e-08,1.2348224665e-08,2.05916297347e-08,1.48284954093e-07,3.67019638361e-05,0.0,1.15904313702e-07,-2.31308607823e-08,2.08611396602e-07,1.12944062991e-08,-1.620936807e-08,1.96852241174e-07,1.15904313702e-07,2.31308607823e-08,3.74157025362e-05,0.0
1630632791697101627,height,4,32,width,4,8,imag,2,2,0,3.18536549457e-05,0.0,-3.29220561923e-08,4.29585043094e-08,1.13407750746e-07,-2.70883706577e-08,2.20287830643e-07,-3.95182695456e-08,-3.29220561923e-08,-4.29585043094e-08,3.55269512511e-05,0.0,2.02903819968e-07,-2.59260900748e-07,1.10721877888e-07,-9.23790040019e-08,1.13407750746e-07,2.70883706577e-08,2.02903819968e-07,2.59260900748e-07,3.62383143511e-05,0.0,2.23430262736e-07,6.32973922166e-08,2.20287830643e-07,3.95182695456e-08,1.10721877888e-07,9.23790040019e-08,2.23430262736e-07,-6.32973922166e-08,3.73345683329e-05,0.0
1630632791742673733,height,4,32,width,4,8,imag,2,2,0,3.21432889905e-05,0.0,-1.89983140331e-07,-1.21646737128e-08,-1.35410942903e-07,-1.80609546874e-07,1.45657992334e-07,5.68951108448e-08,-1.89983140331e-07,1.21646737128e-08,3.61600723409e-05,0.0,-1.66258573131e-07,-1.43025232546e-07,9.68420081904e-08,-2.57088714761e-07,-1.35410942903e-07,1.80609546874e-07,-1.66258573131e-07,1.43025232546e-07,3.63337203453e-05,0.0,2.57104971979e-07,1.34800970386e-07,1.45657992334e-07,-5.68951108448e-08,9.68420081904e-08,2.57088714761e-07,2.57104971979e-07,-1.34800970386e-07,3.74175215256e-05,0.0
1630632791886984729,height,4,32,width,4,8,imag,2,2,0,3.20007711707e-05,0.0,-2.64444167897e-07,3.58162104419e-08,-2.11132075378e-07,-1.10468640457e-07,-2.30513439448e-08,3.81856573028e-08,-2.64444167897e-07,-3.58162104419e-08,3.60783815267e-05,0.0,-2.04804010195e-07,-8.26590351721e-08,-1.32523794605e-07,7.8742147025e-08,-2.11132075378e-07,1.10468640457e-07,-2.04804010195e-07,8.26590351721e-08,3.6531004298e-05,0.0,1.939114469e-07,3.24272974694e-07,-2.30513439448e-08,-3.81856573028e-08,-1.32523794605e-07,-7.8742147025e-08,1.939114469e-07,-3.24272974694e-07,3.72944668925e-05,0.0
1630632791901027966,height,4,32,width,4,8,imag,2,2,0,3.20893450407e-05,0.0,-1.04106199217e-07,-8.44512015874e-08,-1.36231662395e-07,1.25188321931e-07,9.85029657841e-08,-6.05827352729e-08,-1.04106199217e-07,8.44512015874e-08,3.57035169145e-05,0.0,-3.50166047269e-08,-1.88616802177e-08,-2.11879608969e-07,-2.0558519509e-07,-1.36231662395e-07,-1.25188321931e-07,-3.50166047269e-08,1.88616802177e-08,3.63609542546e-05,0.0,3.85961470784e-07,2.28574236871e-07,9.85029657841e-08,6.05827352729e-08,-2.11879608969e-07,2.0558519509e-07,3.85961470784e-07,-2.28574236871e-07,3.75583622372e-05,0.0
1630632791917527944,height,4,32,width,4,8,imag,2,2,0,3.17784906656e-05,0.0,-9.77821734693e-09,2.85548367174e-07,2.19989573225e-07,4.13319760639e-08,-3.96463605057e-07,-5.18463565413e-08,-9.77821734693e-09,-2.85548367174e-07,3.57649296348e-05,0.0,7.65663017432e-08,-1.6598404784e-07,1.24084294839e-07,-9.91556134977e-08,2.19989573225e-07,-4.13319760639e-08,7.65663017432e-08,1.6598404784e-07,3.62089049304e-05,0.0,2.93509685889e-07,1.37611110063e-07,-3.96463605057e-07,5.18463565413e-08,1.24084294839e-07,9.91556134977e-08,2.93509685889e-07,-1.37611110063e-07,3.72378926841e-05,0.0
1630632792077678104,height,4,32,width,4,8,imag,2,2,0,3.19526152452e-05,0.0,2.62232759951e-08,2.28692201176e-07,-1.03852961786e-07,1.38417902917e-07,-1.23180665668e-08,1.46207019824e-08,2.62232759951e-08,-2.28692201176e-07,3.57532517228e-05,0.0,-1.14724535649e-07,-1.61649026609e-07,2.09047826161e-07,1.8344911723e-07,-1.03852961786e-07,-1.38417902917e-07,-1.14724535649e-07,1.61649026609e-07,3.61399070243e-05,0.0,2.73399564321e-07,2.33714714248e-09,-1.23180665668e-08,-1.46207019824e-08,2.09047826161e-07,-1.8344911723e-07,2.73399564321e-07,-2.33714714248e-09,3.75475538021e-05,0.0
1630632792103526512,height,4,32,width,4,8,imag,2,2,0,3.23102322e-05,0.0,-2.19524352474e-07,-1.6336672104e-07,-2.69504276673e-08,-1.17037401992e-07,2.80421488696e-07,-2.8725596124e-08,-2.19524352474e-07,1.6336672104e-07,3.57117532985e-05,0.0,-1.20951511917e-07,-1.56018259645e-07,-2.0033657222e-07,-1.31935394165e-07,-2.69504276673e-08,1.17037401992e-07,-1.20951511917e-07,1.56018259645e-07,3.68584442185e-05,0.0,-4.13892742301e-08,2.70965216487e-07,2.80421488696e-07,2.8725596124e-08,-2.0033657222e-07,1.31935394165e-07,-4.13892742301e-08,-2.70965216487e-07,3.74199007638e-05,0.0
1630632792161308081,height,4,32,width,4,8,imag,2,2,0,3.20099243254e-05,0.0,-8.31203479379e-08,-2.42188122002e-07,-3.52583953145e-08,-2.09898615822e-07,1.135494756e-07,4.99085608396e-08,-8.31203479379e-08,2.42188122002e-07,3.58751240128e-05,0.0,9.59759702823e-08,7.76911832645e-08,1.87398612184e-07,-4.02079542994e-08,-3.52583953145e-08,2.09898615822e-07,9.59759702823e-08,-7.76911832645e-08,3.61865204468e-05,0.0,3.86657092122e-07,2.23816670086e-07,1.135494756e-07,-4.99085608396e-08,1.87398612184e-07,4.02079542994e-08,3.86657092122e-07,-2.23816670086e-07,3.73142684111e-05,0.0
1630632792234471849,height,4,32,width,4,8,imag,2,2,0,3.225907858e-05,0.0,-1.89676512719e-07,2.90020921057e-07,-8.36542000116e-08,1.03721816913e-07,3.91980492509e-09,4.69238514711e-08,-1.89676512719e-07,-2.90020921057e-07,3.60421654477e-05,0.0,3.12490193721e-08,-1.52818728338e-07,2.06114933121e-07,7.32332949838e-08,-8.36542000116e-08,-1.03721816913e-07,3.12490193721e-08,1.52818728338e-07,3.64577826986e-05,0.0,3.33564088351e-07,7.70639161374e-08,3.91980492509e-09,-4.69238514711e-08,2.06114933121e-07,-7.32332949838e-08,3.33564088351e-07,-7.70639161374e-08,3.70383349946e-05,0.0
1630632792325447773,height,4,32,width,4,8,imag,2,2,0,3.22492123814e-05,0.0,-2.86636236524e-07,-1.35501039722e-07,-1.77498648668e-07,-5.49362297875e-08,-8.2932686496e-08,1.25658573324e-07,-2.86636236524e-07,1.35501039722e-07,3.60017147614e-05,0.0,1.93107268842e-07,-1.8125159329e-07,-1.66994183814e-07,-8.62747029373e-08,-1.77498648668e-07,5.49362297875e-08,1.93107268842e-07,1.8125159329e-07,3.65474406863e-05,0.0,5.58161275421e-07,-8.63318732058e-08,-8.2932686496e-08,-1.25658573324e-07,-1.66994183814e-07,8.62747029373e-08,5.58161275421e-07,8.63318732058e-08,3.72089925804e-05,0.0
1630632792355776963,height,4,32,width,4,8,imag,2,2,0,3.2098392694e-05,0.0,1.38009951911e-07,8.90946125764e-08,1.08678811728e-07,-9.05361048353e-08,-1.7026768262e-07,-8.01245647608e-08,1.38009951911e-07,-8.90946125764e-08,3.5940494854e-05,0.0,-7.32924343438e-09,7.44710675349e-08,4.49136905445e-08,1.92932930076e-07,1.08678811728e-07,9.05361048353e-08,-7.32924343438e-09,-7.44710675349e-08,3.67307256965e-05,0.0,1.43998562407e-07,1.07172191122e-07,-1.7026768262e-07,8.01245647608e-08,4.49136905445e-08,-1.92932930076e-07,1.43998562407e-07,-1.07172191122e-07,3.70206653315e-05,0.0
1630632792401211869,height,4,32,width,4,8,imag,2,2,0,3.19171449519e-05,0.0,2.20977469212e-07,4.89118363589e-08,1.17328788463e-07,-9.43084828009e-08,-3.41538310522e-07,-1.88752920849e-07,2.20977469212e-07,-4.89118363589e-08,3.60174744856e-05,0.0,7.70589902999e-09,-2.74940362033e-07,-3.85791558699e-08,9.50229495089e-09,1.17328788463e-07,9.43084828009e-08,7.70589902999e-09,2.74940362033e-07,3.62114224117e-05,0.0,5.705223316e-07,-2.20287432739e-08,-3.41538310522e-07,1.88752920849e-07,-3.85791558699e-08,-9.50229495089e-09,5.705223316e-07,2.20287432739e-08,3.67656066373e-05,0.0
1630632792466437340,height,4,32,width,4,8,imag,2,2,0,3.20890030707e-05,0.0,1.38181960097e-07,-1.74233463213e-07,1.42804751135e-07,-1.39691252343e-07,-1.89112185467e-07,1.57001778689e-07,1.38181960097e-07,1.74233463213e-07,3.60065678251e-05,0.0,7.30128846271e-08,-3.1970645864e-07,-8.60847677586e-08,1.39404301436e-08,1.42804751135e-07,1.39691252343e-07,7.30128846271e-08,3.1970645864e-07,3.66301683243e-05,0.0,2.47654384111e-07,-1.19924735031e-07,-1.89112185467e-07,-1.57001778689e-07,-8.60847677586e-08,-1.39404301436e-08,2.47654384111e-07,1.19924735031e-07,3.7118599721e-05,0.0
1630632792563381679,height,4,32,width,4,8,imag,2,2,0,3.19802238664e-05,0.0,-2.39045647277e-07,1.28286465895e-08,6.32909891163e-10,-3.36647048016e-08,7.05856848526e-08,-2.19248903477e-07,-2.39045647277e-07,-1.28286465895e-08,3.61389211321e-05,0.0,1.8859199713e-07,5.21635925566e-08,-1.27834297814e-07,1.23099539451e-07,6.32909891163e-10,3.36647048016e-08,1.8859199713e-07,-5.21635925566e-08,3.64108891517e-05,0.0,4.15751401306e-07,4.11370031372e-08,7.05856848526e-08,2.19248903477e-07,-1.27834297814e-07,-1.23099539451e-07,4.15751401306e-07,-4.11370031372e-08,3.70658817701e-05,0.0
1630632792566476477,height,4,32,width,4,8,imag,2,2,0,3.1904070056e-05,0.0,-1.63892774907e-08,-1.5983484758e-08,-9.96998750225e-08,1.43021395616e-07,-7.08959362328e-08,1.49536944605e-07,-1.63892774907e-08,1.5983484758e-08,3.61836318916e-05,0.0,3.35756027425e-08,-1.79111168563e-07,2.59861991481e-07,1.63299105793e-07,-9.96998750225e-08,-1.43021395616e-07,3.35756027425e-08,1.79111168563e-07,3.6092584196e-05,0.0,-3.90148464646e-08,-4.49066135388e-08,-7.08959362328e-08,-1.49536944605e-07,2.59861991481e-07,-1.63299105793e-07,-3.90148464646e-08,4.49066135388e-08,3.72431422875e-05,0.0
1630632792636363147,height,4,32,width,4,8,imag,2,2,0,3.2121741242e-05,0.0,-1.59628996244e-07,-1.51236960733e-07,9.78139453878e-08,-1.81077965067e-07,-6.38166710587e-08,3.20653126273e-09,-1.59628996244e-07,1.51236960733e-07,3.56615200872e-05,0.0,-1.00784788515e-07,-2.19417827907e-07,-4.39338805336e-08,-1.12256046236e-07,9.78139453878e-08,1.81077965067e-07,-1.00784788515e-07,2.19417827907e-07,3.62577593478e-05,0.0,2.92700889304e-07,1.12857208023e-07,-6.38166710587e-08,-3.20653126273e-09,-4.39338805336e-08,1.12256046236e-07,2.92700889304e-07,-1.12857208023e-07,3.72046779376e-05,0.0
1630632792725610580,height,4,32,width,4,8,imag,2,2,0,3.1912830309e-05,0.0,4.30112088168e-08,9.04342911667e-08,1.84630977174e-08,1.61220469863e-07,2.56802934473e-08,-7.72519754833e-08,4.30112088168e-08,-9.04342911667e-08,3.57721510227e-05,0.0,-1.98059481704e-07,-1.45037219568e-07,6.64967991781e-09,-1.67358919612e-07,1.84630977174e-08,-1.61220469863e-07,-1.98059481704e-07,1.45037219568e-07,3.66770982509e-05,0.0,-4.66483740524e-08,4.14499652379e-08,2.56802934473e-08,7.72519754833e-08,6.64967991781e-09,1.67358919612e-07,-4.66483740524e-08,-4.14499652379e-08,3.72922113456e-05,0.0
1630632792771039339,height,4,32,width,4,8,imag,2,2,0,3.19421305903e-05,0.0,2.86811268069e-08,-1.25658786487e-07,3.58558800428e-08,1.95438246919e-07,-2.36024941813e-08,8.37061833181e-08,2.86811268069e-08,1.25658786487e-07,3.5806082451e-05,0.0,1.68514574739e-07,-2.38879014347e-08,-1.48431453795e-07,-2.32573015069e-07,3.58558800428e-08,-1.95438246919e-07,1.68514574739e-07,2.38879014347e-08,3.61548372894e-05,0.0,5.43497122862e-08,7.10230594336e-08,-2.36024941813e-08,-8.37061833181e-08,-1.48431453795e-07,2.32573015069e-07,5.43497122862e-08,-7.10230594336e-08,3.72321010218e-05,0.0
1630632792831202804,height,4,32,width,4,8,imag,2,2,0,3.17148296745e-05,0.0,1.22397324276e-07,2.20767333303e-07,-1.97659105083e-07,1.37734346595e-07,-1.04468817597e-07,4.18711501027e-08,1.22397324276e-07,-2.20767333303e-07,3.56670243491e-05,0.0,8.0749572362e-08,5.22784979751e-08,-1.99818302349e-07,-9.17778137932e-08,-1.97659105083e-07,-1.37734346595e-07,8.0749572362e-08,-5.22784979751e-08,3.65050691471e-05,0.0,1.22077906894e-07,1.37861007943e-07,-1.04468817597e-07,-4.18711501027e-08,-1.99818302349e-07,9.17778137932e-08,1.22077906894e-07,-1.37861007943e-07,3.70345769625e-05,0.0
1630632792884349813,height,4,32,width,4,8,imag,2,2,0,3.15810757456e-05,0.0,-1.91004772887e-07,-4.45737242671e-08,3.20256425823e-08,1.25917480887e-07,-9.05875978674e-08,-7.83759617207e-08,-1.91004772887e-07,4.45737242671e-08,3.58427896572e-05,0.0,9.41448732306e-08,-2.82826960074e-07,-6.64568089448e-09,-1.31239687562e-07,3.20256425823e-08,-1.25917480887e-07,9.41448732306e-08,2.82826960074e-07,3.64388906746e-05,0.0,1.73651088176e-07,-5.8000264147e-08,-9.05875978674e-08,7.83759617207e-08,-6.64568089448e-09,1.31239687562e-07,1.73651088176e-07,5.8000264147e-08,3.72931935999e-05,0.0
1630632792932998770,height,4,32,width,4,8,imag,2,2,0,3.18505481118e-05,0.0,1.82259647374e-08,9.00095358247e-08,-1.84822837923e-07,-9.63423829603e-08,1.10487100358e-07,-1.10813669352e-09,1.82259647374e-08,-9.00095358247e-08,3.57359094778e-05,0.0,1.33356309107e-07,-9.920228905e-08,-8.30641866401e-08,-1.31977017759e-07,-1.84822837923e-07,9.63423829603e-08,1.33356309107e-07,9.920228905e-08,3.66431449947e-05,0.0,2.35427890516e-07,8.13667000443e-08,1.10487100358e-07,1.10813669352e-09,-8.30641866401e-08,1.31977017759e-07,2.35427890516e-07,-8.13667000443e-08,3.71790665668e-05,0.0
1630632793045187936,height,4,32,width,4,8,imag,2,2,0,3.24213942804e-05,0.0,-7.55870814828e-08,2.96086597018e-07,1.02543246783e-07,1.16489271562e-08,-2.20433911124e-08,-8.63240146032e-08,-7.55870814828e-08,-2.96086597018e-07,3.58715151378e-05,0.0,-1.05924264915e-07,-4.04188369885e-07,6.14139210597e-08,7.04229279336e-08,1.02543246783e-07,-1.16489271562e-08,-1.05924264915e-07,4.04188369885e-07,3.67556349374e-05,0.0,1.11314683693e-07,3.46770519855e-07,-2.20433911124e-08,8.63240146032e-08,6.14139210597e-08,-7.04229279336e-08,1.11314683693e-07,-3.46770519855e-07,3.7250782043e-05,0.0
1630632793096100472,height,4,32,width,4,8,imag,2,2,0,3.19958053296e-05,0.0,-1.25189787425e-08,-6.45741167205e-08,1.7524696716e-07,-1.5331804093e-07,-9.52591427961e-09,1.09477539922e-07,-1.25189787425e-08,6.45741167205e-08,3.58815523214e-05,0.0,1.81475968475e-07,-1.49604844069e-07,1.48838353198e-07,-2.27688602195e-07,1.7524696716e-07,1.5331804093e-07,1.81475968475e-07,1.49604844069e-07,3.64900115528e-05,0.0,5.03392492135e-08,3.3634510288e-08,-9.52591427961e-09,-1.09477539922e-07,1.48838353198e-07,2.27688602195e-07,5.03392492135e-08,-3.3634510288e-08,3.71946989617e-05,0.0
1630632793195421758,height,4,32,width,4,8,imag,2,2,0,3.21486077155e-05,0.0,-3.249047964e-08,-3.43242760437e-07,-1.39589289461e-07,-2.16607034531e-08,1.17414593603e-07,-1.99979428572e-08,-3.249047964e-08,3.43242760437e-07,3.61355268979e-05,0.0,-3.06810861161e-08,-1.77336474394e-07,-4.37514060536e-08,4.62240805632e-08,-1.39589289461e-07,2.16607034531e-08,-3.06810861161e-08,1.77336474394e-07,3.63199069398e-05,0.0,1.80200927957e-07,2.28789900802e-07,1.17414593603e-07,1.99979428572e-08,-4.37514060536e-08,-4.62240805632e-08,1.80200927957e-07,-2.28789900802e-07,3.76131429221e-05,0.0
1630632793206149483,height,4,32,width,4,8,imag,2,2,0,3.18267666444e-05,0.0,6.73625990544e-08,4.46027783596e-08,-2.29111414285e-08,-2.16045989987e-07,1.64460985275e-07,-3.5855259739e-07,6.73625990544e-08,-4.46027783596e-08,3.55970660166e-05,0.0,1.83101633411e-07,-3.52358355826e-08,1.1757298779e-07,-1.33604913799e-07,-2.29111414285e-08,2.16045989987e-07,1.83101633411e-07,3.52358355826e-08,3.66095155186e-05,0.0,2.6054050295e-07,-9.63641610952e-08,1.64460985275e-07,3.5855259739e-07,1.1757298779e-07,1.33604913799e-07,2.6054050295e-07,9.63641610952e-08,3.74690825993e-05,0.0
1630632793358800133,height,4,32,width,4,8,imag,2,2,0,3.18645543302e-05,0.0,-1.30748716742e-07,5.21011067622e-10,4.91431393357e-08,3.11916679152e-08,-1.89091906577e-07,2.03660945886e-07,-1.30748716742e-07,-5.21011067622e-10,3.56905147783e-05,0.0,1.16078481938e-07,-6.53633946968e-08,-1.48206041217e-07,-2.65342350758e-07,4.91431393357e-08,-3.11916679152e-08,1.16078481938e-07,6.53633946968e-08,3.6507139157e-05,0.0,-8.93914631206e-08,8.86721309712e-08,-1.89091906577e-07,-2.03660945886e-07,-1.48206041217e-07,2.65342350758e-07,-8.93914631206e-08,-8.86721309712e-08,3.699379522e-05,0.0
1630632793365437727,height,4,32,width,4,8,imag,2,2,0,3.1875235436e-05,0.0,-7.63902221479e-08,1.35770946486e-07,-3.7917441631e-08,-2.94879328067e-07,9.92243975872e-09,-1.12394054952e-07,-7.63902221479e-08,-1.35770946486e-07,3.56338969141e-05,0.0,8.18278138581e-08,-5.49541603334e-08,-1.62858491137e-08,-3.02072407976e-07,-3.7917441631e-08,2.94879328067e-07,8.18278138581e-08,5.49541603334e-08,3.65345076716e-05,0.0,2.31381974913e-07,2.8181085554e-07,9.92243975872e-09,1.12394054952e-07,-1.62858491137e-08,3.02072407976e-07,2.31381974913e-07,-2.8181085554e-07,3.70178931917e-05,0.0
1630632793367575545,height,4,32,width,4,8,imag,2,2,0,0.00211241934448,0.0,0.0236860122532,-0.0131388045847,0.0248654652387,-0.00984668638557,-0.0102597242221,0.0293009541929,0.0236860122532,0.0131388045847,0.361867427826,0.0,0.350870966911,0.0450776182115,-0.304091393948,0.272416800261,0.0248654652387,0.00984668638557,0.350870966911,-0.0450776182115,0.347779721022,0.0,-0.262273341417,0.302928745747,-0.0102597242221,-0.0293009541929,-0.304091393948,-0.272416800261,-0.262273341417,-0.302928745747,0.47156509757,0.0
1630632793529963457,height,4,32,width,4,8,imag,2,2,0,0.00212508463301,0.0,0.0240148175508,-0.0129547854885,0.0252158064395,-0.00955214258283,-0.00995077379048,0.0295473430306,0.0240148175508,0.0129547854885,0.365261226892,0.0,0.354125708342,0.0465760156512,-0.299622178078,0.281341224909,0.0252158064395,0.00955214258283,0.354125708342,-0.0465760156512,0.351388335228,0.0,-0.255887508392,0.311952829361,-0.00995077379048,-0.0295473430306,-0.299622178078,-0.281341224909,-0.255887508392,-0.311952829361,0.473011434078,0.0
1630632793535937872,height,4,32,width,4,8,imag,2,2,0,3.20622239087e-05,0.0,9.30030239488e-08,1.257984934e-07,-1.90081166807e-07,-1.07961859896e-07,-3.70592019294e-08,1.05545545637e-07,9.30030239488e-08,-1.257984934e-07,3.58606994268e-05,0.0,6.28263805424e-08,-1.98848937316e-07,1.21086713989e-07,-2.05342360005e-07,-1.90081166807e-07,1.07961859896e-07,6.28263805424e-08,1.98848937316e-07,3.68108703697e-05,0.0,4.02025335688e-07,-1.1418410395e-07,-3.70592019294e-08,-1.05545545637e-07,1.21086713989e-07,2.05342360005e-07,4.02025335688e-07,1.1418410395e-07,3.72968170268e-05,0.0
1630632793633757489,height,4,32,width,4,8,imag,2,2,0,0.000190669408767,0.0,0.00174363318365,-0.00107533868868,0.00185132678598,-0.000839567801449,-0.000902460131329,0.00217721308582,0.00174363318365,0.00107533868868,0.0272859185934,0.0,0.0265033245087,0.00330228451639,-0.0250195879489,0.0182112697512,0.00185132678598,0.000839567801449,0.0265033245087,-0.00330228451639,0.0263954028487,0.0,-0.0222782325,0.0208528991789,-0.000902460131329,-0.00217721308582,-0.0250195879489,-0.0182112697512,-0.0222782325,-0.0208528991789,0.0356319360435,0.0
1630632793691600202,height,4,32,width,4,8,imag,2,2,0,0.00211204797961,0.0,0.0237373989075,-0.0130839459598,0.0251235943288,-0.0096649536863,-0.00981568265706,0.0292875468731,0.0237373989075,0.0130839459598,0.362369120121,0.0,0.353047937155,0.0477036125958,-0.298572361469,0.276014924049,0.0251235943288,0.0096649536863,0.353047937155,-0.0477036125958,0.35239225626,0.0,-0.25574144721,0.309252977371,-0.00981568265706,-0.0292875468731,-0.298572361469,-0.276014924049,-0.25574144721,-0.309252977371,0.466920077801,0.0
1630632793758160262,height,4,32,width,4,8,imag,2,2,0,3.22012347169e-05,0.0,-6.63832322445e-09,-5.77899150755e-08,-1.89409803397e-07,1.62883665666e-07,2.93029074783e-07,3.03951863678e-09,-6.63832322445e-09,5.77899150755e-08,3.59716141247e-05,0.0,6.56277165945e-09,-9.7715037839e-08,1.99431212877e-07,4.85401088213e-08,-1.89409803397e-07,-1.62883665666e-07,6.56277165945e-09,9.7715037839e-08,3.67326247215e-05,0.0,2.92961090054e-07,-1.39077127592e-09,2.93029074783e-07,-3.03951863678e-09,1.99431212877e-07,-4.85401088213e-08,2.92961090054e-07,1.39077127592e-09,3.74112132704e-05,0.0
1630632793853228239,height,4,32,width,4,8,imag,2,2,0,0.00213144626468,0.0,0.0239196401089,-0.0132109569386,0.025325614959,-0.00990161858499,-0.0097169438377,0.0294994581491,0.0239196401089,0.0132109569386,0.365770101547,0.0,0.356835752726,0.0463439412415,-0.299292564392,0.279143452644,0.025325614959,0.00990161858499,0.356835752726,-0.0463439412415,0.356422036886,0.0,-0.257908821106,0.311518281698,-0.0097169438377,-0.0294994581491,-0.299292564392,-0.279143452644,-0.257908821106,-0.311518281698,0.467946797609,0.0
1630632793896116145,height,4,32,width,4,8,imag,2,2,0,0.000189727157704,0.0,0.00173606409226,-0.00107812229544,0.00184432370588,-0.000843406887725,-0.000893453310709,0.00217456510291,0.00173606409226,0.00107812229544,0.0272887945175,0.0,0.026504708454,0.00330300931819,-0.0250173173845,0.0182220172137,0.00184432370588,0.000843406887725,0.026504708454,-0.00330300931819,0.0263956207782,0.0,-0.022272657603,0.0208617411554,-0.000893453310709,-0.00217456510291,-0.0250173173845,-0.0182220172137,-0.022272657603,-0.0208617411554,0.0356341786683,0.0
1630632793903283478,height,4,32,width,4,8,imag,2,2,0,0.00211550528184,0.0,0.023713439703,-0.0131400423124,0.0248932559043,-0.00984555855393,-0.010282301344,0.0293198954314,0.023713439703,0.0131400423124,0.361883729696,0.0,0.350905328989,0.0450721532106,-0.304093360901,0.27243283391,0.0248932559043,0.00984555855393,0.350905328989,-0.0450721532106,0.347828388214,0.0,-0.262292027473,0.302955240011,-0.010282301344,-0.0293198954314,-0.304093360901,-0.27243283391,-0.262292027473,-0.302955240011,0.471575737,0.0
1630632794019783478,height,4,32,width,4,8,imag,2,2,0,0.00210526655428,0.0,0.0235145837069,-0.0132573768497,0.0248357020319,-0.0101869171485,-0.00965666119009,0.0290460139513,0.0235145837069,0.0132573768497,0.360767394304,0.0,0.352590233088,0.0431322604418,-0.297565549612,0.270952165127,0.0248357020319,0.0101869171485,0.352590233088,-0.0431322604418,0.351834028959,0.0,-0.259560614824,0.301478028297,-0.00965666119009,-0.0290460139513,-0.297565549612,-0.270952165127,-0.259560614824,-0.301478028297,0.459845453501,0.0
1630632794068911075,height,4,32,width,4,8,imag,2,2,0,0.00211357465014,0.0,0.0236871317029,-0.0131577961147,0.024871699512,-0.00986524764448,-0.0102464528754,0.0293142870069,0.0236871317029,0.0131577961147,0.361869871616,0.0,0.350921928883,0.045061763376,-0.30405202508,0.272421956062,0.024871699512,0.00986524764448,0.350921928883,-0.045061763376,0.347877472639,0.0,-0.262291133404,0.302965641022,-0.0102464528754,-0.0293142870069,-0.30405202508,-0.272421956062,-0.262291133404,-0.302965641022,0.47152030468,0.0
1630632794177462477,height,4,32,width,4,8,imag,2,2,0,0.00212980573997,0.0,0.0239087790251,-0.01320736669,0.0253128949553,-0.00989716500044,-0.00970840267837,0.0294875912368,0.0239087790251,0.01320736669,0.365814894438,0.0,0.356837838888,0.046365018934,-0.29934990406,0.279164791107,0.0253128949553,0.00989716500044,0.356837838888,-0.046365018934,0.356389611959,0.0,-0.257908970118,0.311522960663,-0.00970840267837,-0.0294875912368,-0.29934990406,-0.279164791107,-0.257908970118,-0.311522960663,0.468007713556,0.0
1630632794179453379,height,4,32,width,4,8,imag,2,2,0,0.00212099752389,0.0,0.0237641520798,-0.0132594425231,0.0250624027103,-0.010136121884,-0.00973262824118,0.0292631238699,0.0237641520798,0.0132594425231,0.364454060793,0.0,0.355536103249,0.0435308776796,-0.299217760563,0.275078684092,0.0250624027103,0.010136121884,0.355536103249,-0.0435308776796,0.354264140129,0.0,-0.260260909796,0.305269122124,-0.00973262824118,-0.0292631238699,-0.299217760563,-0.275078684092,-0.260260909796,-0.305269122124,0.463438659906,0.0
1630632794237865781,height,4,32,width,4,8,imag,2,2,0,0.00212747789919,0.0,0.0239030569792,-0.0131982164457,0.025302419439,-0.00988853350282,-0.00970875006169,0.0294738523662,0.0239030569792,0.0131982164457,0.365818291903,0.0,0.356856971979,0.0463414378464,-0.299309581518,0.279180765152,0.025302419439,0.00988853350282,0.356856971979,-0.0463414378464,0.356411725283,0.0,-0.257906347513,0.311529397964,-0.00970875006169,-0.0294738523662,-0.299309581518,-0.279180765152,-0.257906347513,-0.311529397964,0.467974364758,0.0
1630632794345415988,height,4,32,width,4,8,imag,2,2,0,0.00211493298411,0.0,0.0237770490348,-0.0131569774821,0.025000564754,-0.0101281469688,-0.0100368726999,0.0291583314538,0.0237770490348,0.0131569774821,0.363998234272,0.0,0.35514074564,0.0421651788056,-0.301315397024,0.27298733592,0.025000564754,0.0101281469688,0.35514074564,-0.0421651788056,0.353475630283,0.0,-0.263555169106,0.302361577749,-0.0100368726999,-0.0291583314538,-0.301315397024,-0.27298733592,-0.263555169106,-0.302361577749,0.464379400015,0.0
1630632794421436758,height,4,32,width,4,8,imag,2,2,0,0.00211133272387,0.0,0.0235999599099,-0.0133062172681,0.0249754991382,-0.0100861564279,-0.00984656997025,0.0291131045669,0.0235999599099,0.0133062172681,0.362487703562,0.0,0.353827655315,0.0451928302646,-0.30055758357,0.270874977112,0.0249754991382,0.0100861564279,0.353827655315,-0.0451928302646,0.353186786175,0.0,-0.260773092508,0.302986294031,-0.00984656997025,-0.0291131045669,-0.30055758357,-0.270874977112,-0.260773092508,-0.302986294031,0.462215065956,0.0
1630632794445252090,height,4,32,width,4,8,imag,2,2,0,0.00211106450297,0.0,0.0236167535186,-0.0132771581411,0.0249857641757,-0.0100565934554,-0.0098816761747,0.0290991384536,0.0236167535186,0.0132771581411,0.362523794174,0.0,0.353848159313,0.0451794229448,-0.300561010838,0.270894438028,0.0249857641757,0.0100565934554,0.353848159313,-0.0451794229448,0.353189140558,0.0,-0.260776072741,0.302979648113,-0.0098816761747,-0.0290991384536,-0.300561010838,-0.270894438028,-0.260776072741,-0.302979648113,0.4622002244,0.0
1630632794508374311,height,4,32,width,4,8,imag,2,2,0,0.00145797769073,0.0,0.0162937585264,-0.00893581658602,0.0171334072948,-0.00682807480916,-0.00705336919054,0.0199039205909,0.0162937585264,0.00893581658602,0.2489053756,0.0,0.24263715744,0.0292612351477,-0.207170665264,0.185860797763,0.0171334072948,0.00682807480916,0.24263715744,-0.0292612351477,0.241480454803,0.0,-0.181011378765,0.206343308091,-0.00705336919054,-0.0199039205909,-0.207170665264,-0.185860797763,-0.181011378765,-0.206343308091,0.318239301443,0.0
1630632794570947896,height,4,32,width,4,8,imag,2,2,0,0.00210512476042,0.0,0.0235140193254,-0.0132497157902,0.0248358231038,-0.0101797105744,-0.00966595578939,0.02904301323,0.0235140193254,0.0132497157902,0.360735863447,0.0,0.352569431067,0.0431536398828,-0.297590434551,0.270935922861,0.0248358231038,0.0101797105744,0.352569431067,-0.0431536398828,0.351829469204,0.0,-0.259577542543,0.30149140954,-0.00966595578939,-0.02904301323,-0.297590434551,-0.270935922861,-0.259577542543,-0.30149140954,0.459893256426,0.0
1630632794668266525,height,4,32,width,4,8,imag,2,2,0,3.19625032716e-05,0.0,3.69012842505e-09,1.30334383286e-08,-9.96745654902e-08,1.21711096313e-07,-2.28544408287e-07,-3.27410049294e-07,3.69012842505e-09,-1.30334383286e-08,3.60760750482e-05,0.0,2.03752264838e-07,-1.46019289105e-07,1.79097163766e-08,-2.4929155984e-07,-9.96745654902e-08,-1.21711096313e-07,2.03752264838e-07,1.46019289105e-07,3.65421874449e-05,0.0,1.45238885807e-07,1.20832481798e-07,-2.28544408287e-07,3.27410049294e-07,1.79097163766e-08,2.4929155984e-07,1.45238885807e-07,-1.20832481798e-07,3.72574249923e-05,0.0
1630632794710114544,height,4,32,width,4,8,imag,2,2,0,0.00210553221405,0.0,0.0235179960728,-0.0132516548038,0.0248383674771,-0.0101779270917,-0.00966934114695,0.0290435366333,0.0235179960728,0.0132516548038,0.360759049654,0.0,0.35257434845,0.043145224452,-0.297568529844,0.270964354277,0.0248383674771,0.0101779270917,0.35257434845,-0.043145224452,0.351820021868,0.0,-0.259553849697,0.301493763924,-0.00966934114695,-0.0290435366333,-0.297568529844,-0.270964354277,-0.259553849697,-0.301493763924,0.459882050753,0.0
1630632794815047190,height,4,32,width,4,8,imag,2,2,0,0.00210717041045,0.0,0.02364946343,-0.0130589427426,0.0248823165894,-0.0100206537172,-0.010040095076,0.0289864018559,0.02364946343,0.0130589427426,0.361016392708,0.0,0.352384388447,0.0423223264515,-0.299089491367,0.270411372185,0.0248823165894,0.0100206537172,0.352384388447,-0.0423223264515,0.350958645344,0.0,-0.261471420527,0.300120979548,-0.010040095076,-0.0289864018559,-0.299089491367,-0.270411372185,-0.261471420527,-0.300120979548,0.46133095026,0.0
1630632794826632823,height,4,32,width,4,8,imag,2,2,0,3.19060782203e-05,0.0,1.29919214942e-07,-8.33811668599e-08,1.30739522319e-07,-1.6318266205e-07,5.07787127901e-08,5.35799316026e-09,1.29919214942e-07,8.33811668599e-08,3.57857097697e-05,0.0,3.05730196715e-07,-3.40104463703e-07,-2.22083855306e-07,1.38183239073e-07,1.30739522319e-07,1.6318266205e-07,3.05730196715e-07,3.40104463703e-07,3.65789601346e-05,0.0,3.39650625847e-07,-2.56315217939e-07,5.07787127901e-08,-5.35799316026e-09,-2.22083855306e-07,-1.38183239073e-07,3.39650625847e-07,2.56315217939e-07,3.70646448573e-05,0.0
1630632794977635224,height,4,32,width,4,8,imag,2,2,0,0.00211663194932,0.0,0.0237899497151,-0.0131527995691,0.0250147599727,-0.0101226354018,-0.0100482413545,0.0291626490653,0.0237899497151,0.0131527995691,0.363998949528,0.0,0.355161368847,0.0421837829053,-0.301321655512,0.273011952639,0.0250147599727,0.0101226354018,0.355161368847,-0.0421837829053,0.353514820337,0.0,-0.263561278582,0.302414447069,-0.0100482413545,-0.0291626490653,-0.301321655512,-0.273011952639,-0.263561278582,-0.302414447069,0.46441707015,0.0
1630632794988525006,height,4,32,width,4,8,imag,2,2,0,0.00145478988998,0.0,0.0162879750133,-0.00890107452869,0.017123490572,-0.00679456582293,-0.00707669043913,0.0198708493263,0.0162879750133,0.00890107452869,0.248883292079,0.0,0.242602184415,0.0292427651584,-0.207176372409,0.185877099633,0.017123490572,0.00679456582293,0.242602184415,-0.0292427651584,0.241431325674,0.0,-0.181013420224,0.206337079406,-0.00707669043913,-0.0198708493263,-0.207176372409,-0.185877099633,-0.181013420224,-0.206337079406,0.318293720484,0.0
1630632794990619928,height,4,32,width,4,8,imag,2,2,0,3.20727522194e-05,0.0,-9.21616347682e-08,-7.85218361443e-08,2.03538675692e-07,8.73183410022e-08,-3.35988488587e-07,-2.17343497866e-07,-9.21616347682e-08,7.85218361443e-08,3.64181214536e-05,0.0,2.35646069768e-07,-4.74025476649e-08,1.2470496813e-07,-8.70666667652e-08,2.03538675692e-07,-8.73183410022e-08,2.35646069768e-07,4.74025476649e-08,3.65039049939e-05,0.0,4.64233494313e-07,-2.35787979364e-07,-3.35988488587e-07,2.17343497866e-07,1.2470496813e-07,8.70666667652e-08,4.64233494313e-07,2.35787979364e-07,3.71491805709e-05,0.0
1630632795152670431,height,4,32,width,4,8,imag,2,2,0,3.16645891871e-05,0.0,-2.51464797429e-07,1.63166177458e-07,2.11941397765e-07,9.75332881126e-08,-1.01629893834e-07,-1.61075192295e-07,-2.51464797429e-07,-1.63166177458e-07,3.59472614946e-05,0.0,2.94787643185e-08,-1.38696307772e-07,-6.07598025226e-08,-1.77350827357e-07,2.11941397765e-07,-9.75332881126e-08,2.94787643185e-08,1.38696307772e-07,3.64860061381e-05,0.0,3.65910295841e-07,8.0174331174e-08,-1.01629893834e-07,1.61075192295e-07,-6.07598025226e-08,1.77350827357e-07,3.65910295841e-07,-8.0174331174e-08,3.70619382011e-05,0.0
1630632795177418126,height,4,32,width,4,8,imag,2,2,0,3.24808861478e-05,0.0,3.10498897704e-08,-8.36302547214e-08,1.54686091491e-07,-2.08729868945e-08,7.41112273772e-08,1.68778043985e-07,3.10498897704e-08,8.36302547214e-08,3.54772928404e-05,0.0,-2.32089590213e-07,-1.2423079454e-07,6.66435582275e-08,6.21380777943e-08,1.54686091491e-07,2.08729868945e-08,-2.32089590213e-07,1.2423079454e-07,3.649289647e-05,0.0,2.11975688558e-07,-1.08178959124e-07,7.41112273772e-08,-1.68778043985e-07,6.66435582275e-08,-6.21380777943e-08,2.11975688558e-07,1.08178959124e-07,3.74312148779e-05,0.0
1630632795246906042,height,4,32,width,4,8,imag,2,2,0,0.00210558180697,0.0,0.0236570741981,-0.0130287548527,0.0248870458454,-0.00998938176781,-0.0100697223097,0.0289637129754,0.0236570741981,0.0130287548527,0.36100423336,0.0,0.352393835783,0.0423195771873,-0.299109369516,0.270410627127,0.0248870458454,0.00998938176781,0.352393835783,-0.0423195771873,0.350992321968,0.0,-0.261502027512,0.300133168697,-0.0100697223097,-0.0289637129754,-0.299109369516,-0.270410627127,-0.261502027512,-0.300133168697,0.461362540722,0.0
1630632795317579189,height,4,32,width,4,8,imag,2,2,0,3.20409199048e-05,0.0,1.77983816574e-09,-7.75556969757e-08,-3.08981036312e-08,-4.90835070366e-08,-8.79973072188e-08,1.62673032378e-07,1.77983816574e-09,7.75556969757e-08,3.58726065315e-05,0.0,1.04927345035e-07,-2.64148383167e-07,-1.13832312465e-08,-1.24244337485e-07,-3.08981036312e-08,4.90835070366e-08,1.04927345035e-07,2.64148383167e-07,3.65500454791e-05,0.0,2.41300796233e-07,-5.51283747541e-08,-8.79973072188e-08,-1.62673032378e-07,-1.13832312465e-08,1.24244337485e-07,2.41300796233e-07,5.51283747541e-08,3.71037349396e-05,0.0
1630632795361205170,height,4,32,width,4,8,imag,2,2,0,3.19886094076e-05,0.0,-2.20981320354e-07,-1.85037507094e-07,-8.57257447251e-08,1.22131055491e-07,1.13742416374e-07,1.13622434128e-07,-2.20981320354e-07,1.85037507094e-07,3.60302619811e-05,0.0,-2.86330873678e-07,-3.28012333739e-07,-1.41329849157e-07,-1.23893570958e-07,-8.57257447251e-08,-1.22131055491e-07,-2.86330873678e-07,3.28012333739e-07,3.66171952919e-05,0.0,8.50814316777e-08,2.96612824968e-07,1.13742416374e-07,-1.13622434128e-07,-1.41329849157e-07,1.23893570958e-07,8.50814316777e-08,-2.96612824968e-07,3.76258867618e-05,0.0
1630632795479814943,height,4,32,width,4,8,imag,2,2,0,3.18814563798e-05,0.0,4.05342490239e-07,-1.24100854038e-08,-1.43182845136e-07,2.24864379561e-07,-6.06602910125e-08,2.63334793971e-08,4.05342490239e-07,1.24100854038e-08,3.56310883944e-05,0.0,-1.59432474334e-07,-4.18979411165e-08,7.34979650474e-08,3.15365724646e-08,-1.43182845136e-07,-2.24864379561e-07,-1.59432474334e-07,4.18979411165e-08,3.64354818885e-05,0.0,1.57375538379e-07,-7.01134581504e-08,-6.06602910125e-08,-2.63334793971e-08,7.34979650474e-08,-3.15365724646e-08,1.57375538379e-07,7.01134581504e-08,3.67134307453e-05,0.0
1630632795512845914,height,4,32,width,4,8,imag,2,2,0,0.00145824765787,0.0,0.016299944371,-0.00892142020166,0.0171409826726,-0.00681269401684,-0.00707222241908,0.0198985282332,0.016299944371,0.00892142020166,0.248830273747,0.0,0.242597773671,0.0292761512101,-0.207157447934,0.185823351145,0.0171409826726,0.00681269401684,0.242597773671,-0.0292761512101,0.241475358605,0.0,-0.181010380387,0.206356674433,-0.00707222241908,-0.0198985282332,-0.207157447934,-0.185823351145,-0.181010380387,-0.206356674433,0.318257898092,0.0
1630632795545751459,height,4,32,width,4,8,imag,2,2,0,3.21521911246e-05,0.0,1.26928895838e-07,4.38193925589e-09,-1.2045028086e-07,6.80804959075e-08,-2.60710123712e-07,-2.87333790538e-07,1.26928895838e-07,-4.38193925589e-09,3.62023238267e-05,0.0,-2.90628577204e-07,-1.43370399996e-08,-7.74178730012e-08,7.76731710062e-08,-1.2045028086e-07,-6.80804959075e-08,-2.90628577204e-07,1.43370399996e-08,3.68691944459e-05,0.0,1.76874138447e-07,1.61302082802e-07,-2.60710123712e-07,2.87333790538e-07,-7.74178730012e-08,-7.76731710062e-08,1.76874138447e-07,-1.61302082802e-07,3.73413058696e-05,0.0
1630632795640145881,height,4,32,width,4,8,imag,2,2,0,3.19336540997e-05,0.0,9.63056923098e-09,-1.47992082589e-07,3.52455380437e-08,-2.25950032018e-07,-1.72524977415e-07,1.86664248503e-08,9.63056923098e-09,1.47992082589e-07,3.58618926839e-05,0.0,3.23234985444e-07,-1.95123490698e-07,2.01606340511e-08,-6.72318165584e-08,3.52455380437e-08,2.25950032018e-07,3.23234985444e-07,1.95123490698e-07,3.61596394214e-05,0.0,9.24514509393e-08,9.08251607257e-09,-1.72524977415e-07,-1.86664248503e-08,2.01606340511e-08,6.72318165584e-08,9.24514509393e-08,-9.08251607257e-09,3.72340364265e-05,0.0
1630632795774236940,height,4,32,width,4,8,imag,2,2,0,3.15590805258e-05,0.0,4.24477342165e-08,-1.52012574972e-07,-3.36034247539e-07,1.1092915031e-07,-3.77282489694e-08,6.28500629318e-08,4.24477342165e-08,1.52012574972e-07,3.59082114301e-05,0.0,2.36962549138e-07,1.12801160412e-07,1.51710196405e-07,-5.82484744882e-08,-3.36034247539e-07,-1.1092915031e-07,2.36962549138e-07,-1.12801160412e-07,3.68608780263e-05,0.0,2.44505287128e-07,1.22845406736e-07,-3.77282489694e-08,-6.28500629318e-08,1.51710196405e-07,5.82484744882e-08,2.44505287128e-07,-1.22845406736e-07,3.72178983525e-05,0.0
1630632795775658932,height,4,32,width,4,8,imag,2,2,0,3.1805036997e-05,0.0,-6.56049863323e-08,-1.37913787057e-07,-8.25775003932e-08,2.58588634949e-08,2.97621323142e-08,-8.6364231322e-08,-6.56049863323e-08,1.37913787057e-07,3.56125310645e-05,0.0,7.53763629291e-08,-8.91288038929e-08,-3.97752764059e-08,-3.23603558172e-07,-8.25775003932e-08,-2.58588634949e-08,7.53763629291e-08,8.91288038929e-08,3.65167034033e-05,0.0,7.00692339706e-07,1.2798004434e-07,2.97621323142e-08,8.6364231322e-08,-3.97752764059e-08,3.23603558172e-07,7.00692339706e-07,-1.2798004434e-07,3.74253213522e-05,0.0
1630632795802289617,height,4,32,width,4,8,imag,2,2,0,3.20687358908e-05,0.0,-2.29478715141e-07,-1.68719971327e-08,-1.02652883527e-07,8.49591597074e-09,1.11308921191e-07,-2.38798776309e-07,-2.29478715141e-07,1.68719971327e-08,3.57359567715e-05,0.0,7.45505417399e-08,-3.27513447473e-08,2.48362681532e-07,-3.1202006312e-07,-1.02652883527e-07,-8.49591597074e-09,7.45505417399e-08,3.27513447473e-08,3.65613632312e-05,0.0,3.17614592404e-07,1.97443014827e-07,1.11308921191e-07,2.38798776309e-07,2.48362681532e-07,3.1202006312e-07,3.17614592404e-07,-1.97443014827e-07,3.6972855014e-05,0.0
1630632795963330084,height,4,32,width,4,8,imag,2,2,0,3.17909289151e-05,0.0,1.2674586003e-07,8.02414206191e-08,2.02619894196e-08,-6.58554855093e-09,-7.23566913052e-08,-1.01344632242e-07,1.2674586003e-07,-8.02414206191e-08,3.63866129192e-05,0.0,-3.15324712119e-07,4.27839417227e-08,-5.0937063456e-09,1.59658767984e-07,2.02619894196e-08,6.58554855093e-09,-3.15324712119e-07,-4.27839417227e-08,3.65700470866e-05,0.0,1.11419225846e-07,1.89122431493e-07,-7.23566913052e-08,1.01344632242e-07,-5.0937063456e-09,-1.59658767984e-07,1.11419225846e-07,-1.89122431493e-07,3.72836075258e-05,0.0
1630632795986739452,height,4,32,width,4,8,imag,2,2,0,3.16726545861e-05,0.0,1.97307457483e-07,-5.50357270868e-08,1.3376221375e-07,5.06065447325e-08,9.75105862722e-08,2.88983503793e-08,1.97307457483e-07,5.50357270868e-08,3.58629768016e-05,0.0,3.30248139946e-09,8.28479329584e-08,3.88181362609e-08,5.38808748729e-08,1.3376221375e-07,-5.06065447325e-08,3.30248139946e-09,-8.28479329584e-08,3.66226267943e-05,0.0,3.12351630782e-07,3.54872504715e-08,9.75105862722e-08,-2.88983503793e-08,3.88181362609e-08,-5.38808748729e-08,3.12351630782e-07,-3.54872504715e-08,3.76880998374e-05,0.0
1630632796041223333,height,4,32,width,4,8,imag,2,2,0,3.17938611261e-05,0.0,-1.39565685231e-07,1.7191786128e-07,6.85541436951e-08,8.46291712264e-08,-2.26167120587e-08,1.18452874176e-07,-1.39565685231e-07,-1.7191786128e-07,3.59266086889e-05,0.0,2.88091257516e-08,-2.22075826173e-07,2.13653983394e-08,-5.61186546122e-08,6.85541436951e-08,-8.46291712264e-08,2.88091257516e-08,2.22075826173e-07,3.67545326299e-05,0.0,2.66219416289e-07,1.3089731965e-07,-2.26167120587e-08,-1.18452874176e-07,2.13653983394e-08,5.61186546122e-08,2.66219416289e-07,-1.3089731965e-07,3.74905102944e-05,0.0
1630632796127606337,height,4,32,width,4,8,imag,2,2,0,3.20968283631e-05,0.0,1.12973943089e-07,-1.07283717909e-07,-1.2682285444e-07,1.01599802349e-07,1.1975612324e-07,-1.72549139421e-08,1.12973943089e-07,1.07283717909e-07,3.62699320249e-05,0.0,-1.44329163732e-07,-2.63751928742e-07,-6.4860515181e-08,-2.65998618687e-08,-1.2682285444e-07,-1.01599802349e-07,-1.44329163732e-07,2.63751928742e-07,3.64306397387e-05,0.0,3.52575597162e-07,-2.5652639124e-07,1.1975612324e-07,1.72549139421e-08,-6.4860515181e-08,2.65998618687e-08,3.52575597162e-07,2.5652639124e-07,3.7297460949e-05,0.0
1630632796137472190,height,4,32,width,4,8,imag,2,2,0,3.21319857903e-05,0.0,8.11186424698e-08,2.18535788576e-07,-9.79569989568e-08,-1.73841414153e-07,-4.82995048401e-08,-5.46455893868e-08,8.11186424698e-08,-2.18535788576e-07,3.59692749043e-05,0.0,3.6496240341e-07,-2.37141051684e-07,1.40392648618e-08,-1.69541493733e-07,-9.79569989568e-08,1.73841414153e-07,3.6496240341e-07,2.37141051684e-07,3.66279818991e-05,0.0,-9.33293087257e-09,-9.35636901289e-09,-4.82995048401e-08,5.46455893868e-08,1.40392648618e-08,1.69541493733e-07,-9.33293087257e-09,9.35636901289e-09,3.71107889805e-05,0.0
1630632796282944828,height,4,32,width,4,8,imag,2,2,0,3.21532097587e-05,0.0,-2.62928637085e-07,1.09575104545e-07,1.13882656194e-07,-3.1350296581e-08,-3.75958499887e-08,-4.87684701511e-08,-2.62928637085e-07,-1.09575104545e-07,3.58656034223e-05,0.0,-6.6479813654e-08,-3.49622240492e-07,-1.96628064941e-07,-2.21566878622e-07,1.13882656194e-07,3.1350296581e-08,-6.6479813654e-08,3.49622240492e-07,3.69262743334e-05,0.0,5.65325535717e-07,3.8170629324e-08,-3.75958499887e-08,4.87684701511e-08,-1.96628064941e-07,2.21566878622e-07,5.65325535717e-07,-3.8170629324e-08,3.67284847016e-05,0.0
1630632796297592561,height,4,32,width,4,8,imag,2,2,0,3.17281155731e-05,0.0,-3.71149013745e-08,-1.1237785813e-08,-2.02092365953e-07,1.73547093141e-07,-2.97411983929e-10,-1.24785088929e-07,-3.71149013745e-08,1.1237785813e-08,3.56704331352e-05,0.0,-1.77181561867e-07,-2.30238441645e-07,-1.55958957748e-07,1.03167838716e-08,-2.02092365953e-07,-1.73547093141e-07,-1.77181561867e-07,2.30238441645e-07,3.66892491002e-05,0.0,5.25334030499e-07,-1.78614541824e-07,-2.97411983929e-10,1.24785088929e-07,-1.55958957748e-07,-1.03167838716e-08,5.25334030499e-07,1.78614541824e-07,3.70579327864e-05,0.0
1630632796321661060,height,4,32,width,4,8,imag,2,2,0,3.17925296258e-05,0.0,-2.41639696696e-07,-4.93791851852e-08,-1.61009225508e-07,-6.65364581209e-08,-9.42671647408e-08,5.47388268046e-08,-2.41639696696e-07,4.93791851852e-08,3.58233082807e-05,0.0,-2.70858464546e-08,-1.55978781891e-07,-1.26539561052e-07,7.098575594e-08,-1.61009225508e-07,6.65364581209e-08,-2.70858464546e-08,1.55978781891e-07,3.650972576e-05,0.0,-1.01953176568e-07,1.66586374917e-07,-9.42671647408e-08,-5.47388268046e-08,-1.26539561052e-07,-7.098575594e-08,-1.01953176568e-07,-1.66586374917e-07,3.74533956347e-05,0.0
1630632796454436940,height,4,32,width,4,8,imag,2,2,0,3.20250619552e-05,0.0,-2.28269712466e-07,-5.89458437616e-08,-8.44831262725e-08,-1.29066224375e-08,-5.65379316697e-08,-1.45638177074e-08,-2.28269712466e-07,5.89458437616e-08,3.64406696463e-05,0.0,1.31546826765e-07,-1.09738223841e-07,-1.89302777898e-08,-1.48496766883e-07,-8.44831262725e-08,1.29066224375e-08,1.31546826765e-07,1.09738223841e-07,3.67382963304e-05,0.0,4.69186574037e-07,1.92075276573e-07,-5.65379316697e-08,1.45638177074e-08,-1.89302777898e-08,1.48496766883e-07,4.69186574037e-07,-1.92075276573e-07,3.69983972632e-05,0.0
1630632796511173678,height,4,32,width,4,8,imag,2,2,0,3.1715942896e-05,0.0,6.37168753315e-08,1.61761818163e-07,-7.21277260141e-08,7.75884334558e-09,-5.47973719733e-08,-1.59206479111e-07,6.37168753315e-08,-1.61761818163e-07,3.61514757969e-05,0.0,-1.68469527217e-09,-1.93284066086e-07,2.2007628786e-07,-6.94343711416e-08,-7.21277260141e-08,-7.75884334558e-09,-1.68469527217e-09,1.93284066086e-07,3.67565589841e-05,0.0,3.8083166487e-07,1.31904187128e-07,-5.47973719733e-08,1.59206479111e-07,2.2007628786e-07,6.94343711416e-08,3.8083166487e-07,-1.31904187128e-07,3.73891780328e-05,0.0
1630632796586052987,height,4,32,width,4,8,imag,2,2,0,3.18625461659e-05,0.0,1.05619823998e-08,-4.01601987221e-08,-7.45783310663e-08,-2.02227099066e-07,9.4552028429e-08,-2.06184367357e-07,1.05619823998e-08,4.01601987221e-08,3.61245001841e-05,0.0,1.47250617033e-07,1.7220669335e-08,5.83822235001e-08,-1.50473891125e-08,-7.45783310663e-08,2.02227099066e-07,1.47250617033e-07,-1.7220669335e-08,3.64375628124e-05,0.0,2.05760244398e-07,-1.97307301164e-07,9.4552028429e-08,2.06184367357e-07,5.83822235001e-08,1.50473891125e-08,2.05760244398e-07,1.97307301164e-07,3.74262999685e-05,0.0
1630632796615630654,height,4,32,width,4,8,imag,2,2,0,3.21425468428e-05,0.0,-5.05589792255e-10,5.88208699526e-08,4.89585261221e-08,3.79224651681e-08,-1.23950243847e-07,1.18771737334e-07,-5.05589792255e-10,-5.88208699526e-08,3.57217431883e-05,0.0,2.04620405952e-07,-8.93414267011e-08,2.98198727933e-08,6.1157528819e-08,4.89585261221e-08,-3.79224651681e-08,2.04620405952e-07,8.93414267011e-08,3.64267325494e-05,0.0,4.8082063131e-07,7.07927583221e-08,-1.23950243847e-07,-1.18771737334e-07,2.98198727933e-08,-6.1157528819e-08,4.8082063131e-07,-7.07927583221e-08,3.71196474589e-05,0.0
1630632796706587667,height,4,32,width,4,8,imag,2,2,0,3.17100566463e-05,0.0,-3.44887709502e-08,5.87995181434e-08,1.62365182632e-07,8.24609216465e-08,-1.64341017239e-07,-2.84837380349e-08,-3.44887709502e-08,-5.87995181434e-08,3.5958179069e-05,0.0,-1.6825692839e-08,1.39882246231e-07,7.63719043562e-08,-1.33799076707e-07,1.62365182632e-07,-8.24609216465e-08,-1.6825692839e-08,-1.39882246231e-07,3.68232758774e-05,0.0,1.33588343942e-07,2.03864118475e-07,-1.64341017239e-07,2.84837380349e-08,7.63719043562e-08,1.33799076707e-07,1.33588343942e-07,-2.03864118475e-07,3.72218819393e-05,0.0
1630632796782139596,height,4,32,width,4,8,imag,2,2,0,3.19713581121e-05,0.0,1.44890961451e-07,-4.85119642235e-08,2.22019718166e-08,-2.32648211806e-09,-6.53052936173e-08,3.54020812665e-07,1.44890961451e-07,4.85119642235e-08,3.59920486517e-05,0.0,-1.74120003749e-07,-1.7099193883e-07,-1.60217268785e-07,-1.43201091873e-07,2.22019718166e-08,2.32648211806e-09,-1.74120003749e-07,1.7099193883e-07,3.63757499144e-05,0.0,2.98473509019e-07,5.48972458603e-08,-6.53052936173e-08,-3.54020812665e-07,-1.60217268785e-07,1.43201091873e-07,2.98473509019e-07,-5.48972458603e-08,3.73830516764e-05,0.0
1630632796857692350,height,4,32,width,4,8,imag,2,2,0,3.21459010593e-05,0.0,-1.16407342432e-07,-1.46974784343e-07,2.97328057286e-07,-1.40656922554e-07,-7.56042481953e-08,3.56220439812e-08,-1.16407342432e-07,1.46974784343e-07,3.57359604095e-05,0.0,-9.74323270952e-08,-6.86377799042e-09,-1.69671565686e-07,-2.40080666458e-08,2.97328057286e-07,1.40656922554e-07,-9.74323270952e-08,6.86377799042e-09,3.62934661098e-05,0.0,3.33919473405e-07,-2.64097295144e-08,-7.56042481953e-08,-3.56220439812e-08,-1.69671565686e-07,2.40080666458e-08,3.33919473405e-07,2.64097295144e-08,3.71703536075e-05,0.0
1630632796857829526,height,4,32,width,4,8,imag,2,2,0,3.19645259879e-05,0.0,-7.65677228287e-08,-2.75855640552e-08,8.84146444946e-08,-5.37069837492e-08,-6.96178545923e-08,-1.49366428559e-07,-7.65677228287e-08,2.75855640552e-08,3.57686949428e-05,0.0,6.44408544304e-08,-8.09109366173e-08,7.6437011387e-08,3.35999139622e-08,8.84146444946e-08,5.37069837492e-08,6.44408544304e-08,8.09109366173e-08,3.67020766134e-05,0.0,3.15743506007e-07,2.57273200077e-07,-6.96178545923e-08,1.49366428559e-07,7.6437011387e-08,-3.35999139622e-08,3.15743506007e-07,-2.57273200077e-07,3.73233560822e-05,0.0
1630632796946862921,height,4,32,width,4,8,imag,2,2,0,3.22761006828e-05,0.0,-3.84599729841e-08,2.14982989633e-07,4.552047983e-08,3.22545712361e-10,2.25640633289e-07,-2.20732630396e-07,-3.84599729841e-08,-2.14982989633e-07,3.59855039278e-05,0.0,3.88570185805e-07,-9.61497761409e-08,-4.39743068625e-08,3.31363061434e-08,4.552047983e-08,-3.22545712361e-10,3.88570185805e-07,9.61497761409e-08,3.66804924852e-05,0.0,2.57536584058e-07,7.97018273602e-08,2.25640633289e-07,2.20732630396e-07,-4.39743068625e-08,-3.31363061434e-08,2.57536584058e-07,-7.97018273602e-08,3.72599861294e-05,0.0
1630632797068350747,height,4,32,width,4,8,imag,2,2,0,3.15348224831e-05,0.0,-2.73214624258e-07,7.78995286055e-08,1.61455972147e-07,7.86054812352e-08,-1.77959265102e-08,-3.59204648248e-08,-2.73214624258e-07,-7.78995286055e-08,3.57536264346e-05,0.0,2.73264561201e-07,-2.49793458806e-07,-2.52422893254e-07,3.54222692067e-07,1.61455972147e-07,-7.86054812352e-08,2.73264561201e-07,2.49793458806e-07,3.6401914258e-05,0.0,3.35121768558e-07,1.6866239605e-07,-1.77959265102e-08,3.59204648248e-08,-2.52422893254e-07,-3.54222692067e-07,3.35121768558e-07,-1.6866239605e-07,3.73107941414e-05,0.0
1630632797103297733,height,4,32,width,4,8,imag,2,2,0,3.22263804264e-05,0.0,1.83910614737e-07,-3.47791413446e-08,-2.64432202357e-07,2.51657695571e-07,-5.052332952e-08,-2.77427432138e-07,1.83910614737e-07,3.47791413446e-08,3.60821941285e-05,0.0,2.34292116374e-07,4.32198206113e-08,-1.80802341987e-08,8.19292793608e-08,-2.64432202357e-07,-2.51657695571e-07,2.34292116374e-07,-4.32198206113e-08,3.63360231859e-05,0.0,4.17060249447e-07,1.2624408896e-07,-5.052332952e-08,2.77427432138e-07,-1.80802341987e-08,-8.19292793608e-08,4.17060249447e-07,-1.2624408896e-07,3.72987960873e-05,0.0
1630632797119325283,height,4,32,width,4,8,imag,2,2,0,3.18562561006e-05,0.0,6.0256908796e-08,-4.15773762086e-08,3.85558216465e-08,2.56850569258e-07,-1.06843820902e-07,-3.76934536916e-08,6.0256908796e-08,4.15773762086e-08,3.61151214747e-05,0.0,4.09780369637e-08,-1.19512307606e-07,-3.91316859805e-07,-7.9788264884e-09,3.85558216465e-08,-2.56850569258e-07,4.09780369637e-08,1.19512307606e-07,3.6957582779e-05,0.0,2.5072210974e-07,1.85194419799e-08,-1.06843820902e-07,3.76934536916e-08,-3.91316859805e-07,7.9788264884e-09,2.5072210974e-07,-1.85194419799e-08,3.6745754187e-05,0.0
1630632797266084502,height,4,32,width,4,8,imag,2,2,0,3.16482073686e-05,0.0,2.12088750118e-07,6.46142339633e-08,-1.81322832304e-07,-1.00600709985e-08,5.38241131665e-08,-7.68733912082e-08,2.12088750118e-07,-6.46142339633e-08,3.59332480002e-05,0.0,-9.11937263481e-08,-3.37961232333e-08,1.24194855289e-07,-1.14376312865e-07,-1.81322832304e-07,1.00600709985e-08,-9.11937263481e-08,3.37961232333e-08,3.63386352547e-05,0.0,3.41392450309e-07,1.39514213515e-07,5.38241131665e-08,7.68733912082e-08,1.24194855289e-07,1.14376312865e-07,3.41392450309e-07,-1.39514213515e-07,3.75683885068e-05,0.0
1630632797274219555,height,4,32,width,4,8,imag,2,2,0,3.25188339048e-05,0.0,3.28517472781e-07,3.4803221638e-07,-3.22323330693e-07,-1.38642135994e-07,-2.39848727546e-08,1.01946975306e-08,3.28517472781e-07,-3.4803221638e-07,3.60075428034e-05,0.0,-1.3970948487e-07,3.6681317539e-08,-1.43430540334e-07,-2.64379508508e-07,-3.22323330693e-07,1.38642135994e-07,-1.3970948487e-07,-3.6681317539e-08,3.64712795999e-05,0.0,5.09916105784e-07,4.74489993962e-08,-2.39848727546e-08,-1.01946975306e-08,-1.43430540334e-07,2.64379508508e-07,5.09916105784e-07,-4.74489993962e-08,3.71771529899e-05,0.0
1630632797386889472,height,4,32,width,4,8,imag,2,2,0,3.20779545291e-05,0.0,2.8503987437e-07,-1.56907393745e-08,-2.14495031514e-07,-2.37432331573e-08,-1.90131515865e-07,2.7109678058e-08,2.8503987437e-07,1.56907393745e-08,3.61456113751e-05,0.0,-1.8809686253e-07,-1.77482760932e-07,3.7403478359e-07,1.37002402312e-07,-2.14495031514e-07,2.37432331573e-08,-1.8809686253e-07,1.77482760932e-07,3.64564657502e-05,0.0,1.74828798549e-07,2.82822782083e-07,-1.90131515865e-07,-2.7109678058e-08,3.7403478359e-07,-1.37002402312e-07,1.74828798549e-07,-2.82822782083e-07,3.70938432752e-05,0.0
1630632797426398620,height,4,32,width,4,8,imag,2,2,0,3.19924911309e-05,0.0,4.72823522557e-08,-1.70665899191e-08,-6.16096968997e-08,-4.65231364544e-09,3.45593420548e-08,1.79516405296e-07,4.72823522557e-08,1.70665899191e-08,3.58284814865e-05,0.0,8.86603401806e-10,-1.86610165542e-07,-9.50238572273e-08,3.60918548381e-08,-6.16096968997e-08,4.65231364544e-09,8.86603401806e-10,1.86610165542e-07,3.64334846381e-05,0.0,1.31974672968e-07,-1.16459247579e-07,3.45593420548e-08,-1.79516405296e-07,-9.50238572273e-08,-3.60918548381e-08,1.31974672968e-07,1.16459247579e-07,3.73079165001e-05,0.0
1630632797458979718,height,4,32,width,4,8,imag,2,2,0,3.17590966006e-05,0.0,-1.0479823942e-07,2.25169163315e-08,6.66453985332e-08,8.04268385224e-09,3.55762495019e-07,-2.84125377448e-07,-1.0479823942e-07,-2.25169163315e-08,3.58439720003e-05,0.0,1.73890022381e-08,-4.05605618425e-07,8.55180388726e-08,4.14637923996e-08,6.66453985332e-08,-8.04268385224e-09,1.73890022381e-08,4.05605618425e-07,3.65036030416e-05,0.0,3.69159351976e-07,2.88495272116e-07,3.55762495019e-07,2.84125377448e-07,8.55180388726e-08,-4.14637923996e-08,3.69159351976e-07,-2.88495272116e-07,3.75278104912e-05,0.0
1630632797596603778,height,4,32,width,4,8,imag,2,2,0,3.21701190842e-05,0.0,7.88754519476e-08,2.88460711317e-07,-1.28765947238e-07,-1.657122084e-07,-2.92611073149e-08,1.94500657358e-07,7.88754519476e-08,-2.88460711317e-07,3.56545715476e-05,0.0,6.91158064114e-08,-2.48857219276e-07,9.44470812669e-08,5.17987182036e-08,-1.28765947238e-07,1.657122084e-07,6.91158064114e-08,2.48857219276e-07,3.6272151192e-05,0.0,3.40065753335e-07,5.92721889348e-08,-2.92611073149e-08,-1.94500657358e-07,9.44470812669e-08,-5.17987182036e-08,3.40065753335e-07,-5.92721889348e-08,3.745041613e-05,0.0
1630632797624137738,height,4,32,width,4,8,imag,2,2,0,3.22806154145e-05,0.0,4.09731981676e-08,2.20828866304e-07,-1.21867699931e-07,-1.69027103425e-07,6.57264607185e-08,-9.59267367762e-08,4.09731981676e-08,-2.20828866304e-07,3.6312991142e-05,0.0,8.78456418718e-08,-4.61910296679e-08,2.68817018423e-07,-1.68113388099e-07,-1.21867699931e-07,1.69027103425e-07,8.78456418718e-08,4.61910296679e-08,3.6669709516e-05,0.0,3.39728529752e-07,3.18758878848e-07,6.57264607185e-08,9.59267367762e-08,2.68817018423e-07,1.68113388099e-07,3.39728529752e-07,-3.18758878848e-07,3.73292168661e-05,0.0
1630632797656730856,height,4,32,width,4,8,imag,2,2,0,3.1660314562e-05,0.0,7.75866411118e-08,7.22716535506e-08,1.36658462324e-09,-1.99273415546e-08,-2.12974654801e-07,-1.14176700095e-07,7.75866411118e-08,-7.22716535506e-08,3.61902057193e-05,0.0,4.30708055887e-08,9.04815067315e-08,2.48488646548e-07,-8.55933421917e-08,1.36658462324e-09,1.99273415546e-08,4.30708055887e-08,-9.04815067315e-08,3.63584986189e-05,0.0,2.67062858939e-07,3.04594948375e-07,-2.12974654801e-07,1.14176700095e-07,2.48488646548e-07,8.55933421917e-08,2.67062858939e-07,-3.04594948375e-07,3.72311114916e-05,0.0
1630632797759187956,height,4,32,width,4,8,imag,2,2,0,0.0013687601313,0.0,0.0152040235698,-0.00841279234737,0.016033353284,-0.00643261289224,-0.00665728980675,0.0186127349734,0.0152040235698,0.00841279234737,0.232053786516,0.0,0.226617634296,0.0276704095304,-0.194463297725,0.172081455588,0.016033353284,0.00643261289224,0.226617634296,-0.0276704095304,0.225999847054,0.0,-0.17025333643,0.191993445158,-0.00665728980675,-0.0186127349734,-0.194463297725,-0.172081455588,-0.17025333643,-0.191993445158,0.297455966473,0.0
1630632797791498444,height,4,32,width,4,8,imag,2,2,0,3.23219246638e-05,0.0,-2.39638922039e-07,-4.36253877467e-09,-2.22772300162e-07,-7.77331337076e-08,1.99907304932e-07,7.86369085404e-08,-2.39638922039e-07,4.36253877467e-09,3.59473742719e-05,0.0,2.54809918943e-07,1.26725709038e-07,-8.84686457425e-08,-1.24902754806e-07,-2.22772300162e-07,7.77331337076e-08,2.54809918943e-07,-1.26725709038e-07,3.67655811715e-05,0.0,5.82235593072e-08,1.35902054055e-08,1.99907304932e-07,-7.86369085404e-08,-8.84686457425e-08,1.24902754806e-07,5.82235593072e-08,-1.35902054055e-08,3.71289825125e-05,0.0
1630632797918271648,height,4,32,width,4,8,imag,2,2,0,0.00212096143514,0.0,0.023805545643,-0.0131793059409,0.0251310821623,-0.00994158908725,-0.0103866970167,0.0291380248964,0.023805545643,0.0131793059409,0.363303661346,0.0,0.35456803441,0.04525064677,-0.304146438837,0.269492834806,0.0251310821623,0.00994158908725,0.35456803441,-0.04525064677,0.353673547506,0.0,-0.264480441809,0.301958411932,-0.0103866970167,-0.0291380248964,-0.304146438837,-0.269492834806,-0.264480441809,-0.301958411932,0.465609908104,0.0
1630632797921480401,height,4,32,width,4,8,imag,2,2,0,3.17869853461e-05,0.0,-5.98272578145e-08,2.82131708218e-07,-1.14266143214e-07,8.05247069025e-08,1.504661995e-08,-1.50654898334e-07,-5.98272578145e-08,-2.82131708218e-07,3.58679753845e-05,0.0,-2.65047237491e-08,-6.01310787829e-08,4.30842668209e-08,-3.50811234284e-07,-1.14266143214e-07,-8.05247069025e-08,-2.65047237491e-08,6.01310787829e-08,3.64010847989e-05,0.0,3.83050036135e-07,4.23819592754e-08,1.504661995e-08,1.50654898334e-07,4.30842668209e-08,3.50811234284e-07,3.83050036135e-07,-4.23819592754e-08,3.69362387573e-05,0.0
1630632797984721777,height,4,32,width,4,8,imag,2,2,0,0.00136611261405,0.0,0.0151865286753,-0.00841023400426,0.0160157233477,-0.00643113907427,-0.00664211669937,0.0185991451144,0.0151865286753,0.00841023400426,0.232061833143,0.0,0.226627156138,0.0276837889105,-0.194461837411,0.172103881836,0.0160157233477,0.00643113907427,0.226627156138,-0.0276837889105,0.226015463471,0.0,-0.170243576169,0.192026123405,-0.00664211669937,-0.0185991451144,-0.194461837411,-0.172103881836,-0.170243576169,-0.192026123405,0.297475934029,0.0
1630632798082798120,height,4,32,width,4,8,imag,2,2,0,0.00212348275818,0.0,0.0239161048084,-0.0130508011207,0.0252127554268,-0.00982274580747,-0.010394028388,0.0291951689869,0.0239161048084,0.0130508011207,0.364432871342,0.0,0.35534375906,0.0449248813093,-0.303497195244,0.272621452808,0.0252127554268,0.00982274580747,0.35534375906,-0.0449248813093,0.354162752628,0.0,-0.263621807098,0.304380506277,-0.010394028388,-0.0291951689869,-0.303497195244,-0.272621452808,-0.263621807098,-0.304380506277,0.467190235853,0.0
1630632798171394377,height,4,32,width,4,8,imag,2,2,0,0.00212264247239,0.0,0.0238247141242,-0.0131742376834,0.0251469239593,-0.0099333235994,-0.0103999162093,0.0291462875903,0.0238247141242,0.0131742376834,0.363336384296,0.0,0.354575365782,0.0452493429184,-0.304128855467,0.269551515579,0.0251469239593,0.0099333235994,0.354575365782,-0.0452493429184,0.353651732206,0.0,-0.264442622662,0.30197763443,-0.0103999162093,-0.0291462875903,-0.304128855467,-0.269551515579,-0.264442622662,-0.30197763443,0.465618699789,0.0
1630632798187265659,height,4,32,width,4,8,imag,2,2,0,3.19233622577e-05,0.0,-1.30359385508e-08,-1.98306921106e-07,-2.73769096282e-08,1.98880400148e-07,-2.01984292403e-07,2.11862740684e-07,-1.30359385508e-08,1.98306921106e-07,3.6049335904e-05,0.0,-1.612929168e-08,-1.03332645551e-07,-1.3028130752e-07,-2.74100955266e-08,-2.73769096282e-08,-1.98880400148e-07,-1.612929168e-08,1.03332645551e-07,3.61130441888e-05,0.0,2.95913736181e-07,1.30622950678e-07,-2.01984292403e-07,-2.11862740684e-07,-1.3028130752e-07,2.74100955266e-08,2.95913736181e-07,-1.30622950678e-07,3.77492215193e-05,0.0
1630632798261986278,height,4,32,width,4,8,imag,2,2,0,0.00210768263787,0.0,0.0236467588693,-0.0131650194526,0.0249067470431,-0.0100285485387,-0.0105515280738,0.0289018265903,0.0236467588693,0.0131650194526,0.362300843,0.0,0.353013962507,0.0436284244061,-0.305915355682,0.265890240669,0.0249067470431,0.0100285485387,0.353013962507,-0.0436284244061,0.351338386536,0.0,-0.267428576946,0.297078132629,-0.0105515280738,-0.0289018265903,-0.305915355682,-0.265890240669,-0.267428576946,-0.297078132629,0.463766157627,0.0
1630632798310096142,height,4,32,width,4,8,imag,2,2,0,0.00212648534216,0.0,0.0239278096706,-0.0130712464452,0.0252225268632,-0.00984065234661,-0.0103956591338,0.0292206518352,0.0239278096706,0.0130712464452,0.3644336164,0.0,0.355294436216,0.0449154041708,-0.303563326597,0.272590100765,0.0252225268632,0.00984065234661,0.355294436216,-0.0449154041708,0.35405805707,0.0,-0.263650417328,0.304303020239,-0.0103956591338,-0.0292206518352,-0.303563326597,-0.272590100765,-0.263650417328,-0.304303020239,0.467249214649,0.0
1630632798422960290,height,4,32,width,4,8,imag,2,2,0,0.00211007823236,0.0,0.0236446261406,-0.0131639912724,0.0249465294182,-0.00996241718531,-0.0106249107048,0.0289094783366,0.0236446261406,0.0131639912724,0.3619556427,0.0,0.352774381638,0.0446120239794,-0.306369960308,0.265196800232,0.0249465294182,0.00996241718531,0.352774381638,-0.0446120239794,0.351459473372,0.0,-0.267279058695,0.297360122204,-0.0106249107048,-0.0289094783366,-0.306369960308,-0.265196800232,-0.267279058695,-0.297360122204,0.464336365461,0.0
1630632798456829284,height,4,32,width,4,8,imag,2,2,0,3.18937127304e-05,0.0,3.02356433224e-08,-6.27892093874e-09,-2.74975349157e-07,-3.10518601054e-07,1.42447376561e-07,-1.55028118343e-07,3.02356433224e-08,6.27892093874e-09,3.56226337317e-05,0.0,-3.1380931631e-08,-1.42824006844e-07,1.10629663652e-07,-9.85438717294e-08,-2.74975349157e-07,3.10518601054e-07,-3.1380931631e-08,1.42824006844e-07,3.70263514924e-05,0.0,2.56522469044e-07,1.53633664013e-07,1.42447376561e-07,1.55028118343e-07,1.10629663652e-07,9.85438717294e-08,2.56522469044e-07,-1.53633664013e-07,3.69332774426e-05,0.0
1630632798534629983,height,4,32,width,4,8,imag,2,2,0,0.00210867845453,0.0,0.0236360169947,-0.0131944390014,0.0248976163566,-0.0100588249043,-0.0105125531554,0.0289203189313,0.0236360169947,0.0131944390014,0.362300783396,0.0,0.352987527847,0.0436017625034,-0.305881679058,0.265947133303,0.0248976163566,0.0100588249043,0.352987527847,-0.0436017625034,0.3512789011,0.0,-0.267387837172,0.297083258629,-0.0105125531554,-0.0289203189313,-0.305881679058,-0.265947133303,-0.267387837172,-0.297083258629,0.463779360056,0.0
1630632798589766440,height,4,32,width,4,8,imag,2,2,0,0.00210989359766,0.0,0.0236653257161,-0.0131110232323,0.0249202307314,-0.00999062787741,-0.0106563046575,0.0288967490196,0.0236653257161,0.0131110232323,0.361443847418,0.0,0.352513313293,0.0434449911118,-0.305851101875,0.265075147152,0.0249202307314,0.00999062787741,0.352513313293,-0.0434449911118,0.351036131382,0.0,-0.267725616693,0.29633179307,-0.0106563046575,-0.0288967490196,-0.305851101875,-0.265075147152,-0.267725616693,-0.29633179307,0.46419903636,0.0
1630632798672153299,height,4,32,width,4,8,imag,2,2,0,0.00211452948861,0.0,0.023673824966,-0.0131611963734,0.0249342620373,-0.0100354300812,-0.0106287635863,0.0289453715086,0.023673824966,0.0131611963734,0.361453920603,0.0,0.352522879839,0.0434367470443,-0.305849581957,0.265080034733,0.0249342620373,0.0100354300812,0.352522879839,-0.0434367470443,0.351042568684,0.0,-0.267725527287,0.296331882477,-0.0106287635863,-0.0289453715086,-0.305849581957,-0.265080034733,-0.267725527287,-0.296331882477,0.464188575745,0.0
1630632798724571302,height,4,32,width,4,8,imag,2,2,0,0.00136533600744,0.0,0.0151734882966,-0.00842280872166,0.0160041041672,-0.00644385954365,-0.00662361271679,0.0185996815562,0.0151734882966,0.00842280872166,0.232085898519,0.0,0.226630419493,0.0276762954891,-0.194484606385,0.172128975391,0.0160041041672,0.00644385954365,0.226630419493,-0.0276762954891,0.226003542542,0.0,-0.17025180161,0.19203260541,-0.00662361271679,-0.0185996815562,-0.194484606385,-0.172128975391,-0.17025180161,-0.19203260541,0.297502547503,0.0
1630632798755458195,height,4,32,width,4,8,imag,2,2,0,0.00211438722908,0.0,0.0237580146641,-0.0130411777645,0.0249787047505,-0.00987831223756,-0.0104532893747,0.0290290229023,0.0237580146641,0.0130411777645,0.362113773823,0.0,0.352550178766,0.043670065701,-0.303330898285,0.269302904606,0.0249787047505,0.00987831223756,0.352550178766,-0.043670065701,0.350577026606,0.0,-0.264169305563,0.299865782261,-0.0104532893747,-0.0290290229023,-0.303330898285,-0.269302904606,-0.264169305563,-0.299865782261,0.465082377195,0.0
1630632798815053451,height,4,32,width,4,8,imag,2,2,0,0.00210862420499,0.0,0.0237232074142,-0.0130213107914,0.0249439068139,-0.00986486673355,-0.010431503877,0.0289916023612,0.0237232074142,0.0130213107914,0.362126678228,0.0,0.352577388287,0.0436396971345,-0.303314983845,0.269316077232,0.0249439068139,0.00986486673355,0.352577388287,-0.0436396971345,0.350608885288,0.0,-0.264189064503,0.299868285656,-0.010431503877,-0.0289916023612,-0.303314983845,-0.269316077232,-0.264189064503,-0.299868285656,0.465065896511,0.0
1630632798921592643,height,4,32,width,4,8,imag,2,2,0,0.00212690094486,0.0,0.0237919762731,-0.0132915880531,0.0250879246742,-0.0100780874491,-0.0107510238886,0.0291238781065,0.0237919762731,0.0132915880531,0.364050030708,0.0,0.35463771224,0.0446619391441,-0.309300392866,0.266109466553,0.0250879246742,0.0100780874491,0.35463771224,-0.0446619391441,0.353070706129,0.0,-0.270057111979,0.298304289579,-0.0107510238886,-0.0291238781065,-0.309300392866,-0.266109466553,-0.270057111979,-0.298304289579,0.467887490988,0.0
1630632798993624305,height,4,32,width,4,8,imag,2,2,0,0.00211816420779,0.0,0.0237796958536,-0.0131867369637,0.0251027569175,-0.00995138753206,-0.0103560648859,0.0291269011796,0.0237796958536,0.0131867369637,0.363354384899,0.0,0.354553878307,0.0452463440597,-0.304173797369,0.269551843405,0.0251027569175,0.00995138753206,0.354553878307,-0.0452463440597,0.3536016047,0.0,-0.264459758997,0.301962196827,-0.0103560648859,-0.0291269011796,-0.304173797369,-0.269551843405,-0.264459758997,-0.301962196827,0.465680778027,0.0
1630632799076483041,height,4,32,width,4,8,imag,2,2,0,0.00212786882184,0.0,0.023783955723,-0.0133001459762,0.0250854436308,-0.0100857047364,-0.0107454480603,0.0291338469833,0.023783955723,0.0133001459762,0.363958775997,0.0,0.35457316041,0.0446752980351,-0.309284955263,0.266076564789,0.0250854436308,0.0100857047364,0.35457316041,-0.0446752980351,0.353032231331,0.0,-0.270037204027,0.298305124044,-0.0107454480603,-0.0291338469833,-0.309284955263,-0.266076564789,-0.270037204027,-0.298305124044,0.467915147543,0.0
1630632799078926009,height,4,32,width,4,8,imag,2,2,0,0.000272746779956,0.0,0.00273515889421,-0.00154150649905,0.00288493116386,-0.00116257055197,-0.00127031363081,0.00333941658027,0.00273515889421,0.00154150649905,0.0421595610678,0.0,0.0409155525267,0.00524650886655,-0.0361163690686,0.0302414428443,0.00288493116386,0.00116257055197,0.0409155525267,-0.00524650886655,0.0406993478537,0.0,-0.0314944647253,0.0340162478387,-0.00127031363081,-0.00333941658027,-0.0361163690686,-0.0302414428443,-0.0314944647253,-0.0340162478387,0.0539756827056,0.0
1630632799249554821,height,4,32,width,4,8,imag,2,2,0,3.21066218021e-05,0.0,-1.13771960741e-08,-1.46038658499e-07,-2.07456565704e-07,-4.32620765878e-08,-2.01308694159e-07,-5.85425823374e-08,-1.13771960741e-08,1.46038658499e-07,3.60149315384e-05,0.0,-5.4726712051e-08,-1.27049190723e-07,1.26952613755e-07,-8.22102990128e-08,-2.07456565704e-07,4.32620765878e-08,-5.4726712051e-08,1.27049190723e-07,3.6585588532e-05,0.0,3.30813008986e-07,-8.46177456992e-08,-2.01308694159e-07,5.85425823374e-08,1.26952613755e-07,8.22102990128e-08,3.30813008986e-07,8.46177456992e-08,3.7018697185e-05,0.0
1630632799255192791,height,4,32,width,4,8,imag,2,2,0,0.00211172061972,0.0,0.0236584618688,-0.0131949065253,0.0249192714691,-0.0100554730743,-0.0105317635462,0.0289379265159,0.0236584618688,0.0131949065253,0.362326651812,0.0,0.353019475937,0.0436058156192,-0.305910408497,0.265910953283,0.0249192714691,0.0100554730743,0.353019475937,-0.0436058156192,0.351319551468,0.0,-0.267427802086,0.297062188387,-0.0105317635462,-0.0289379265159,-0.305910408497,-0.265910953283,-0.267427802086,-0.297062188387,0.463759064674,0.0
1630632799270903706,height,4,32,width,4,8,imag,2,2,0,0.000273023382761,0.0,0.00273661129177,-0.00153868366033,0.00288613559678,-0.00116072467063,-0.00127283274196,0.00333865126595,0.00273661129177,0.00153868366033,0.0421436950564,0.0,0.0409196391702,0.0052477279678,-0.0361067801714,0.0302453748882,0.00288613559678,0.00116072467063,0.0409196391702,-0.0052477279678,0.0407227501273,0.0,-0.0314996875823,0.0340338647366,-0.00127283274196,-0.00333865126595,-0.0361067801714,-0.0302453748882,-0.0314996875823,-0.0340338647366,0.0539818443358,0.0
1630632799410984528,height,4,32,width,4,8,imag,2,2,0,3.185807509e-05,0.0,1.31924053903e-07,4.40474572372e-08,-7.09773644303e-08,-4.59501876549e-08,1.75851155859e-09,2.18131773977e-07,1.31924053903e-07,-4.40474572372e-08,3.62220525858e-05,0.0,2.68629509748e-08,9.83187788961e-08,-1.11835824157e-07,1.33535863256e-07,-7.09773644303e-08,4.59501876549e-08,2.68629509748e-08,-9.83187788961e-08,3.65963023796e-05,0.0,-1.10175895074e-08,-3.9189213652e-08,1.75851155859e-09,-2.18131773977e-07,-1.11835824157e-07,-1.33535863256e-07,-1.10175895074e-08,3.9189213652e-08,3.7508099922e-05,0.0
1630632799456602495,height,4,32,width,4,8,imag,2,2,0,3.21853658534e-05,0.0,4.48745716142e-08,-3.76659503587e-09,-1.13257584644e-07,5.01484116455e-08,-3.19587172726e-07,1.30451525138e-07,4.48745716142e-08,3.76659503587e-09,3.61666279787e-05,0.0,2.78148490906e-07,-1.49634118429e-07,-1.05996790012e-07,1.28454331616e-07,-1.13257584644e-07,-5.01484116455e-08,2.78148490906e-07,1.49634118429e-07,3.64794359484e-05,0.0,1.16292369512e-07,6.36644088559e-08,-3.19587172726e-07,-1.30451525138e-07,-1.05996790012e-07,-1.28454331616e-07,1.16292369512e-07,-6.36644088559e-08,3.74671217287e-05,0.0
1630632799526926123,height,4,32,width,4,8,imag,2,2,0,0.0021109727677,0.0,0.0236521065235,-0.0131691182032,0.0249535460025,-0.00996689032763,-0.0106214070693,0.028920006007,0.0236521065235,0.0131691182032,0.361947029829,0.0,0.352757632732,0.0446067340672,-0.306336790323,0.265199363232,0.0249535460025,0.00996689032763,0.352757632732,-0.0446067340672,0.35143700242,0.0,-0.267238169909,0.29734686017,-0.0106214070693,-0.028920006007,-0.306336790323,-0.265199363232,-0.267238169909,-0.29734686017,0.464301168919,0.0
1630632799576555036,height,4,32,width,4,8,imag,2,2,0,3.19329774356e-05,0.0,-1.0848015819e-08,9.86252217672e-08,-7.29970679458e-08,-1.29793619408e-07,-2.25398622433e-07,-8.1717494993e-08,-1.0848015819e-08,-9.86252217672e-08,3.59368132195e-05,0.0,1.36670635698e-07,-8.03074513556e-08,3.37015080731e-07,2.00586391941e-08,-7.29970679458e-08,1.29793619408e-07,1.36670635698e-07,8.03074513556e-08,3.65221421816e-05,0.0,2.06497176691e-07,3.59561695973e-08,-2.25398622433e-07,8.1717494993e-08,3.37015080731e-07,-2.00586391941e-08,2.06497176691e-07,-3.59561695973e-08,3.69143599528e-05,0.0
1630632799642969951,height,4,32,width,4,8,imag,2,2,0,3.1872485124e-05,0.0,1.40176240393e-07,-6.22701845643e-09,-3.98236714716e-08,4.29158966142e-08,-1.03557034947e-07,1.05767099967e-07,1.40176240393e-07,6.22701845643e-09,3.60382073268e-05,0.0,-4.48540227183e-08,-2.31411377172e-07,2.54000070754e-07,5.29491259726e-08,-3.98236714716e-08,-4.29158966142e-08,-4.48540227183e-08,2.31411377172e-07,3.65078631148e-05,0.0,1.9802449458e-07,3.0151647934e-07,-1.03557034947e-07,-1.05767099967e-07,2.54000070754e-07,-5.29491259726e-08,1.9802449458e-07,-3.0151647934e-07,3.72724243789e-05,0.0
1630632799737548749,height,4,32,width,4,8,imag,2,2,0,3.18469683407e-05,0.0,-1.39392170695e-07,-1.10059993119e-07,1.06996580485e-07,1.17435938307e-07,-3.26756861568e-07,2.44751589662e-07,-1.39392170695e-07,1.10059993119e-07,3.5962984839e-05,0.0,3.8561633886e-08,-2.11289872709e-07,-4.28898303539e-08,-1.62991426578e-07,1.06996580485e-07,-1.17435938307e-07,3.8561633886e-08,2.11289872709e-07,3.6199697206e-05,0.0,2.54807360989e-07,-2.68443312024e-08,-3.26756861568e-07,-2.44751589662e-07,-4.28898303539e-08,1.62991426578e-07,2.54807360989e-07,2.68443312024e-08,3.71662754333e-05,0.0
1630632799782604506,height,4,32,width,4,8,imag,2,2,0,3.20973995258e-05,0.0,-2.94849336058e-08,-1.18605756327e-08,1.12589752632e-07,1.27943913242e-08,2.65860876425e-07,-8.88409275035e-08,-2.94849336058e-08,1.18605756327e-08,3.57021963282e-05,0.0,4.15036254253e-08,-1.85725468782e-07,2.53655940696e-07,1.24324115447e-08,1.12589752632e-07,-1.27943913242e-08,4.15036254253e-08,1.85725468782e-07,3.61571437679e-05,0.0,1.94375274987e-07,1.15552573732e-07,2.65860876425e-07,8.88409275035e-08,2.53655940696e-07,-1.24324115447e-08,1.94375274987e-07,-1.15552573732e-07,3.69116423826e-05,0.0
1630632799792758570,height,4,32,width,4,8,imag,2,2,0,0.00210672128014,0.0,0.0236305575818,-0.0131392767653,0.0248859375715,-0.0100199058652,-0.010605131276,0.0288908127695,0.0236305575818,0.0131392767653,0.361511647701,0.0,0.352546304464,0.0434483624995,-0.305874079466,0.265085250139,0.0248859375715,0.0100199058652,0.352546304464,-0.0434483624995,0.351036697626,0.0,-0.267724096775,0.296322345734,-0.010605131276,-0.0288908127695,-0.305874079466,-0.265085250139,-0.267724096775,-0.296322345734,0.464172184467,0.0
1630632799903062896,height,4,32,width,4,8,imag,2,2,0,3.21108564094e-05,0.0,-6.86968348873e-08,-1.40047111685e-08,5.37774180742e-09,-1.07028149898e-07,-5.25787449135e-08,4.21230588188e-08,-6.86968348873e-08,1.40047111685e-08,3.61840284313e-05,0.0,1.11256241553e-07,-9.72251790188e-09,-6.9259833424e-08,3.3904680663e-07,5.37774180742e-09,1.07028149898e-07,1.11256241553e-07,9.72251790188e-09,3.63719555025e-05,0.0,2.64518803306e-07,4.91655853807e-08,-5.25787449135e-08,-4.21230588188e-08,-6.9259833424e-08,-3.3904680663e-07,2.64518803306e-07,-4.91655853807e-08,3.78446129616e-05,0.0
1630632799947581013,height,4,32,width,4,8,imag,2,2,0,3.22462910844e-05,0.0,4.04607547466e-09,-2.42586452259e-07,-3.1519977739e-08,1.44985037309e-07,-6.38476882475e-10,-1.63668204323e-07,4.04607547466e-09,2.42586452259e-07,3.62938444596e-05,0.0,2.00264224759e-07,-1.14313763788e-07,1.44307650274e-08,1.3408111954e-07,-3.1519977739e-08,-1.44985037309e-07,2.00264224759e-07,1.14313763788e-07,3.64248626283e-05,0.0,2.95987518939e-07,7.48810968787e-09,-6.38476882475e-10,1.63668204323e-07,1.44307650274e-08,-1.3408111954e-07,2.95987518939e-07,-7.48810968787e-09,3.71652386093e-05,0.0
1630632800061145121,height,4,32,width,4,8,imag,2,2,0,3.1894971471e-05,0.0,-6.22309954679e-08,-7.24661148865e-08,-2.04331982445e-08,-2.7234143829e-08,-6.33323438137e-08,7.24918862716e-08,-6.22309954679e-08,7.24661148865e-08,3.56019263563e-05,0.0,2.74651398513e-07,1.21015915511e-07,1.92988665049e-07,-7.15012831165e-08,-2.04331982445e-08,2.7234143829e-08,2.74651398513e-07,-1.21015915511e-07,3.61796082871e-05,0.0,1.50735701254e-07,9.37778779075e-08,-6.33323438137e-08,-7.24918862716e-08,1.92988665049e-07,7.15012831165e-08,1.50735701254e-07,-9.37778779075e-08,3.73465009034e-05,0.0
1630632800064102153,height,4,32,width,4,8,imag,2,2,0,0.000273006618954,0.0,0.00273926416412,-0.00153024226893,0.00288892001845,-0.00115148385521,-0.00128131953534,0.00333430315368,0.00273926416412,0.00153024226893,0.0421416722238,0.0,0.0409136898816,0.00524359149858,-0.0361136347055,0.0302469637245,0.00288892001845,0.00115148385521,0.0409136898816,-0.00524359149858,0.0407130755484,0.0,-0.0315054729581,0.0340280421078,-0.00128131953534,-0.00333430315368,-0.0361136347055,-0.0302469637245,-0.0315054729581,-0.0340280421078,0.0539993792772,0.0
1630632800209413448,height,4,32,width,4,8,imag,2,2,0,3.21109546348e-05,0.0,-3.34631891974e-07,-1.04520452737e-07,-1.1677857259e-07,-9.55755474763e-10,-1.05815651352e-07,-1.7591069934e-07,-3.34631891974e-07,1.04520452737e-07,3.59582263627e-05,0.0,6.33469952049e-08,-1.47427442698e-07,-1.85508412187e-07,2.66029303475e-07,-1.1677857259e-07,9.55755474763e-10,6.33469952049e-08,1.47427442698e-07,3.65497508028e-05,0.0,2.7083424925e-07,-3.00300825984e-07,-1.05815651352e-07,1.7591069934e-07,-1.85508412187e-07,-2.66029303475e-07,2.7083424925e-07,3.00300825984e-07,3.75749950763e-05,0.0
1630632800221376949,height,4,32,width,4,8,imag,2,2,0,3.21625739161e-05,0.0,-9.86147554727e-08,-9.53416758875e-08,8.55036752512e-09,-6.2159287495e-08,-2.84976753306e-08,1.68075231954e-07,-9.86147554727e-08,9.53416758875e-08,3.57941753464e-05,0.0,3.0712252741e-09,4.09999989515e-09,-9.17570801562e-08,-6.09952408581e-08,8.55036752512e-09,6.2159287495e-08,3.0712252741e-09,-4.09999989515e-09,3.63830549759e-05,0.0,2.86255783521e-07,-1.99933509748e-08,-2.84976753306e-08,-1.68075231954e-07,-9.17570801562e-08,6.09952408581e-08,2.86255783521e-07,1.99933509748e-08,3.75920171791e-05,0.0
1630632800329400250,height,4,32,width,4,8,imag,2,2,0,3.20487997669e-05,0.0,8.56119370951e-08,1.56758758862e-07,2.67013122723e-09,9.81603065497e-08,6.20141733521e-08,7.97954555765e-08,8.56119370951e-08,-1.56758758862e-07,3.57292592525e-05,0.0,-2.06884521958e-07,-5.09158404327e-08,-1.59930266364e-07,-3.28707756125e-07,2.67013122723e-09,-9.81603065497e-08,-2.06884521958e-07,5.09158404327e-08,3.64173538401e-05,0.0,5.69314181575e-07,2.8422002174e-07,6.20141733521e-08,-7.97954555765e-08,-1.59930266364e-07,3.28707756125e-07,5.69314181575e-07,-2.8422002174e-07,3.71606365661e-05,0.0
1630632800353302187,height,4,32,width,4,8,imag,2,2,0,3.19142236549e-05,0.0,5.54949011189e-08,1.52572880552e-07,5.14241271787e-08,1.32522650631e-08,1.27592855392e-07,-9.7566847046e-08,5.54949011189e-08,-1.52572880552e-07,3.60936392099e-05,0.0,2.17562629246e-07,3.04824965269e-08,1.3730215187e-07,1.11798776459e-07,5.14241271787e-08,-1.32522650631e-08,2.17562629246e-07,-3.04824965269e-08,3.65802043234e-05,0.0,-2.57781795909e-08,8.64910560949e-08,1.27592855392e-07,9.7566847046e-08,1.3730215187e-07,-1.11798776459e-07,-2.57781795909e-08,-8.64910560949e-08,3.71361275029e-05,0.0
1630632800386825560,height,4,32,width,4,8,imag,2,2,0,3.18054117088e-05,0.0,1.36905015324e-07,-2.37160602268e-09,-3.64042200829e-08,-1.92358641016e-07,7.27986773086e-08,-2.99643296842e-08,1.36905015324e-07,2.37160602268e-09,3.58770521416e-05,0.0,2.40390676254e-08,-2.52923797461e-07,-7.11153234079e-08,-1.27045865383e-07,-3.64042200829e-08,1.92358641016e-07,2.40390676254e-08,2.52923797461e-07,3.67094035028e-05,0.0,2.24099352408e-07,5.13389437629e-08,7.27986773086e-08,2.99643296842e-08,-7.11153234079e-08,1.27045865383e-07,2.24099352408e-07,-5.13389437629e-08,3.74620067305e-05,0.0
1630632800515210909,height,4,32,width,4,8,imag,2,2,0,3.22248197335e-05,0.0,-4.68470950921e-08,2.31812364859e-07,-8.17208274384e-08,8.68699459033e-08,-2.27204335346e-08,-1.68672229961e-07,-4.68470950921e-08,-2.31812364859e-07,3.58828328899e-05,0.0,-1.19980427371e-07,-5.48140270951e-08,5.89333595258e-08,-8.02277071443e-08,-8.17208274384e-08,-8.68699459033e-08,-1.19980427371e-07,5.48140270951e-08,3.62045175279e-05,0.0,2.62867558831e-07,1.75235442157e-07,-2.27204335346e-08,1.68672229961e-07,5.89333595258e-08,8.02277071443e-08,2.62867558831e-07,-1.75235442157e-07,3.72635549866e-05,0.0
1630632800552243400,height,4,32,width,4,8,imag,2,2,0,3.185841706e-05,0.0,4.77447272829e-08,4.31762892106e-08,-1.66653123301e-07,-4.32194049438e-08,-4.07310629669e-08,-2.40668605045e-08,4.77447272829e-08,-4.31762892106e-08,3.55973061232e-05,0.0,4.08887331105e-07,-7.61549756589e-08,2.56265593634e-07,-8.75382610843e-08,-1.66653123301e-07,4.32194049438e-08,4.08887331105e-07,7.61549756589e-08,3.60794547305e-05,0.0,2.71277144748e-07,-3.20280726385e-08,-4.07310629669e-08,2.40668605045e-08,2.56265593634e-07,8.75382610843e-08,2.71277144748e-07,3.20280726385e-08,3.73921029677e-05,0.0
1630632800598079061,height,4,32,width,4,8,imag,2,2,0,3.20356775774e-05,0.0,1.55889949838e-07,3.02034038668e-07,1.22881260722e-07,-8.33679081325e-08,-2.02007370831e-07,-1.8091147469e-09,1.55889949838e-07,-3.02034038668e-07,3.60491067113e-05,0.0,3.45529514334e-07,3.31742420201e-08,-9.45963805066e-08,-2.11356606883e-07,1.22881260722e-07,8.33679081325e-08,3.45529514334e-07,-3.31742420201e-08,3.63745239156e-05,0.0,3.07630728003e-07,2.38135513086e-07,-2.02007370831e-07,1.8091147469e-09,-9.45963805066e-08,2.11356606883e-07,3.07630728003e-07,-2.38135513086e-07,3.72597205569e-05,0.0
1630632800693697429,height,4,32,width,4,8,imag,2,2,0,3.19713180943e-05,0.0,1.76882707592e-07,1.51204133658e-07,2.60475818692e-08,1.85246484818e-08,-5.30075361382e-08,-9.98872540237e-09,1.76882707592e-07,-1.51204133658e-07,3.62058272003e-05,0.0,9.61079464901e-08,-1.91122339288e-07,1.13115682154e-07,1.92695836176e-07,2.60475818692e-08,-1.85246484818e-08,9.61079464901e-08,1.91122339288e-07,3.6897326936e-05,0.0,2.8470267921e-07,-9.16293103614e-08,-5.30075361382e-08,9.98872540237e-09,1.13115682154e-07,-1.92695836176e-07,2.8470267921e-07,9.16293103614e-08,3.72289578081e-05,0.0
1630632800714865749,height,4,32,width,4,8,imag,2,2,0,3.17375306622e-05,0.0,2.92374267019e-07,-6.4360776264e-08,-6.90449724061e-08,1.28461181248e-07,3.10907317669e-08,-3.84195800507e-07,2.92374267019e-07,6.4360776264e-08,3.60799276677e-05,0.0,1.92363771134e-07,1.03254791384e-07,-1.06242282527e-07,-6.14331270299e-08,-6.90449724061e-08,-1.28461181248e-07,1.92363771134e-07,-1.03254791384e-07,3.65959313058e-05,0.0,1.84160526828e-07,3.04071846813e-07,3.10907317669e-08,3.84195800507e-07,-1.06242282527e-07,6.14331270299e-08,1.84160526828e-07,-3.04071846813e-07,3.72289214283e-05,0.0
1630632800863643890,height,4,32,width,4,8,imag,2,2,0,3.20811050187e-05,0.0,-1.86887803011e-07,1.69894377677e-07,1.25550073449e-07,3.61669414417e-08,9.03702925825e-08,1.40880462851e-08,-1.86887803011e-07,-1.69894377677e-07,3.5855344322e-05,0.0,2.86426796947e-07,-9.59083976682e-08,4.2125930122e-07,-1.2890814105e-07,1.25550073449e-07,-3.61669414417e-08,2.86426796947e-07,9.59083976682e-08,3.65037994925e-05,0.0,2.90000656378e-07,3.95171866785e-07,9.03702925825e-08,-1.40880462851e-08,4.2125930122e-07,1.2890814105e-07,2.90000656378e-07,-3.95171866785e-07,3.71166606783e-05,0.0
1630632800876266800,height,4,32,width,4,8,imag,2,2,0,3.21368897858e-05,0.0,2.02946864647e-07,2.15538250359e-07,-2.12640273389e-07,-9.26880687757e-08,1.32606416514e-07,-3.77070961122e-08,2.02946864647e-07,-2.15538250359e-07,3.63546969311e-05,0.0,8.13273075551e-08,6.37445793927e-08,-3.10065331632e-07,1.46715606775e-07,-2.12640273389e-07,9.26880687757e-08,8.13273075551e-08,-6.37445793927e-08,3.63247308997e-05,0.0,1.45426369613e-07,2.14401154608e-07,1.32606416514e-07,3.77070961122e-08,-3.10065331632e-07,-1.46715606775e-07,1.45426369613e-07,-2.14401154608e-07,3.71512724087e-05,0.0
1630632800899855743,height,4,32,width,4,8,imag,2,2,0,3.24117208947e-05,0.0,2.6561272648e-07,7.81494122748e-08,-6.93588901868e-08,7.48630881731e-08,9.25343144331e-08,-5.96152389676e-08,2.6561272648e-07,-7.81494122748e-08,3.57140197593e-05,0.0,3.23918669665e-08,-1.34395543583e-08,1.16398597427e-08,1.29062442511e-07,-6.93588901868e-08,-7.48630881731e-08,3.23918669665e-08,1.34395543583e-08,3.62741302524e-05,0.0,3.43693045579e-07,7.73880870497e-08,9.25343144331e-08,5.96152389676e-08,1.16398597427e-08,-1.29062442511e-07,3.43693045579e-07,-7.73880870497e-08,3.71941023332e-05,0.0
1630632801034271860,height,4,32,width,4,8,imag,2,2,0,3.18031088682e-05,0.0,-1.62918851743e-07,-1.95448790485e-09,-2.88807768811e-08,1.00952007642e-07,-7.11937175879e-08,5.84791344238e-08,-1.62918851743e-07,1.95448790485e-09,3.55853735527e-05,0.0,-8.72974368349e-08,-1.3452660319e-08,1.10463220793e-08,2.29290677112e-07,-2.88807768811e-08,-1.00952007642e-07,-8.72974368349e-08,1.3452660319e-08,3.63803701475e-05,0.0,1.69263529415e-07,-1.36149452601e-07,-7.11937175879e-08,-5.84791344238e-08,1.10463220793e-08,-2.29290677112e-07,1.69263529415e-07,1.36149452601e-07,3.72013491869e-05,0.0
1630632801124667724,height,4,32,width,4,8,imag,2,2,0,3.20448743878e-05,0.0,1.40787136615e-07,-1.05902358882e-07,9.97662183977e-08,-4.09671798707e-08,-1.26836781078e-07,9.43468094761e-08,1.40787136615e-07,1.05902358882e-07,3.60094782081e-05,0.0,-1.57975268422e-08,1.41322857417e-07,-3.30509699609e-08,9.53053458375e-08,9.97662183977e-08,4.09671798707e-08,-1.57975268422e-08,-1.41322857417e-07,3.66059030057e-05,0.0,4.77934520404e-07,1.05536779316e-08,-1.26836781078e-07,-9.43468094761e-08,-3.30509699609e-08,-9.53053458375e-08,4.77934520404e-07,-1.05536779316e-08,3.70234229194e-05,0.0
1630632801172473014,height,4,32,width,4,8,imag,2,2,0,3.19186146953e-05,0.0,-1.10874154302e-07,5.79547219104e-08,-1.65749412417e-07,1.38995332577e-07,1.5289506905e-07,-2.1387707605e-08,-1.10874154302e-07,-5.79547219104e-08,3.60322010238e-05,0.0,1.4279988747e-08,-1.75178939799e-07,-3.04908979842e-07,-5.27465395805e-08,-1.65749412417e-07,-1.38995332577e-07,1.4279988747e-08,1.75178939799e-07,3.65159794455e-05,0.0,4.96311315601e-07,2.35843856444e-07,1.5289506905e-07,2.1387707605e-08,-3.04908979842e-07,5.27465395805e-08,4.96311315601e-07,-2.35843856444e-07,3.72962422261e-05,0.0
1630632801193163100,height,4,32,width,4,8,imag,2,2,0,3.21223087667e-05,0.0,5.02026118454e-08,8.19519527795e-08,-7.88778606875e-08,-8.61806910279e-08,-4.11987848281e-08,-7.4195170896e-08,5.02026118454e-08,-8.19519527795e-08,3.59838813893e-05,0.0,4.6248800345e-08,-2.69037997214e-07,-3.47279218715e-08,-1.0727400479e-07,-7.88778606875e-08,8.61806910279e-08,4.6248800345e-08,2.69037997214e-07,3.68124274246e-05,0.0,2.67736481874e-07,2.66390003389e-08,-4.11987848281e-08,7.4195170896e-08,-3.47279218715e-08,1.0727400479e-07,2.67736481874e-07,-2.66390003389e-08,3.72065187548e-05,0.0
1630632801352462075,height,4,32,width,4,8,imag,2,2,0,3.1984927773e-05,0.0,-1.1003531597e-07,-1.36172005227e-07,-9.69984910171e-08,2.05525495289e-07,-6.55824123896e-08,-3.29156542023e-08,-1.1003531597e-07,1.36172005227e-07,3.60150697816e-05,0.0,4.89140106197e-08,1.14235390924e-07,-1.27609041556e-07,2.40980941868e-08,-9.69984910171e-08,-2.05525495289e-07,4.89140106197e-08,-1.14235390924e-07,3.66452586604e-05,0.0,3.27595955696e-07,2.18417469e-07,-6.55824123896e-08,3.29156542023e-08,-1.27609041556e-07,-2.40980941868e-08,3.27595955696e-07,-2.18417469e-07,3.73910988856e-05,0.0
1630632801391050112,height,4,32,width,4,8,imag,2,2,0,3.21137995343e-05,0.0,3.57397773598e-08,2.24386710101e-07,-7.53312576762e-08,-2.01436250791e-07,2.14009318711e-07,8.23248171855e-08,3.57397773598e-08,-2.24386710101e-07,3.5877674236e-05,0.0,1.13260099965e-07,-2.46958450134e-07,1.94765760853e-07,-3.05542272372e-07,-7.53312576762e-08,2.01436250791e-07,1.13260099965e-07,2.46958450134e-07,3.649323844e-05,0.0,2.56805918752e-07,3.09172264679e-07,2.14009318711e-07,-8.23248171855e-08,1.94765760853e-07,3.05542272372e-07,2.56805918752e-07,-3.09172264679e-07,3.72440372303e-05,0.0
1630632801437233534,height,4,32,width,4,8,imag,2,2,0,3.20269537042e-05,0.0,2.6864266367e-09,1.05618788382e-07,4.46358399131e-08,3.22508846295e-08,-3.4193348597e-08,6.13845330122e-08,2.6864266367e-09,-1.05618788382e-07,3.58987053914e-05,0.0,1.14109184324e-07,-2.78997760006e-07,-1.43847287859e-07,1.39308653502e-07,4.46358399131e-08,-3.22508846295e-08,1.14109184324e-07,2.78997760006e-07,3.63041326636e-05,0.0,3.16598431027e-07,-5.97855560613e-08,-3.4193348597e-08,-6.13845330122e-08,-1.43847287859e-07,-1.39308653502e-07,3.16598431027e-07,5.97855560613e-08,3.75262243324e-05,0.0
1630632801517768766,height,4,32,width,4,8,imag,2,2,0,3.19134051097e-05,0.0,2.1304932929e-08,2.88051182906e-07,-1.87628472759e-07,-2.28898585419e-07,-1.30227192585e-07,-7.46163664189e-08,2.1304932929e-08,-2.88051182906e-07,3.60941194231e-05,0.0,1.09214020938e-07,1.36531909334e-07,2.12964948787e-07,1.35706144988e-07,-1.87628472759e-07,2.28898585419e-07,1.09214020938e-07,-1.36531909334e-07,3.66179629054e-05,0.0,2.83509280052e-07,4.40059579887e-07,-1.30227192585e-07,7.46163664189e-08,2.12964948787e-07,-1.35706144988e-07,2.83509280052e-07,-4.40059579887e-07,3.73822585971e-05,0.0
1630632801656661448,height,4,32,width,4,8,imag,2,2,0,3.19367791235e-05,0.0,-9.09642494662e-08,-1.31948652893e-07,-7.19107262626e-08,-1.05254311933e-08,1.31894026367e-07,3.34018295689e-07,-9.09642494662e-08,1.31948652893e-07,3.58094403055e-05,0.0,-7.04274327745e-09,1.27085769464e-07,-2.53567744579e-08,-1.01671339792e-07,-7.19107262626e-08,1.05254311933e-08,-7.04274327745e-09,-1.27085769464e-07,3.6530149373e-05,0.0,2.22745796918e-07,-2.07041743749e-08,1.31894026367e-07,-3.34018295689e-07,-2.53567744579e-08,1.01671339792e-07,2.22745796918e-07,2.07041743749e-08,3.72957183572e-05,0.0
1630632801675052083,height,4,32,width,4,8,imag,2,2,0,3.19919054164e-05,0.0,1.95600424746e-08,-1.18243114855e-07,8.22147399049e-08,-1.17188548643e-07,1.88322928807e-07,6.17067570374e-08,1.95600424746e-08,1.18243114855e-07,3.57637691195e-05,0.0,1.93963145989e-07,-2.11494779023e-07,-2.08246948574e-08,-2.12931077215e-08,8.22147399049e-08,1.17188548643e-07,1.93963145989e-07,2.11494779023e-07,3.66309468518e-05,0.0,2.79879117215e-07,1.47333437894e-07,1.88322928807e-07,-6.17067570374e-08,-2.08246948574e-08,2.12931077215e-08,2.79879117215e-07,-1.47333437894e-07,3.73742695956e-05,0.0
1630632801706095892,height,4,32,width,4,8,imag,2,2,0,3.20725193887e-05,0.0,9.61320694159e-08,1.15860927963e-07,-2.82807661733e-08,-2.79126084024e-07,-1.12929136264e-07,-1.07463629107e-08,9.61320694159e-08,-1.15860927963e-07,3.5770033719e-05,0.0,4.28404476338e-08,-6.27723508728e-08,-2.25481375793e-08,-1.02495594234e-08,-2.82807661733e-08,2.79126084024e-07,4.28404476338e-08,6.27723508728e-08,3.62993159797e-05,0.0,1.67854409483e-07,1.82912387459e-07,-1.12929136264e-07,1.07463629107e-08,-2.25481375793e-08,1.02495594234e-08,1.67854409483e-07,-1.82912387459e-07,3.72868380509e-05,0.0
1630632801835284110,height,4,32,width,4,8,imag,2,2,0,3.2230400393e-05,0.0,4.84326783123e-08,-6.97851376685e-08,2.68947939475e-08,2.41911749299e-07,4.90404916675e-09,1.48933834154e-08,4.84326783123e-08,6.97851376685e-08,3.59336736437e-05,0.0,1.98426988618e-07,6.63793784383e-08,-1.93599731801e-08,-1.40820466399e-08,2.68947939475e-08,-2.41911749299e-07,1.98426988618e-07,-6.63793784383e-08,3.66369313269e-05,0.0,2.91144601761e-07,1.60554165518e-07,4.90404916675e-09,-1.48933834154e-08,-1.93599731801e-08,1.40820466399e-08,2.91144601761e-07,-1.60554165518e-07,3.71381502191e-05,0.0
1630632801917875846,height,4,32,width,4,8,imag,2,2,0,3.19345999742e-05,0.0,2.66416265049e-07,2.69968278843e-08,9.05075481228e-08,3.34083637199e-07,-1.95524620494e-07,1.22807918501e-07,2.66416265049e-07,-2.69968278843e-08,3.61552847608e-05,0.0,1.71848341779e-07,-3.59303946595e-08,-1.82007113381e-07,3.02784769701e-07,9.05075481228e-08,-3.34083637199e-07,1.71848341779e-07,3.59303946595e-08,3.65336127288e-05,0.0,5.93715867581e-08,-1.44747232866e-07,-1.95524620494e-07,-1.22807918501e-07,-1.82007113381e-07,-3.02784769701e-07,5.93715867581e-08,1.44747232866e-07,3.69539993699e-05,0.0
1630632801971971528,height,4,32,width,4,8,imag,2,2,0,3.20702238241e-05,0.0,9.77789085255e-08,2.04286365602e-08,-2.26376428714e-08,1.25933411255e-07,5.82631507484e-08,1.19599974369e-07,9.77789085255e-08,-2.04286365602e-08,3.57734897989e-05,0.0,4.47518857527e-08,7.77836248744e-08,-3.34242855615e-07,-9.10220947503e-08,-2.26376428714e-08,-1.25933411255e-07,4.47518857527e-08,-7.77836248744e-08,3.63716608263e-05,0.0,1.57267976419e-07,1.93052741793e-07,5.82631507484e-08,-1.19599974369e-07,-3.34242855615e-07,9.10220947503e-08,1.57267976419e-07,-1.93052741793e-07,3.71214337065e-05,0.0
1630632801995468044,height,4,32,width,4,8,imag,2,2,0,3.19974387821e-05,0.0,1.1619017215e-07,-2.75980980291e-08,-5.47995426814e-08,-1.78889763447e-07,-1.44979350747e-09,-1.47186511867e-07,1.1619017215e-07,2.75980980291e-08,3.62235987268e-05,0.0,4.96542043038e-08,-3.20778468677e-07,-1.02255818035e-07,-1.51403440896e-07,-5.47995426814e-08,1.78889763447e-07,4.96542043038e-08,3.20778468677e-07,3.6437100789e-05,0.0,1.4241743429e-07,-1.4588903241e-07,-1.44979350747e-09,1.47186511867e-07,-1.02255818035e-07,1.51403440896e-07,1.4241743429e-07,1.4588903241e-07,3.72332324332e-05,0.0
1630632802156100954,height,4,32,width,4,8,imag,2,2,0,0.000459877599496,0.0,0.00484088761732,-0.00274678273126,0.00508846761659,-0.00213599391282,-0.00231401296332,0.0059205358848,0.00484088761732,0.00274678273126,0.0745052620769,0.0,0.0725362375379,0.00846507865936,-0.0648050755262,0.0530079863966,0.00508846761659,0.00213599391282,0.0725362375379,-0.00846507865936,0.0720809772611,0.0,-0.0574244596064,0.0592318885028,-0.00231401296332,-0.0059205358848,-0.0648050755262,-0.0530079863966,-0.0574244596064,-0.0592318885028,0.0961673334241,0.0
1630632802184104562,height,4,32,width,4,8,imag,2,2,0,3.18353304465e-05,0.0,-8.34414350948e-08,5.54344836701e-08,-1.23433025578e-07,1.48908327446e-07,-2.34711563962e-07,-7.83862574849e-08,-8.34414350948e-08,-5.54344836701e-08,3.54857984348e-05,0.0,2.91364621319e-08,-6.2472928164e-08,3.25770912468e-08,-1.45405977037e-07,-1.23433025578e-07,-1.48908327446e-07,2.91364621319e-08,6.2472928164e-08,3.67873763025e-05,0.0,3.91979625647e-07,-1.26765860031e-08,-2.34711563962e-07,7.83862574849e-08,3.25770912468e-08,1.45405977037e-07,3.91979625647e-07,1.26765860031e-08,3.69768204109e-05,0.0
1630632802238494129,height,4,32,width,4,8,imag,2,2,0,3.21324005199e-05,0.0,-1.85001269415e-07,8.60090720867e-10,8.90146889532e-09,-3.79720077603e-08,1.15728454375e-07,-1.16297776742e-07,-1.85001269415e-07,-8.60090720867e-10,3.59589794243e-05,0.0,9.20902820667e-08,-3.32306768769e-07,-1.05927844274e-08,4.41371916793e-08,8.90146889532e-09,3.79720077603e-08,9.20902820667e-08,3.32306768769e-07,3.61690872523e-05,0.0,2.53135823414e-07,1.91164218677e-07,1.15728454375e-07,1.16297776742e-07,-1.05927844274e-08,-4.41371916793e-08,2.53135823414e-07,-1.91164218677e-07,3.73119582946e-05,0.0
1630632802314642312,height,4,32,width,4,8,imag,2,2,0,0.00212905858643,0.0,0.0238877646625,-0.013106171973,0.0250369962305,-0.010073040612,-0.0103705106303,0.0293362736702,0.0238877646625,0.013106171973,0.363468319178,0.0,0.354011178017,0.0416842848063,-0.303747534752,0.273077726364,0.0250369962305,0.010073040612,0.354011178017,-0.0416842848063,0.351554125547,0.0,-0.265818238258,0.301785260439,-0.0103705106303,-0.0293362736702,-0.303747534752,-0.273077726364,-0.265818238258,-0.301785260439,0.469838947058,0.0
1630632802456967849,height,4,32,width,4,8,imag,2,2,0,3.19879873132e-05,0.0,-1.37334666306e-07,-6.33456753718e-09,-1.08597696169e-07,3.85478600151e-08,-2.73631115988e-07,5.16729770084e-08,-1.37334666306e-07,6.33456753718e-09,3.58866163879e-05,0.0,-1.76562366505e-07,-3.76550588044e-07,-1.57117725053e-07,3.20449544233e-07,-1.08597696169e-07,-3.85478600151e-08,-1.76562366505e-07,3.76550588044e-07,3.65921077901e-05,0.0,4.73132587331e-07,2.58911796891e-07,-2.73631115988e-07,-5.16729770084e-08,-1.57117725053e-07,-3.20449544233e-07,4.73132587331e-07,-2.58911796891e-07,3.74105402443e-05,0.0
1630632802475868223,height,4,32,width,4,8,imag,2,2,0,0.00211679399945,0.0,0.0236636530608,-0.0132139148191,0.02481630072,-0.0102153373882,-0.0105808088556,0.0290614664555,0.0236636530608,0.0132139148191,0.361888438463,0.0,0.352285116911,0.0412986315787,-0.306705653667,0.266475409269,0.02481630072,0.0102153373882,0.352285116911,-0.0412986315787,0.349665492773,0.0,-0.269531875849,0.295427620411,-0.0105808088556,-0.0290614664555,-0.306705653667,-0.266475409269,-0.269531875849,-0.295427620411,0.466960757971,0.0
1630632802504765291,height,4,32,width,4,8,imag,2,2,0,3.21303959936e-05,0.0,2.52179603422e-07,1.97839995053e-07,1.45920296291e-07,2.76254077392e-08,2.74396938948e-07,-9.53593968234e-08,2.52179603422e-07,-1.97839995053e-07,3.59417717846e-05,0.0,2.40113479322e-07,6.1831116227e-08,2.62543853324e-08,-1.85350828019e-08,1.45920296291e-07,-2.76254077392e-08,2.40113479322e-07,-6.1831116227e-08,3.67491229554e-05,0.0,3.04943370111e-07,3.41043204344e-07,2.74396938948e-07,9.53593968234e-08,2.62543853324e-08,1.85350828019e-08,3.04943370111e-07,-3.41043204344e-07,3.70087655028e-05,0.0
1630632802661571015,height,4,32,width,4,8,imag,2,2,0,0.00211570574902,0.0,0.0237031280994,-0.0131547898054,0.0248567443341,-0.0101276477799,-0.0106035191566,0.0290721915662,0.0237031280994,0.0131547898054,0.362076044083,0.0,0.352456092834,0.0416925437748,-0.306474596262,0.267339646816,0.0248567443341,0.0101276477799,0.352456092834,-0.0416925437748,0.349882394075,0.0,-0.26888769865,0.29653313756,-0.0106035191566,-0.0290721915662,-0.306474596262,-0.267339646816,-0.26888769865,-0.29653313756,0.467512845993,0.0
1630632802735023889,height,4,32,width,4,8,imag,2,2,0,3.18984421028e-05,0.0,-1.8373192745e-07,-1.00989275609e-07,-1.31725608199e-08,2.38619378479e-07,-1.09075230625e-07,2.22978854936e-07,-1.8373192745e-07,1.00989275609e-07,3.55225711246e-05,0.0,-9.73438076812e-08,1.00736365027e-07,-2.57167215523e-07,8.39941591835e-08,-1.31725608199e-08,-2.38619378479e-07,-9.73438076812e-08,-1.00736365027e-07,3.62455066352e-05,0.0,3.45262577639e-07,7.78333841822e-09,-1.09075230625e-07,-2.22978854936e-07,-2.57167215523e-07,-8.39941591835e-08,3.45262577639e-07,-7.78333841822e-09,3.74543924408e-05,0.0
1630632802775456627,height,4,32,width,4,8,imag,2,2,0,3.21800725942e-05,0.0,-6.27520790886e-08,-2.66594582854e-07,-2.42574088816e-07,8.03353650269e-09,1.44156445003e-07,1.37276785495e-07,-6.27520790886e-08,2.66594582854e-07,3.6178589653e-05,0.0,-7.96117660684e-08,-1.14815401631e-08,-1.43293434007e-07,1.87333426993e-07,-2.42574088816e-07,-8.03353650269e-09,-7.96117660684e-08,1.14815401631e-08,3.64347506547e-05,0.0,5.27437691744e-07,3.76839857097e-08,1.44156445003e-07,-1.37276785495e-07,-1.43293434007e-07,-1.87333426993e-07,5.27437691744e-07,-3.76839857097e-08,3.76422285626e-05,0.0
1630632802837592197,height,4,32,width,4,8,imag,2,2,0,0.00212881644256,0.0,0.0237593203783,-0.0134178036824,0.0249416269362,-0.0103500066325,-0.0105864917859,0.0292605068535,0.0237593203783,0.0134178036824,0.36464869976,0.0,0.354693979025,0.0422609448433,-0.309782296419,0.267618745565,0.0249416269362,0.0103500066325,0.354693979025,-0.0422609448433,0.351930230856,0.0,-0.27169880271,0.297259896994,-0.0105864917859,-0.0292605068535,-0.309782296419,-0.267618745565,-0.27169880271,-0.297259896994,0.470020651817,0.0
1630632803005237260,height,4,32,width,4,8,imag,2,2,0,0.00211508572102,0.0,0.0236579496413,-0.0132050486282,0.0248130392283,-0.0101899560541,-0.0102574080229,0.0291500650346,0.0236579496413,0.0132050486282,0.362074673176,0.0,0.352385997772,0.0415123142302,-0.303772807121,0.269859671593,0.0248130392283,0.0101899560541,0.352385997772,-0.0415123142302,0.349742501974,0.0,-0.266044408083,0.298493355513,-0.0102574080229,-0.0291500650346,-0.303772807121,-0.269859671593,-0.266044408083,-0.298493355513,0.466735303402,0.0
1630632803009069314,height,4,32,width,4,8,imag,2,2,0,3.17867306876e-05,0.0,-7.71338690697e-08,1.79861121552e-08,-1.45156164422e-07,4.11432772296e-08,-4.38087717214e-08,-6.8943350584e-08,-7.71338690697e-08,-1.79861121552e-08,3.57800890924e-05,0.0,3.45882853026e-07,-2.06159043614e-07,-5.37696180913e-08,-5.65202569192e-08,-1.45156164422e-07,-4.11432772296e-08,3.45882853026e-07,2.06159043614e-07,3.64687111869e-05,0.0,1.62252490554e-07,5.83690678013e-08,-4.38087717214e-08,6.8943350584e-08,-5.37696180913e-08,5.65202569192e-08,1.62252490554e-07,-5.83690678013e-08,3.73865914298e-05,0.0
1630632803040552876,height,4,32,width,4,8,imag,2,2,0,0.000462102354504,0.0,0.00485209189355,-0.00275566289201,0.00509946374223,-0.00214496487752,-0.00231558457017,0.00593862729147,0.00485209189355,0.00275566289201,0.0744984149933,0.0,0.0725343450904,0.00845158565789,-0.0647899955511,0.0530280657113,0.00509946374223,0.00214496487752,0.0725343450904,-0.00845158565789,0.0720822736621,0.0,-0.0574217960238,0.0592418052256,-0.00231558457017,-0.00593862729147,-0.0647899955511,-0.0530280657113,-0.0574217960238,-0.0592418052256,0.0961813256145,0.0
1630632803171864027,height,4,32,width,4,8,imag,2,2,0,0.00212950445712,0.0,0.0237844530493,-0.0132922241464,0.0249684788287,-0.0102866999805,-0.0105703361332,0.0292328763753,0.0237844530493,0.0132922241464,0.363391608,0.0,0.354177027941,0.0415407493711,-0.307570040226,0.268125325441,0.0249684788287,0.0102866999805,0.354177027941,-0.0415407493711,0.351910948753,0.0,-0.270447134972,0.297479689121,-0.0105703361332,-0.0292328763753,-0.307570040226,-0.268125325441,-0.270447134972,-0.297479689121,0.46882879734,0.0
1630632803272318720,height,4,32,width,4,8,imag,2,2,0,0.00211672531441,0.0,0.0236980561167,-0.0132080772892,0.024852855131,-0.0101663321257,-0.0105647156015,0.0291009638458,0.0236980561167,0.0132080772892,0.362338095903,0.0,0.35266315937,0.0419012643397,-0.306662619114,0.267266273499,0.024852855131,0.0101663321257,0.35266315937,-0.0419012643397,0.350014209747,0.0,-0.268908590078,0.296597272158,-0.0105647156015,-0.0291009638458,-0.306662619114,-0.267266273499,-0.268908590078,-0.296597272158,0.467710793018,0.0
1630632803306019102,height,4,32,width,4,8,imag,2,2,0,0.00211765035056,0.0,0.0237043462694,-0.0132064828649,0.0248603206128,-0.0101627549157,-0.0105753801763,0.0291080288589,0.0237043462694,0.0132064828649,0.362313061953,0.0,0.352640599012,0.0419276691973,-0.306703656912,0.267236799002,0.0248603206128,0.0101627549157,0.352640599012,-0.0419276691973,0.349998295307,0.0,-0.268934547901,0.296603709459,-0.0105753801763,-0.0291080288589,-0.306703656912,-0.267236799002,-0.268934547901,-0.296603709459,0.467776268721,0.0
1630632803348572412,height,4,32,width,4,8,imag,2,2,0,0.00210213661194,0.0,0.0234814248979,-0.0132159590721,0.0246825143695,-0.0101482244208,-0.0104702841491,0.0288848541677,0.0234814248979,0.0132159590721,0.360420793295,0.0,0.350690960884,0.0424058325589,-0.305639594793,0.264487683773,0.0246825143695,0.0101482244208,0.350690960884,-0.0424058325589,0.34826245904,0.0,-0.267697572708,0.294414371252,-0.0104702841491,-0.0288848541677,-0.305639594793,-0.264487683773,-0.267697572708,-0.294414371252,0.464045256376,0.0
1630632803530989497,height,4,32,width,4,8,imag,2,2,0,3.20646322507e-05,0.0,-2.41510832666e-07,-8.39094980165e-08,-8.11708460446e-08,3.66082417713e-08,-4.20107433285e-08,-1.8985993222e-07,-2.41510832666e-07,8.39094980165e-08,3.61466991308e-05,0.0,9.46853901951e-08,-2.0201018458e-07,1.66820242953e-07,-8.5439403108e-08,-8.11708460446e-08,-3.66082417713e-08,9.46853901951e-08,2.0201018458e-07,3.67762040696e-05,0.0,4.1117570504e-07,1.01962342569e-07,-4.20107433285e-08,1.8985993222e-07,1.66820242953e-07,8.5439403108e-08,4.1117570504e-07,-1.01962342569e-07,3.75742711185e-05,0.0
1630632803536941940,height,4,32,width,4,8,imag,2,2,0,0.00212467554957,0.0,0.0238613933325,-0.0131046986207,0.0250065419823,-0.0100747942924,-0.0103420438245,0.0293126553297,0.0238613933325,0.0131046986207,0.363481462002,0.0,0.353991627693,0.0416932962835,-0.303725868464,0.273066520691,0.0250065419823,0.0100747942924,0.353991627693,-0.0416932962835,0.351505577564,0.0,-0.265774339437,0.301752865314,-0.0103420438245,-0.0293126553297,-0.303725868464,-0.273066520691,-0.265774339437,-0.301752865314,0.469776749611,0.0
1630632803569767113,height,4,32,width,4,8,imag,2,2,0,0.00211617606692,0.0,0.0236588940024,-0.0132140666246,0.0248097144067,-0.0102144470438,-0.0105762705207,0.0290585644543,0.0236588940024,0.0132140666246,0.361943721771,0.0,0.352303415537,0.0413073152304,-0.306728124619,0.266495198011,0.0248097144067,0.0102144470438,0.352303415537,-0.0413073152304,0.349644511938,0.0,-0.269520878792,0.295424252748,-0.0105762705207,-0.0290585644543,-0.306728124619,-0.266495198011,-0.269520878792,-0.295424252748,0.466944128275,0.0
1630632803698336249,height,4,32,width,4,8,imag,2,2,0,3.19333375955e-05,0.0,1.33344087772e-07,-1.79045684945e-08,2.14924725128e-07,-3.38170869085e-09,-2.1054452759e-07,1.19053893854e-07,1.33344087772e-07,1.79045684945e-08,3.60103367711e-05,0.0,1.73130729308e-07,4.3308099329e-09,2.08298089888e-07,-1.30331429204e-07,2.14924725128e-07,3.38170869085e-09,1.73130729308e-07,-4.3308099329e-09,3.66804924852e-05,0.0,-1.79376726805e-07,3.1170549164e-07,-2.1054452759e-07,-1.19053893854e-07,2.08298089888e-07,1.30331429204e-07,-1.79376726805e-07,-3.1170549164e-07,3.73426555598e-05,0.0
1630632803801622622,height,4,32,width,4,8,imag,2,2,0,0.00211665662937,0.0,0.0236646346748,-0.0131978848949,0.0248183440417,-0.0101978890598,-0.0105978250504,0.0290515888482,0.0236646346748,0.0131978848949,0.361887693405,0.0,0.352268457413,0.0413467623293,-0.30673199892,0.26645424962,0.0248183440417,0.0101978890598,0.352268457413,-0.0413467623293,0.349643349648,0.0,-0.269510239363,0.295445024967,-0.0105978250504,-0.0290515888482,-0.30673199892,-0.26645424962,-0.269510239363,-0.295445024967,0.46698179841,0.0
1630632803833835166,height,4,32,width,4,8,imag,2,2,0,0.00211610784754,0.0,0.0237025208771,-0.0131539693102,0.0248560961336,-0.0101304603741,-0.0106001477689,0.0290773361921,0.0237025208771,0.0131539693102,0.362100154161,0.0,0.352482289076,0.0416345186532,-0.30646237731,0.26742580533,0.0248560961336,0.0101304603741,0.352482289076,-0.0416345186532,0.349903672934,0.0,-0.268918007612,0.296569168568,-0.0106001477689,-0.0290773361921,-0.30646237731,-0.26742580533,-0.268918007612,-0.296569168568,0.467589229345,0.0
1630632803877455972,height,4,32,width,4,8,imag,2,2,0,3.20982544508e-05,0.0,-9.20556857409e-08,-5.17037932468e-08,-1.98627077452e-07,-1.63154041388e-08,-1.68105714238e-07,-6.67708022206e-08,-9.20556857409e-08,5.17037932468e-08,3.58475554094e-05,0.0,5.67479752078e-09,4.71131400559e-08,1.78296502895e-07,-1.9945420604e-07,-1.98627077452e-07,1.63154041388e-08,5.67479752078e-09,-4.71131400559e-08,3.66362655768e-05,0.0,2.96654150134e-07,1.22151163851e-07,-1.68105714238e-07,6.67708022206e-08,1.78296502895e-07,1.9945420604e-07,2.96654150134e-07,-1.22151163851e-07,3.7618639908e-05,0.0
1630632804034793342,height,4,32,width,4,8,imag,2,2,0,0.00212282594293,0.0,0.0237094163895,-0.0134208220989,0.0248951073736,-0.0103584313765,-0.0105441324413,0.0292289573699,0.0237094163895,0.0134208220989,0.364603698254,0.0,0.354663223028,0.042263366282,-0.309732377529,0.26761418581,0.0248951073736,0.0103584313765,0.354663223028,-0.042263366282,0.351914167404,0.0,-0.271656125784,0.297259539366,-0.0105441324413,-0.0292289573699,-0.309732377529,-0.26761418581,-0.271656125784,-0.297259539366,0.469988375902,0.0
1630632804049407490,height,4,32,width,4,8,imag,2,2,0,3.18305137625e-05,0.0,-5.69754305957e-08,-1.01922097429e-08,-1.1508434028e-07,-1.66021536074e-07,8.3940165041e-08,8.14913789782e-08,-5.69754305957e-08,1.01922097429e-08,3.60604681191e-05,0.0,-1.42051689522e-07,9.06608192963e-08,-1.82916082281e-07,-4.75964689883e-08,-1.1508434028e-07,1.66021536074e-07,-1.42051689522e-07,-9.06608192963e-08,3.70726775145e-05,0.0,1.31324171093e-07,2.152391545e-07,8.3940165041e-08,-8.14913789782e-08,-1.82916082281e-07,4.75964689883e-08,1.31324171093e-07,-2.152391545e-07,3.72880713257e-05,0.0
1630632804067323714,height,4,32,width,4,8,imag,2,2,0,0.00211282656528,0.0,0.0236477609724,-0.0131834689528,0.0248058270663,-0.0101700397208,-0.010266404599,0.0291259158403,0.0236477609724,0.0131834689528,0.362015396357,0.0,0.352347791195,0.0415172800422,-0.303713172674,0.269822746515,0.0248058270663,0.0101700397208,0.352347791195,-0.0415172800422,0.349732488394,0.0,-0.266002982855,0.298476278782,-0.010266404599,-0.0291259158403,-0.303713172674,-0.269822746515,-0.266002982855,-0.298476278782,0.466668218374,0.0
1630632804217382872,height,4,32,width,4,8,imag,2,2,0,3.22344421875e-05,0.0,6.76780089748e-08,1.60985592856e-07,-5.57526753653e-08,6.99616933275e-08,3.2602997635e-08,-4.8095738947e-08,6.76780089748e-08,-1.60985592856e-07,3.57954195351e-05,0.0,1.50829251311e-08,3.92079648748e-08,-2.48557689986e-08,-3.00065181591e-08,-5.57526753653e-08,-6.99616933275e-08,1.50829251311e-08,-3.92079648748e-08,3.63120416296e-05,0.0,1.43615253023e-08,1.90766314745e-07,3.2602997635e-08,4.8095738947e-08,-2.48557689986e-08,3.00065181591e-08,1.43615253023e-08,-1.90766314745e-07,3.71690875909e-05,0.0
1630632804247863764,height,4,32,width,4,8,imag,2,2,0,0.00118181470316,0.0,0.0130935236812,-0.00725391646847,0.0137336207554,-0.00553282583132,-0.00562295084819,0.01609348692,0.0130935236812,0.00725391646847,0.199831426144,0.0,0.19435210526,0.0236505735666,-0.166684061289,0.149652823806,0.0137336207554,0.00553282583132,0.19435210526,-0.0236505735666,0.192918643355,0.0,-0.145082518458,0.165802940726,-0.00562295084819,-0.01609348692,-0.166684061289,-0.149652823806,-0.145082518458,-0.165802940726,0.257139921188,0.0
1630632804334830854,height,4,32,width,4,8,imag,2,2,0,0.00212879595347,0.0,0.0237835664302,-0.0132884196937,0.0249662864953,-0.0102842682973,-0.0105713615194,0.0292320828885,0.0237835664302,0.0132884196937,0.363318920135,0.0,0.354140937328,0.0415388718247,-0.307523816824,0.268106102943,0.0249662864953,0.0102842682973,0.354140937328,-0.0415388718247,0.351912379265,0.0,-0.270425379276,0.297492951155,-0.0105713615194,-0.0292320828885,-0.307523816824,-0.268106102943,-0.270425379276,-0.297492951155,0.468827337027,0.0
1630632804397465481,height,4,32,width,4,8,imag,2,2,0,3.1740135455e-05,0.0,-2.22418918838e-07,-6.69243815921e-09,3.20458411807e-07,-1.34578868938e-07,2.58836934108e-08,1.29535990823e-07,-2.22418918838e-07,6.69243815921e-09,3.59674195352e-05,0.0,-1.42515999002e-08,-2.12644195585e-07,-2.27148593268e-08,1.34399869012e-07,3.20458411807e-07,1.34578868938e-07,-1.42515999002e-08,2.12644195585e-07,3.6637098674e-05,0.0,3.83003708748e-07,2.24834863616e-07,2.58836934108e-08,-1.29535990823e-07,-2.27148593268e-08,-1.34399869012e-07,3.83003708748e-07,-2.24834863616e-07,3.7101777707e-05,0.0
1630632804397992341,height,4,32,width,4,8,imag,2,2,0,3.22498963214e-05,0.0,1.88712235172e-07,7.25689872638e-08,-1.7305892186e-07,-1.13059257956e-07,-4.89773732681e-08,-7.73893162886e-08,1.88712235172e-07,-7.25689872638e-08,3.57141943823e-05,0.0,-3.84202003545e-08,7.94374130919e-08,2.20470212753e-07,-1.13286034775e-07,-1.7305892186e-07,1.13059257956e-07,-3.84202003545e-08,-7.94374130919e-08,3.68014443666e-05,0.0,6.10129458067e-09,-1.84303381445e-08,-4.89773732681e-08,7.73893162886e-08,2.20470212753e-07,1.13286034775e-07,6.10129458067e-09,1.84303381445e-08,3.72160757252e-05,0.0
1630632804566541093,height,4,32,width,4,8,imag,2,2,0,3.22219311784e-05,0.0,3.22050617285e-08,-4.93291674175e-09,-2.05881178772e-07,-9.17617057894e-08,-1.42816944049e-07,2.54762568375e-07,3.22050617285e-08,4.93291674175e-09,3.60029480362e-05,0.0,-9.54832444222e-08,-1.48688585e-07,4.34628560697e-07,7.86297817967e-08,-2.05881178772e-07,9.17617057894e-08,-9.54832444222e-08,1.48688585e-07,3.66684107576e-05,0.0,3.15972954468e-07,-9.93087283518e-08,-1.42816944049e-07,-2.54762568375e-07,4.34628560697e-07,-7.86297817967e-08,3.15972954468e-07,9.93087283518e-08,3.73666589439e-05,0.0
1630632804591717371,height,4,32,width,4,8,imag,2,2,0,3.20771687257e-05,0.0,-2.92177503525e-07,-7.02558438093e-08,2.14890878425e-08,-1.12146736342e-07,1.97976035565e-08,-8.47218046829e-08,-2.92177503525e-07,7.02558438093e-08,3.62442297046e-05,0.0,2.87802635057e-07,-2.21398238409e-07,1.07904106983e-07,-2.48052970164e-07,2.14890878425e-08,1.12146736342e-07,2.87802635057e-07,2.21398238409e-07,3.62180580851e-05,0.0,3.30380146352e-07,3.21078061916e-07,1.97976035565e-08,8.47218046829e-08,1.07904106983e-07,2.48052970164e-07,3.30380146352e-07,-3.21078061916e-07,3.72504000552e-05,0.0
1630632804601283704,height,4,32,width,4,8,imag,2,2,0,3.20215076499e-05,0.0,-2.55404906113e-08,-1.47604453105e-07,-9.85015162769e-08,-8.50828669741e-08,-2.45988417191e-07,-7.34671203872e-08,-2.55404906113e-08,1.47604453105e-07,3.61701495422e-05,0.0,5.85991237756e-08,-1.77439687832e-07,1.8705139837e-07,6.59664465275e-08,-9.85015162769e-08,8.50828669741e-08,5.85991237756e-08,1.77439687832e-07,3.66883068637e-05,0.0,9.37288220371e-08,1.83782290719e-07,-2.45988417191e-07,7.34671203872e-08,1.8705139837e-07,-6.59664465275e-08,9.37288220371e-08,-1.83782290719e-07,3.73699185729e-05,0.0
1630632804734571198,height,4,32,width,4,8,imag,2,2,0,3.19592145388e-05,0.0,-5.17814982004e-08,-4.08428668663e-08,-1.79784251486e-07,-8.90163818212e-08,-1.91040683717e-07,2.70227189958e-07,-5.17814982004e-08,4.08428668663e-08,3.57780409104e-05,0.0,2.02404194738e-07,-6.39384190038e-09,-2.35110178437e-07,2.10174221138e-07,-1.79784251486e-07,8.90163818212e-08,2.02404194738e-07,6.39384190038e-09,3.63052968169e-05,0.0,4.80265612168e-07,2.87502274432e-07,-1.91040683717e-07,-2.70227189958e-07,-2.35110178437e-07,-2.10174221138e-07,4.80265612168e-07,-2.87502274432e-07,3.72775211872e-05,0.0
1630632804773045287,height,4,32,width,4,8,imag,2,2,0,3.17772100971e-05,0.0,2.96307206327e-07,-1.3031539936e-07,9.64085415944e-08,4.43440129061e-09,-1.76398131657e-07,-1.73845435825e-07,2.96307206327e-07,1.3031539936e-07,3.61142338079e-05,0.0,-7.77865523105e-08,-2.61040838723e-07,-2.66837112406e-08,8.71658869528e-08,9.64085415944e-08,-4.43440129061e-09,-7.77865523105e-08,2.61040838723e-07,3.66562562704e-05,0.0,4.03510341584e-07,1.33032216354e-07,-1.76398131657e-07,1.73845435825e-07,-2.66837112406e-08,-8.71658869528e-08,4.03510341584e-07,-1.33032216354e-07,3.7355835957e-05,0.0
1630632804873920415,height,4,32,width,4,8,imag,2,2,0,3.20489489241e-05,0.0,-1.54387194584e-07,2.81895697896e-08,9.32404944365e-08,1.09608933485e-07,-2.38020035681e-07,6.39815453951e-08,-1.54387194584e-07,-2.81895697896e-08,3.62445935025e-05,0.0,-9.49478646817e-08,-1.43769526062e-07,-3.48814488405e-08,-2.004700832e-07,9.32404944365e-08,-1.09608933485e-07,-9.49478646817e-08,1.43769526062e-07,3.64020233974e-05,0.0,1.68760124097e-07,3.46396262785e-08,-2.38020035681e-07,-6.39815453951e-08,-3.48814488405e-08,2.004700832e-07,1.68760124097e-07,-3.46396262785e-08,3.7299869291e-05,0.0
1630632804894829282,height,4,32,width,4,8,imag,2,2,0,3.17876474583e-05,0.0,-8.75492318642e-08,-1.42505768963e-07,-1.08755969563e-07,-9.48975511506e-08,1.65067444158e-08,-2.05996641967e-08,-8.75492318642e-08,1.42505768963e-07,3.57675999112e-05,0.0,2.72517866051e-07,-2.0620220198e-07,9.44510318845e-08,-1.64590446161e-07,-1.08755969563e-07,9.48975511506e-08,2.72517866051e-07,2.0620220198e-07,3.63504732377e-05,0.0,4.26996791703e-07,1.10468924674e-07,1.65067444158e-08,2.05996641967e-08,9.44510318845e-08,1.64590446161e-07,4.26996791703e-07,-1.10468924674e-07,3.75963099941e-05,0.0
1630632805012108624,height,4,32,width,4,8,imag,2,2,0,3.18961392622e-05,0.0,8.76500863001e-08,5.91643321002e-08,-1.34239769523e-07,-3.88604881607e-08,-2.8579620448e-07,3.67422963166e-08,8.76500863001e-08,-5.91643321002e-08,3.58639263141e-05,0.0,-5.76613565784e-08,7.11130994091e-08,3.3977745062e-08,-1.13381439348e-07,-1.34239769523e-07,3.88604881607e-08,-5.76613565784e-08,-7.11130994091e-08,3.63658327842e-05,0.0,3.71583610104e-07,1.26198258954e-07,-2.8579620448e-07,-3.67422963166e-08,3.3977745062e-08,1.13381439348e-07,3.71583610104e-07,-1.26198258954e-07,3.74396549887e-05,0.0
1630632805021327408,height,4,32,width,4,8,imag,2,2,0,3.19795944961e-05,0.0,-9.25648322436e-08,2.82766041693e-08,1.83387342645e-07,1.40300201679e-07,-7.95783918761e-08,-1.20777102097e-07,-9.25648322436e-08,-2.82766041693e-08,3.5885055695e-05,0.0,8.00745070251e-08,-1.39172257718e-07,1.81378894126e-07,-1.1024173574e-07,1.83387342645e-07,-1.40300201679e-07,8.00745070251e-08,1.39172257718e-07,3.63812432624e-05,0.0,2.35638424328e-07,1.46434302906e-07,-7.95783918761e-08,1.20777102097e-07,1.81378894126e-07,1.1024173574e-07,2.35638424328e-07,-1.46434302906e-07,3.72652139049e-05,0.0
1630632805058091277,height,4,32,width,4,8,imag,2,2,0,3.20695289702e-05,0.0,3.48125333005e-08,-5.12623188342e-08,7.7954105393e-08,1.62865745779e-07,2.10408785506e-07,-1.78681830221e-07,3.48125333005e-08,5.12623188342e-08,3.56863056368e-05,0.0,-4.61760230053e-08,3.10341654597e-08,3.37455610122e-08,2.6660165986e-07,7.7954105393e-08,-1.62865745779e-07,-4.61760230053e-08,-3.10341654597e-08,3.61985948985e-05,0.0,2.88101205115e-07,-4.44282868273e-08,2.10408785506e-07,1.78681830221e-07,3.37455610122e-08,-2.6660165986e-07,2.88101205115e-07,4.44282868273e-08,3.68790824723e-05,0.0
1630632805201396219,height,4,32,width,4,8,imag,2,2,0,3.23612730426e-05,0.0,-3.30025429207e-08,2.99076504007e-07,-1.56311315891e-07,-6.80664342667e-08,8.40185165885e-09,-1.04345801333e-07,-3.30025429207e-08,-2.99076504007e-07,3.57539538527e-05,0.0,1.42962377936e-07,-1.62111426505e-08,-5.76756988835e-08,-1.64444259099e-07,-1.56311315891e-07,6.80664342667e-08,1.42962377936e-07,1.62111426505e-08,3.65816595149e-05,0.0,2.01089392249e-07,1.74677282416e-07,8.40185165885e-09,1.04345801333e-07,-5.76756988835e-08,1.64444259099e-07,2.01089392249e-07,-1.74677282416e-07,3.72735521523e-05,0.0
1630632805219523388,height,4,32,width,4,8,imag,2,2,0,3.2310745155e-05,0.0,3.48477726675e-08,-3.55549154563e-08,-2.68239887191e-07,6.82985756839e-08,3.09146557242e-08,2.54324579174e-08,3.48477726675e-08,3.55549154563e-08,3.58516408596e-05,0.0,2.00027542974e-07,6.92645087952e-08,2.59015529025e-08,9.31780985702e-10,-2.68239887191e-07,-6.82985756839e-08,2.00027542974e-07,-6.92645087952e-08,3.62666105502e-05,0.0,3.80276418355e-07,1.15974550852e-07,3.09146557242e-08,-2.54324579174e-08,2.59015529025e-08,-9.31780985702e-10,3.80276418355e-07,-1.15974550852e-07,3.74849878426e-05,0.0
1630632805280341880,height,4,32,width,4,8,imag,2,2,0,3.21613806591e-05,0.0,1.07399223737e-07,-4.34685816231e-08,2.02772326929e-07,-4.25292299155e-08,-1.09788956593e-07,-2.17456360474e-07,1.07399223737e-07,4.34685816231e-08,3.56635318894e-05,0.0,5.611234144e-08,-4.52405686246e-08,4.7875804654e-08,1.12952932341e-07,2.02772326929e-07,4.25292299155e-08,5.611234144e-08,4.52405686246e-08,3.6416335206e-05,0.0,1.425677425e-07,1.40522573133e-07,-1.09788956593e-07,2.17456360474e-07,4.7875804654e-08,-1.12952932341e-07,1.425677425e-07,-1.40522573133e-07,3.73863040295e-05,0.0
1630632805338159411,height,4,32,width,4,8,imag,2,2,0,3.21427651215e-05,0.0,-6.88349146571e-08,-9.6819206874e-08,2.53529009342e-07,1.03515809258e-07,4.19060448564e-08,1.61022185807e-07,-6.88349146571e-08,9.6819206874e-08,3.60023768735e-05,0.0,7.8510424828e-08,-2.45524631737e-07,7.97283732368e-08,1.95805167635e-08,2.53529009342e-07,-1.03515809258e-07,7.8510424828e-08,2.45524631737e-07,3.6695451854e-05,0.0,1.88220980135e-07,3.35545990993e-08,4.19060448564e-08,-1.61022185807e-07,7.97283732368e-08,-1.95805167635e-08,1.88220980135e-07,-3.35545990993e-08,3.72667927877e-05,0.0
1630632805381034752,height,4,32,width,4,8,imag,2,2,0,3.18776219501e-05,0.0,9.55033740979e-08,8.75476047213e-08,6.49270930353e-08,-2.53679587559e-07,1.08367132157e-07,-1.21314460699e-08,9.55033740979e-08,-8.75476047213e-08,3.58173274435e-05,0.0,1.69869252886e-07,-7.34323393203e-08,1.8170116789e-07,2.00146459406e-07,6.49270930353e-08,2.53679587559e-07,1.69869252886e-07,7.34323393203e-08,3.633050801e-05,0.0,5.6822273109e-07,7.97922510287e-08,1.08367132157e-07,1.21314460699e-08,1.8170116789e-07,-2.00146459406e-07,5.6822273109e-07,-7.97922510287e-08,3.70091693185e-05,0.0
1630632805546676150,height,4,32,width,4,8,imag,2,2,0,3.22190498991e-05,0.0,5.43189599966e-08,1.21647815376e-07,-2.36956392285e-08,-2.4304643631e-08,1.41076299087e-07,3.54866074304e-08,5.43189599966e-08,-1.21647815376e-07,3.5771412513e-05,0.0,-8.2105602317e-09,-7.59668239425e-08,-6.24924965109e-08,-1.45651455341e-07,-2.36956392285e-08,2.4304643631e-08,-8.2105602317e-09,7.59668239425e-08,3.66796375602e-05,0.0,2.20047496668e-07,2.30066717677e-07,1.41076299087e-07,-3.54866074304e-08,-6.24924965109e-08,1.45651455341e-07,2.20047496668e-07,-2.30066717677e-07,3.72062459064e-05,0.0
1630632805550700593,height,4,32,width,4,8,imag,2,2,0,3.19749233313e-05,0.0,2.15109423607e-08,2.39417914827e-07,-5.70292302271e-09,-3.72751500777e-08,9.1878732178e-08,1.84307481277e-07,2.15109423607e-08,-2.39417914827e-07,3.60177546099e-05,0.0,-5.46536185198e-08,-1.01068920344e-07,6.77021176898e-08,4.57507454144e-09,-5.70292302271e-09,3.72751500777e-08,-5.46536185198e-08,1.01068920344e-07,3.68448818335e-05,0.0,1.05392956584e-07,2.85263524802e-07,9.1878732178e-08,-1.84307481277e-07,6.77021176898e-08,-4.57507454144e-09,1.05392956584e-07,-2.85263524802e-07,3.74116025341e-05,0.0
1630632805605375106,height,4,32,width,4,8,imag,2,2,0,3.20094877679e-05,0.0,3.2367069025e-08,-2.13938342597e-08,-1.13491992693e-07,4.80595729879e-10,-2.67384052677e-07,1.90175455828e-07,3.2367069025e-08,2.13938342597e-08,3.58396755473e-05,0.0,-2.27550049914e-08,1.22857045426e-07,-1.49586565357e-08,-1.88824493819e-08,-1.13491992693e-07,-4.80595729879e-10,-2.27550049914e-08,-1.22857045426e-07,3.64947409253e-05,0.0,1.43335597613e-07,1.66005719393e-07,-2.67384052677e-07,-1.90175455828e-07,-1.49586565357e-08,1.88824493819e-08,1.43335597613e-07,-1.66005719393e-07,3.72248759959e-05,0.0
1630632805716605696,height,4,32,width,4,8,imag,2,2,0,3.18042439176e-05,0.0,-5.00239139001e-08,-1.52356793848e-08,2.23647461439e-07,7.9097652872e-08,-8.1233267224e-08,-2.1209211809e-07,-5.00239139001e-08,1.52356793848e-08,3.58576435247e-05,0.0,3.84753384708e-08,-1.01176560463e-07,-1.18051289633e-07,-2.25638046913e-07,2.23647461439e-07,-7.9097652872e-08,3.84753384708e-08,1.01176560463e-07,3.61267630069e-05,0.0,3.61097420409e-07,1.34087247972e-08,-8.1233267224e-08,2.1209211809e-07,-1.18051289633e-07,2.25638046913e-07,3.61097420409e-07,-1.34087247972e-08,3.76746211259e-05,0.0
1630632805812864163,height,4,32,width,4,8,imag,2,2,0,3.16816294799e-05,0.0,1.26966398284e-07,1.96265602881e-07,-1.13727942619e-07,-3.84028666645e-08,6.94104969057e-08,-1.50130517795e-07,1.26966398284e-07,-1.96265602881e-07,3.592264693e-05,0.0,-1.38938958116e-07,2.4697380141e-08,1.06968535363e-07,-1.42181264096e-07,-1.13727942619e-07,3.84028666645e-08,-1.38938958116e-07,-2.4697380141e-08,3.65608975699e-05,0.0,3.71097485186e-07,2.69888886351e-07,6.94104969057e-08,1.50130517795e-07,1.06968535363e-07,1.42181264096e-07,3.71097485186e-07,-2.69888886351e-07,3.7040146708e-05,0.0
1630632805857269801,height,4,32,width,4,8,imag,2,2,0,3.21388688462e-05,0.0,-7.45480210895e-09,-1.1981997261e-07,-2.60105593952e-07,2.13207172806e-07,-1.39520309972e-07,5.7047394364e-08,-7.45480210895e-09,1.1981997261e-07,3.58246943506e-05,0.0,-3.47498883002e-08,1.25228936554e-07,1.84044957052e-08,-1.25778271354e-07,-2.60105593952e-07,-2.13207172806e-07,-3.47498883002e-08,-1.25228936554e-07,3.65373998648e-05,0.0,3.3490184137e-07,2.00153323249e-07,-1.39520309972e-07,-5.7047394364e-08,1.84044957052e-08,1.25778271354e-07,3.3490184137e-07,-2.00153323249e-07,3.70563029719e-05,0.0
1630632805878707574,height,4,32,width,4,8,imag,2,2,0,3.22319210682e-05,0.0,5.86064210495e-08,-2.65148614176e-08,-2.69047490065e-07,1.58530525596e-07,-1.00186650087e-08,-2.60697248677e-07,5.86064210495e-08,2.65148614176e-08,3.56112759619e-05,0.0,-5.77264636092e-09,-1.05134496664e-07,-1.51390722181e-08,2.07082550219e-07,-2.69047490065e-07,-1.58530525596e-07,-5.77264636092e-09,1.05134496664e-07,3.61141428584e-05,0.0,5.27387157945e-07,-7.54098028466e-09,-1.00186650087e-08,2.60697248677e-07,-1.51390722181e-08,-2.07082550219e-07,5.27387157945e-07,7.54098028466e-09,3.69092449546e-05,0.0
1630632805983042410,height,4,32,width,4,8,imag,2,2,0,3.20997241943e-05,0.0,-7.5439409386e-08,1.13839490723e-07,-1.25538534235e-07,-3.61195553467e-08,-2.56864733927e-08,-1.18918940473e-07,-7.5439409386e-08,-1.13839490723e-07,3.56733180524e-05,0.0,2.22640935021e-07,-2.0183493632e-07,3.38780267839e-07,-1.40426337225e-07,-1.25538534235e-07,3.61195553467e-08,2.22640935021e-07,2.0183493632e-07,3.61665406672e-05,0.0,4.62985610739e-07,9.98110216699e-09,-2.56864733927e-08,1.18918940473e-07,3.38780267839e-07,1.40426337225e-07,4.62985610739e-07,-9.98110216699e-09,3.74238879886e-05,0.0
1630632806012291482,height,4,32,width,4,8,imag,2,2,0,3.18875318044e-05,0.0,-1.18957451889e-07,-3.18914743502e-08,9.94036639668e-08,-1.2020502993e-07,1.52376333773e-08,-4.85971529685e-09,-1.18957451889e-07,3.18914743502e-08,3.56249220204e-05,0.0,1.70260562982e-07,-3.68828665387e-08,1.97505983124e-07,-5.29252872639e-08,9.94036639668e-08,1.2020502993e-07,1.70260562982e-07,3.68828665387e-08,3.64715415344e-05,0.0,2.44820796524e-07,2.07938555263e-07,1.52376333773e-08,4.85971529685e-09,1.97505983124e-07,5.29252872639e-08,2.44820796524e-07,-2.07938555263e-07,3.717096115e-05,0.0
1630632806051735849,height,4,32,width,4,8,imag,2,2,0,3.21844963764e-05,0.0,-2.87941892552e-09,-6.77771083701e-08,-2.13104186741e-07,-2.38148584186e-10,-5.83675507926e-08,4.29821653825e-08,-2.87941892552e-09,6.77771083701e-08,3.591611312e-05,0.0,8.72250325301e-08,-2.64808790007e-07,-1.99874463647e-08,-3.25449377669e-07,-2.13104186741e-07,2.38148584186e-10,8.72250325301e-08,2.64808790007e-07,3.66174244846e-05,0.0,2.01320915494e-07,1.53820010951e-07,-5.83675507926e-08,-4.29821653825e-08,-1.99874463647e-08,3.25449377669e-07,2.01320915494e-07,-1.53820010951e-07,3.70215639123e-05,0.0
1630632806121780363,height,4,32,width,4,8,imag,2,2,0,3.19735518133e-05,0.0,-1.08970603208e-07,-3.91019794321e-09,-1.53947254944e-07,-2.55233238988e-08,-1.63493666605e-07,1.47889508639e-07,-1.08970603208e-07,3.91019794321e-09,3.58370016329e-05,0.0,2.31306174214e-07,-1.21540622899e-07,-1.09520200908e-07,1.62405996207e-07,-1.53947254944e-07,2.55233238988e-08,2.31306174214e-07,1.21540622899e-07,3.63858416677e-05,0.0,1.20516915558e-07,-5.36836282095e-08,-1.63493666605e-07,-1.47889508639e-07,-1.09520200908e-07,-1.62405996207e-07,1.20516915558e-07,5.36836282095e-08,3.76076750399e-05,0.0
1630632806220051887,height,4,32,width,4,8,imag,2,2,0,3.20791223203e-05,0.0,9.4721251287e-08,4.86711435599e-08,1.03192505208e-07,3.76087676557e-08,2.38256756546e-08,1.00185147289e-07,9.4721251287e-08,-4.86711435599e-08,3.59948608093e-05,0.0,1.63532860142e-07,-1.14628628811e-09,1.22077690179e-08,-9.82578711728e-08,1.03192505208e-07,-3.76087676557e-08,1.63532860142e-07,1.14628628811e-09,3.67846660083e-05,0.0,2.61035921767e-07,1.48456521742e-07,2.38256756546e-08,-1.00185147289e-07,1.22077690179e-08,9.82578711728e-08,2.61035921767e-07,-1.48456521742e-07,3.74209084839e-05,0.0
1630632806254471734,height,4,32,width,4,8,imag,2,2,0,3.19480059261e-05,0.0,1.24634818022e-08,-1.61653659347e-07,-1.88698283665e-08,-1.90666646915e-08,-1.82926498837e-07,-2.24610090527e-07,1.24634818022e-08,1.61653659347e-07,3.59839432349e-05,0.0,-5.02648092038e-08,-1.2899076296e-07,1.10841725132e-07,-9.44280813542e-08,-1.88698283665e-08,1.90666646915e-08,-5.02648092038e-08,1.2899076296e-07,3.6589375668e-05,0.0,4.4883256578e-07,9.18451945608e-08,-1.82926498837e-07,2.24610090527e-07,1.10841725132e-07,9.44280813542e-08,4.4883256578e-07,-9.18451945608e-08,3.76947391487e-05,0.0
1630632806267355274,height,4,32,width,4,8,imag,2,2,0,3.20568688039e-05,0.0,-5.48237455433e-09,1.48567465885e-07,2.48123768642e-07,9.24618692721e-09,-5.39595745863e-08,-2.5441824647e-08,-5.48237455433e-09,-1.48567465885e-07,3.57729441021e-05,0.0,-1.45221591197e-07,-2.43040176429e-07,-1.49654596271e-07,-3.32521494784e-08,2.48123768642e-07,-9.24618692721e-09,-1.45221591197e-07,2.43040176429e-07,3.64610532415e-05,0.0,1.85665783192e-07,-2.23326246385e-08,-5.39595745863e-08,2.5441824647e-08,-1.49654596271e-07,3.32521494784e-08,1.85665783192e-07,2.23326246385e-08,3.72961803805e-05,0.0
1630632806382229474,height,4,32,width,4,8,imag,2,2,0,3.21162842738e-05,0.0,2.13692999296e-07,-6.48761755428e-08,-3.18943904176e-07,1.43093972227e-08,-7.6706442087e-08,-2.76132681165e-07,2.13692999296e-07,6.48761755428e-08,3.57315329893e-05,0.0,1.26613045381e-07,-8.93540459401e-08,1.89436491382e-07,-1.79537778422e-07,-3.18943904176e-07,-1.43093972227e-08,1.26613045381e-07,8.93540459401e-08,3.63822910003e-05,0.0,2.74138784562e-07,-5.74025484923e-08,-7.6706442087e-08,2.76132681165e-07,1.89436491382e-07,1.79537778422e-07,2.74138784562e-07,5.74025484923e-08,3.73643415514e-05,0.0
1630632806410892915,height,4,32,width,4,8,imag,2,2,0,3.226662011e-05,0.0,-8.43971363906e-08,-4.9908134514e-08,-6.71590143497e-08,9.2152703246e-08,-2.19144595803e-07,1.26860172145e-07,-8.43971363906e-08,4.9908134514e-08,3.63036488125e-05,0.0,1.79448917947e-07,1.25747931179e-07,-1.88902305354e-07,-4.66377825248e-09,-6.71590143497e-08,-9.2152703246e-08,1.79448917947e-07,-1.25747931179e-07,3.65480882465e-05,0.0,-9.77738849883e-08,-1.73839449502e-08,-2.19144595803e-07,-1.26860172145e-07,-1.88902305354e-07,4.66377825248e-09,-9.77738849883e-08,1.73839449502e-08,3.72659378627e-05,0.0
1630632806451519979,height,4,32,width,4,8,imag,2,2,0,3.19215141644e-05,0.0,-1.26223184793e-07,6.31893257719e-08,-1.14929278539e-07,-1.47898873593e-07,-7.58220721764e-08,2.00911742354e-07,-1.26223184793e-07,-6.31893257719e-08,3.58019315172e-05,0.0,-4.07181595108e-08,-4.58297535033e-07,-6.25655829367e-08,5.51836265572e-08,-1.14929278539e-07,1.47898873593e-07,-4.07181595108e-08,4.58297535033e-07,3.66288986697e-05,0.0,3.05804768175e-08,-1.04017203739e-07,-7.58220721764e-08,-2.00911742354e-07,-6.25655829367e-08,-5.51836265572e-08,3.05804768175e-08,1.04017203739e-07,3.72912654711e-05,0.0
1630632806562823600,height,4,32,width,4,8,imag,2,2,0,3.18746278936e-05,0.0,-8.58966373585e-08,9.32429600198e-09,-6.75073721368e-08,1.54223954496e-07,1.38162917551e-07,-7.42687333855e-08,-8.58966373585e-08,-9.32429600198e-09,3.5976547224e-05,0.0,-2.65296566937e-08,-2.27061079272e-07,2.65104148411e-07,-6.35826591378e-09,-6.75073721368e-08,-1.54223954496e-07,-2.65296566937e-08,2.27061079272e-07,3.63047765859e-05,0.0,3.59224934243e-08,1.2266241356e-07,1.38162917551e-07,7.42687333855e-08,2.65104148411e-07,6.35826591378e-09,3.59224934243e-08,-1.2266241356e-07,3.73801340174e-05,0.0
1630632806578183380,height,4,32,width,4,8,imag,2,2,0,3.20834042213e-05,0.0,-1.23272627661e-08,-7.85244367307e-08,3.51875542037e-07,-5.1931086098e-09,-9.03560319898e-08,6.03290644108e-08,-1.23272627661e-08,7.85244367307e-08,3.58299839718e-05,0.0,-1.15261356015e-08,3.77868474288e-08,-3.08944727578e-08,-2.44345102374e-07,3.51875542037e-07,5.1931086098e-09,-1.15261356015e-08,-3.77868474288e-08,3.65045889339e-05,0.0,5.45238833638e-07,6.90587924623e-08,-9.03560319898e-08,-6.03290644108e-08,-3.08944727578e-08,2.44345102374e-07,5.45238833638e-07,-6.90587924623e-08,3.75124109269e-05,0.0
1630632806617843404,height,4,32,width,4,8,imag,2,2,0,3.19320242852e-05,0.0,4.95972507508e-09,-1.26978989101e-07,5.96504960981e-08,1.60076439215e-07,-3.0763411818e-09,-5.64360220778e-08,4.95972507508e-09,1.26978989101e-07,3.58993711416e-05,0.0,1.54876047986e-07,7.4509109993e-08,-1.16821823326e-07,-9.49851823862e-08,5.96504960981e-08,-1.60076439215e-07,1.54876047986e-07,-7.4509109993e-08,3.65121777577e-05,0.0,3.88443794463e-07,9.88184112316e-08,-3.0763411818e-09,5.64360220778e-08,-1.16821823326e-07,9.49851823862e-08,3.88443794463e-07,-9.88184112316e-08,3.72863651137e-05,0.0
1630632806729301271,height,4,32,width,4,8,imag,2,2,0,0.00206870515831,0.0,0.0230852272362,-0.0129754915833,0.024242406711,-0.00998500455171,-0.0106171928346,0.0283031910658,0.0230852272362,0.0129754915833,0.353692263365,0.0,0.344129085541,0.0412322431803,-0.303025126457,0.256673395634,0.024242406711,0.00998500455171,0.344129085541,-0.0412322431803,0.341628521681,0.0,-0.266329288483,0.286100775003,-0.0106171928346,-0.0283031910658,-0.303025126457,-0.256673395634,-0.266329288483,-0.286100775003,0.456362634897,0.0
1630632806742217989,height,4,32,width,4,8,imag,2,2,0,3.19022074109e-05,0.0,1.2042582398e-07,1.42345779608e-08,-1.21389348351e-07,8.10600653267e-09,1.69950894247e-07,-1.21563786593e-07,1.2042582398e-07,-1.42345779608e-08,3.62058599421e-05,0.0,9.10392685682e-08,-2.17516344492e-07,-9.74359508632e-08,6.98730104887e-08,-1.21389348351e-07,-8.10600653267e-09,9.10392685682e-08,2.17516344492e-07,3.65353807865e-05,0.0,1.99145091528e-07,7.74928281544e-08,1.69950894247e-07,1.21563786593e-07,-9.74359508632e-08,-6.98730104887e-08,1.99145091528e-07,-7.74928281544e-08,3.70810957975e-05,0.0
1630632806793188591,height,4,32,width,4,8,imag,2,2,0,3.18649654218e-05,0.0,5.12901792149e-08,-2.14564977341e-07,1.56683839236e-07,-1.56700341591e-08,-4.73864716355e-08,-8.96745149248e-08,5.12901792149e-08,2.14564977341e-07,3.62690916518e-05,0.0,3.28540210148e-07,-2.87758183504e-07,-7.23508648548e-08,-8.18914358547e-08,1.56683839236e-07,1.56700341591e-08,3.28540210148e-07,2.87758183504e-07,3.64321713278e-05,0.0,2.07207691005e-07,1.28989384507e-07,-4.73864716355e-08,8.96745149248e-08,-7.23508648548e-08,8.18914358547e-08,2.07207691005e-07,-1.28989384507e-07,3.7447163777e-05,0.0
1630632806895834476,height,4,32,width,4,8,imag,2,2,0,0.00211183563806,0.0,0.0236968621612,-0.0131124304608,0.0248516630381,-0.00997136067599,-0.0103161623701,0.029107036069,0.0236968621612,0.0131124304608,0.361786097288,0.0,0.351679861546,0.0431337505579,-0.303114622831,0.269849866629,0.0248516630381,0.00997136067599,0.351679861546,-0.0431337505579,0.348911672831,0.0,-0.263770103455,0.299422323704,-0.0103161623701,-0.029107036069,-0.303114622831,-0.269849866629,-0.263770103455,-0.299422323704,0.466363042593,0.0
1630632806932777681,height,4,32,width,4,8,imag,2,2,0,3.22654414049e-05,0.0,-6.82099088323e-09,-1.44837777327e-08,1.36379227911e-07,4.24672634836e-08,6.98438498148e-08,-5.01895307536e-08,-6.82099088323e-09,1.44837777327e-08,3.59809455404e-05,0.0,1.05481412049e-07,4.87003788407e-08,-2.54666190358e-07,-2.59399286051e-07,1.36379227911e-07,-4.24672634836e-08,1.05481412049e-07,-4.87003788407e-08,3.62837927241e-05,0.0,2.45436751811e-07,1.92724058934e-07,6.98438498148e-08,5.01895307536e-08,-2.54666190358e-07,2.59399286051e-07,2.45436751811e-07,-1.92724058934e-07,3.74742303393e-05,0.0
1630632806945412697,height,4,32,width,4,8,imag,2,2,0,0.0020655549597,0.0,0.0230552628636,-0.0129842972383,0.0242169145495,-0.00999941211194,-0.0105891190469,0.0282844379544,0.0230552628636,0.0129842972383,0.353714734316,0.0,0.344173967838,0.0412190295756,-0.303044945002,0.256656140089,0.0242169145495,0.00999941211194,0.344173967838,-0.0412190295756,0.341697067022,0.0,-0.266383439302,0.28608751297,-0.0105891190469,-0.0282844379544,-0.303044945002,-0.256656140089,-0.266383439302,-0.28608751297,0.456343710423,0.0
1630632807056840305,height,4,32,width,4,8,imag,2,2,0,0.00212911167182,0.0,0.0237242151052,-0.013446547091,0.0249764304608,-0.0102625852451,-0.0105513734743,0.0292614977807,0.0237242151052,0.013446547091,0.364274680614,0.0,0.354245096445,0.0439756251872,-0.309520691633,0.267218261957,0.0249764304608,0.0102625852451,0.354245096445,-0.0439756251872,0.351876407862,0.0,-0.270162165165,0.29832726717,-0.0105513734743,-0.0292614977807,-0.309520691633,-0.267218261957,-0.270162165165,-0.29832726717,0.469428122044,0.0
1630632807105468563,height,4,32,width,4,8,imag,2,2,0,0.00211214926094,0.0,0.0236994158477,-0.0131148267537,0.0248603783548,-0.00997239910066,-0.0103219961748,0.0291094873101,0.0236994158477,0.0131148267537,0.361738801003,0.0,0.351673185825,0.0431531220675,-0.303102493286,0.269845128059,0.0248603783548,0.00997239910066,0.351673185825,-0.0431531220675,0.348944872618,0.0,-0.263764232397,0.299466729164,-0.0103219961748,-0.0291094873101,-0.303102493286,-0.269845128059,-0.263764232397,-0.299466729164,0.46638277173,0.0
1630632807169814009,height,4,32,width,4,8,imag,2,2,0,0.0020661582239,0.0,0.0230578128248,-0.0129893068224,0.0242173299193,-0.010002611205,-0.0105863176286,0.0282937437296,0.0230578128248,0.0129893068224,0.353723704815,0.0,0.344144612551,0.0412097424269,-0.303041964769,0.256706357002,0.0242173299193,0.010002611205,0.344144612551,-0.0412097424269,0.3416261971,0.0,-0.266343742609,0.28609764576,-0.0105863176286,-0.0282937437296,-0.303041964769,-0.256706357002,-0.266343742609,-0.28609764576,0.456379830837,0.0
1630632807229686182,height,4,32,width,4,8,imag,2,2,0,0.00209682877176,0.0,0.0233859941363,-0.0132253989577,0.0246050208807,-0.0101285260171,-0.0105062751099,0.0288001708686,0.0233859941363,0.0132253989577,0.359190046787,0.0,0.349508702755,0.042862650007,-0.305849164724,0.262493669987,0.0246050208807,0.0101285260171,0.349508702755,-0.042862650007,0.347231090069,0.0,-0.267687141895,0.29296374321,-0.0105062751099,-0.0288001708686,-0.305849164724,-0.262493669987,-0.267687141895,-0.29296374321,0.463265538216,0.0
1630632807328745684,height,4,32,width,4,8,imag,2,2,0,0.00213044742122,0.0,0.0237339232117,-0.0134499808773,0.0249842684716,-0.0102646565065,-0.0105567174032,0.0292647257447,0.0237339232117,0.0134499808773,0.364312052727,0.0,0.35425773263,0.0439809113741,-0.309539228678,0.2672059834,0.0249842684716,0.0102646565065,0.35425773263,-0.0439809113741,0.351863622665,0.0,-0.270160853863,0.29830005765,-0.0105567174032,-0.0292647257447,-0.309539228678,-0.2672059834,-0.270160853863,-0.29830005765,0.469395369291,0.0
1630632807378015620,height,4,32,width,4,8,imag,2,2,0,0.00209891679697,0.0,0.0234077423811,-0.0132169863209,0.0246264506131,-0.0101168034598,-0.0105312941596,0.0288054253906,0.0234077423811,0.0132169863209,0.359193712473,0.0,0.349523305893,0.0428636483848,-0.305844843388,0.262509912252,0.0246264506131,0.0101168034598,0.349523305893,-0.0428636483848,0.347250372171,0.0,-0.267686545849,0.292983442545,-0.0105312941596,-0.0288054253906,-0.305844843388,-0.262509912252,-0.267686545849,-0.292983442545,0.463264882565,0.0
1630632807395530298,height,4,32,width,4,8,imag,2,2,0,0.00211338535883,0.0,0.0236698165536,-0.0131470290944,0.0248577278107,-0.010029845871,-0.0103122582659,0.0290940701962,0.0236698165536,0.0131470290944,0.36154088378,0.0,0.351844877005,0.0430012494326,-0.303271859884,0.2691591084,0.0248577278107,0.010029845871,0.351844877005,-0.0430012494326,0.349469393492,0.0,-0.264384955168,0.298978328705,-0.0103122582659,-0.0290940701962,-0.303271859884,-0.2691591084,-0.264384955168,-0.298978328705,0.465789139271,0.0
1630632807481643533,height,4,32,width,4,8,imag,2,2,0,0.00212991493754,0.0,0.0237208269536,-0.0134645793587,0.0249516125768,-0.0103288032115,-0.0105793513358,0.0292463600636,0.0237208269536,0.0134645793587,0.364238590002,0.0,0.354319989681,0.0432968586683,-0.309847384691,0.266578525305,0.0249516125768,0.0103288032115,0.354319989681,-0.0432968586683,0.351857304573,0.0,-0.271088421345,0.297172576189,-0.0105793513358,-0.0292463600636,-0.309847384691,-0.266578525305,-0.271088421345,-0.297172576189,0.469217956066,0.0
1630632807591050723,height,4,32,width,4,8,imag,2,2,0,0.00211276602931,0.0,0.0236459914595,-0.0131840500981,0.0248372480273,-0.0100636910647,-0.0102691194043,0.0291066803038,0.0236459914595,0.0131840500981,0.361569046974,0.0,0.351829826832,0.0430287048221,-0.303287684917,0.269165366888,0.0248372480273,0.0100636910647,0.351829826832,-0.0430287048221,0.349418848753,0.0,-0.264349669218,0.298979908228,-0.0102691194043,-0.0291066803038,-0.303287684917,-0.269165366888,-0.264349669218,-0.298979908228,0.465800702572,0.0
1630632807597382958,height,4,32,width,4,8,imag,2,2,0,0.00211552227847,0.0,0.0236245393753,-0.013335717842,0.0247931368649,-0.0103181116283,-0.0105208288878,0.0290685705841,0.0236245393753,0.013335717842,0.362858712673,0.0,0.35306891799,0.0416256077588,-0.307870984077,0.266030997038,0.0247931368649,0.0103181116283,0.35306891799,-0.0416256077588,0.35034096241,0.0,-0.270445227623,0.295245081186,-0.0105208288878,-0.0290685705841,-0.307870984077,-0.266030997038,-0.270445227623,-0.295245081186,0.466794162989,0.0
1630632807769438352,height,4,32,width,4,8,imag,2,2,0,0.0021217900794,0.0,0.0237292293459,-0.0132319033146,0.024882722646,-0.0102232927456,-0.0102167911828,0.0292554106563,0.0237292293459,0.0132319033146,0.362868100405,0.0,0.353202134371,0.0414286442101,-0.303746044636,0.271252423525,0.024882722646,0.0102232927456,0.353202134371,-0.0414286442101,0.350530743599,0.0,-0.266020715237,0.29974475503,-0.0102167911828,-0.0292554106563,-0.303746044636,-0.271252423525,-0.266020715237,-0.29974475503,0.467623144388,0.0
1630632807811901645,height,4,32,width,4,8,imag,2,2,0,0.00211915140972,0.0,0.0236872658134,-0.0132174016908,0.0248563792557,-0.0101922331378,-0.0103349564597,0.029132399708,0.0236872658134,0.0132174016908,0.36204046011,0.0,0.3524287045,0.0416944026947,-0.304259896278,0.268863648176,0.0248563792557,0.0101922331378,0.3524287045,-0.0416944026947,0.349905580282,0.0,-0.266577720642,0.29783347249,-0.0103349564597,-0.029132399708,-0.304259896278,-0.268863648176,-0.266577720642,-0.29783347249,0.465807378292,0.0
1630632807818146823,height,4,32,width,4,8,imag,2,2,0,0.00211426778696,0.0,0.0236675199121,-0.0131797026843,0.0248601511121,-0.0100567815825,-0.0102863470092,0.0291150212288,0.0236675199121,0.0131797026843,0.361530870199,0.0,0.351818114519,0.0430613830686,-0.303297847509,0.269095659256,0.0248601511121,0.0100567815825,0.351818114519,-0.0430613830686,0.349443405867,0.0,-0.264362901449,0.298961222172,-0.0102863470092,-0.0291150212288,-0.303297847509,-0.269095659256,-0.264362901449,-0.298961222172,0.46574690938,0.0
1630632807938523917,height,4,32,width,4,8,imag,2,2,0,0.00166386726778,0.0,0.0184824764729,-0.0104477042332,0.0194019712508,-0.00810037180781,-0.00792007055134,0.0228789467365,0.0184824764729,0.0104477042332,0.283618867397,0.0,0.276183366776,0.0324025861919,-0.238051772118,0.211302667856,0.0194019712508,0.00810037180781,0.276183366776,-0.0324025861919,0.274202108383,0.0,-0.208691224456,0.233756169677,-0.00792007055134,-0.0228789467365,-0.238051772118,-0.211302667856,-0.208691224456,-0.233756169677,0.365654498339,0.0
1630632807998630078,height,4,32,width,4,8,imag,2,2,0,0.00212100404315,0.0,0.0237374380231,-0.0132191805169,0.0248875133693,-0.0102117694914,-0.010226518847,0.0292404256761,0.0237374380231,0.0132191805169,0.362879872322,0.0,0.35322868824,0.041382715106,-0.303681999445,0.271252781153,0.0248875133693,0.0102117694914,0.35322868824,-0.041382715106,0.350566148758,0.0,-0.266008287668,0.299715727568,-0.010226518847,-0.0292404256761,-0.303681999445,-0.271252781153,-0.266008287668,-0.299715727568,0.467503547668,0.0
1630632808025113775,height,4,32,width,4,8,imag,2,2,0,0.0021174014546,0.0,0.0236616209149,-0.0132269496098,0.0248331986368,-0.010205459781,-0.0103120272979,0.0291216317564,0.0236616209149,0.0132269496098,0.362023770809,0.0,0.35241356492,0.041672039777,-0.304249942303,0.268829703331,0.0248331986368,0.010205459781,0.35241356492,-0.041672039777,0.349881410599,0.0,-0.266588270664,0.297784149647,-0.0103120272979,-0.0291216317564,-0.304249942303,-0.268829703331,-0.266588270664,-0.297784149647,0.465770810843,0.0
1630632808111137482,height,4,32,width,4,8,imag,2,2,0,3.23395324813e-05,0.0,-1.81172040925e-07,-7.27971141146e-08,-6.74050113503e-08,-1.39482438044e-07,-7.5111053377e-08,-2.05116386098e-08,-1.81172040925e-07,7.27971141146e-08,3.57473181793e-05,0.0,2.38785613504e-08,-5.92876503447e-09,6.87449883685e-08,-9.9620841354e-08,-6.74050113503e-08,1.39482438044e-07,2.38785613504e-08,5.92876503447e-09,3.6663695937e-05,0.0,3.21868640185e-07,-7.25297724102e-08,-7.5111053377e-08,2.05116386098e-08,6.87449883685e-08,9.9620841354e-08,3.21868640185e-07,7.25297724102e-08,3.73023467546e-05,0.0
1630632808153528550,height,4,32,width,4,8,imag,2,2,0,0.00166098424233,0.0,0.0184716433287,-0.0104217668995,0.0193860642612,-0.00807676743716,-0.00792843475938,0.0228554513305,0.0184716433287,0.0104217668995,0.28363096714,0.0,0.276179462671,0.0323991701007,-0.23804807663,0.211327284575,0.0193860642612,0.00807676743716,0.276179462671,-0.0323991701007,0.274180531502,0.0,-0.208674952388,0.233763486147,-0.00792843475938,-0.0228554513305,-0.23804807663,-0.211327284575,-0.208674952388,-0.233763486147,0.365659564734,0.0
1630632808282482992,height,4,32,width,4,8,imag,2,2,0,3.19600076182e-05,0.0,3.03631999543e-08,5.68136897527e-08,4.11103471265e-08,-3.73172724721e-07,-2.27464198588e-07,-1.2421583051e-07,3.03631999543e-08,-5.68136897527e-08,3.54132353095e-05,0.0,9.87622073012e-08,9.62474544508e-08,-5.09539077598e-08,7.26459603584e-09,4.11103471265e-08,3.73172724721e-07,9.87622073012e-08,-9.62474544508e-08,3.67389766325e-05,0.0,2.02746491595e-07,-1.02491796383e-07,-2.27464198588e-07,1.2421583051e-07,-5.09539077598e-08,-7.26459603584e-09,2.02746491595e-07,1.02491796383e-07,3.72242684534e-05,0.0
1630632808301952413,height,4,32,width,4,8,imag,2,2,0,0.0021214641165,0.0,0.0237270426005,-0.013229874894,0.0248843543231,-0.0102183809504,-0.0102165807039,0.0292440932244,0.0237270426005,0.013229874894,0.36287227273,0.0,0.353229910135,0.0414501205087,-0.303714245558,0.271232873201,0.0248843543231,0.0102183809504,0.353229910135,-0.0414501205087,0.350584208965,0.0,-0.2659945786,0.299756139517,-0.0102165807039,-0.0292440932244,-0.303714245558,-0.271232873201,-0.2659945786,-0.299756139517,0.467548280954,0.0
1630632808337666892,height,4,32,width,4,8,imag,2,2,0,3.21647021337e-05,0.0,-1.11911937495e-07,4.32226237024e-08,5.12707067912e-08,-5.89159689923e-08,8.12421561136e-08,-7.38349683616e-08,-1.11911937495e-07,-4.32226237024e-08,3.60111807822e-05,0.0,2.62940119455e-07,-7.74439445905e-09,-1.7003441144e-07,-2.19576477889e-07,5.12707067912e-08,5.89159689923e-08,2.62940119455e-07,7.74439445905e-09,3.65142768715e-05,0.0,2.06288675031e-07,-2.85816899037e-08,8.12421561136e-08,7.38349683616e-08,-1.7003441144e-07,2.19576477889e-07,2.06288675031e-07,2.85816899037e-08,3.71397291019e-05,0.0
1630632808459917322,height,4,32,width,4,8,imag,2,2,0,3.20570106851e-05,0.0,3.10173049911e-07,-1.7818119602e-07,8.77174741731e-08,1.23599278368e-07,-7.23049211615e-08,5.45916769568e-08,3.10173049911e-07,1.7818119602e-07,3.57919925591e-05,0.0,2.39213505893e-07,-8.4399403022e-08,-9.14006719199e-08,2.01280698775e-07,8.77174741731e-08,-1.23599278368e-07,2.39213505893e-07,8.4399403022e-08,3.64898369298e-05,0.0,2.91477590508e-07,-3.56583100825e-08,-7.23049211615e-08,-5.45916769568e-08,-9.14006719199e-08,-2.01280698775e-07,2.91477590508e-07,3.56583100825e-08,3.75535310013e-05,0.0
1630632808485477468,height,4,32,width,4,8,imag,2,2,0,3.20325707435e-05,0.0,1.79851795679e-08,-9.03474131064e-08,-9.51317460363e-08,-2.43273035494e-07,2.11520031712e-07,-2.64784958404e-08,1.79851795679e-08,9.03474131064e-08,3.60577541869e-05,0.0,2.18873609015e-07,-1.29978033669e-07,-8.65921734317e-08,-1.37444658321e-07,-9.51317460363e-08,2.43273035494e-07,2.18873609015e-07,1.29978033669e-07,3.62010578101e-05,0.0,4.78003698845e-07,2.18218829673e-08,2.11520031712e-07,2.64784958404e-08,-8.65921734317e-08,1.37444658321e-07,4.78003698845e-07,-2.18218829673e-08,3.75289964722e-05,0.0
1630632808513669366,height,4,32,width,4,8,imag,2,2,0,3.22073501593e-05,0.0,-4.90274601361e-07,-2.1887851176e-07,9.44003630821e-09,8.41795344542e-09,-1.06739342698e-07,-3.99353332625e-08,-4.90274601361e-07,2.1887851176e-07,3.56481250492e-05,0.0,-2.56217020933e-07,-2.6942782938e-07,5.85169068756e-08,-2.36130873077e-07,9.44003630821e-09,-8.41795344542e-09,-2.56217020933e-07,2.6942782938e-07,3.65951782442e-05,0.0,3.50553847284e-07,7.0148963971e-08,-1.06739342698e-07,3.99353332625e-08,5.85169068756e-08,2.36130873077e-07,3.50553847284e-07,-7.0148963971e-08,3.68759283447e-05,0.0
1630632808611301467,height,4,32,width,4,8,imag,2,2,0,3.22194537148e-05,0.0,1.80502695457e-07,9.80522329996e-08,-7.9256203378e-08,1.33396653723e-07,-1.31414665816e-07,-1.36029456144e-07,1.80502695457e-07,-9.80522329996e-08,3.62266910088e-05,0.0,-2.6625500027e-08,-1.35333849016e-07,3.50708376118e-07,-1.31198220288e-07,-7.9256203378e-08,-1.33396653723e-07,-2.6625500027e-08,1.35333849016e-07,3.67966313206e-05,0.0,2.56960987599e-07,-4.12765018609e-07,-1.31414665816e-07,1.36029456144e-07,3.50708376118e-07,1.31198220288e-07,2.56960987599e-07,4.12765018609e-07,3.6785229895e-05,0.0
1630632808653248841,height,4,32,width,4,8,imag,2,2,0,3.2064235711e-05,0.0,-8.15831597833e-08,-7.44836867739e-08,-9.42333358012e-08,8.06084017313e-08,-2.26124370784e-07,-1.30550390054e-07,-8.15831597833e-08,7.44836867739e-08,3.60130616173e-05,0.0,-5.49615712941e-08,-1.10499724926e-08,-5.40880868982e-08,1.02581623196e-08,-9.42333358012e-08,-8.06084017313e-08,-5.49615712941e-08,1.10499724926e-08,3.67569446098e-05,0.0,4.9026859017e-08,8.93922873502e-08,-2.26124370784e-07,1.30550390054e-07,-5.40880868982e-08,-1.02581623196e-08,4.9026859017e-08,-8.93922873502e-08,3.76819734811e-05,0.0
1630632808693766086,height,4,32,width,4,8,imag,2,2,0,3.19873470289e-05,0.0,-1.83129330367e-07,-1.25591341771e-07,-7.41243439961e-08,-1.30699547185e-07,6.63689405656e-08,3.32581855389e-08,-1.83129330367e-07,1.25591341771e-07,3.57338612957e-05,0.0,-2.95453475019e-08,6.13068422695e-08,3.36261258838e-08,1.96329050794e-08,-7.41243439961e-08,1.30699547185e-07,-2.95453475019e-08,-6.13068422695e-08,3.63996732631e-05,0.0,-4.17135694875e-08,1.44808780078e-07,6.63689405656e-08,-3.32581855389e-08,3.36261258838e-08,-1.96329050794e-08,-4.17135694875e-08,-1.44808780078e-07,3.72719514417e-05,0.0
1630632808806149272,height,4,32,width,4,8,imag,2,2,0,3.18931852235e-05,0.0,1.00795304547e-07,-2.67203034809e-07,-2.19786585376e-07,-2.64219551127e-07,5.44008500469e-08,-1.69612420109e-07,1.00795304547e-07,2.67203034809e-07,3.5853809095e-05,0.0,9.45425000509e-08,-1.57366429221e-07,3.63451704288e-08,-1.11253285695e-07,-2.19786585376e-07,2.64219551127e-07,9.45425000509e-08,1.57366429221e-07,3.63164217561e-05,0.0,6.64588526433e-08,2.87569008606e-07,5.44008500469e-08,1.69612420109e-07,3.63451704288e-08,1.11253285695e-07,6.64588526433e-08,-2.87569008606e-07,3.71684036509e-05,0.0
1630632808817586724,height,4,32,width,4,8,imag,2,2,0,3.22245032294e-05,0.0,-6.98299942314e-08,1.05753642288e-07,1.57118460464e-08,-2.56652175068e-08,1.07974962305e-07,-1.10617925486e-07,-6.98299942314e-08,-1.05753642288e-07,3.59156256309e-05,0.0,-2.41135182932e-07,-2.34806904587e-07,7.23112023593e-08,1.70901358842e-07,1.57118460464e-08,2.56652175068e-08,-2.41135182932e-07,2.34806904587e-07,3.61823294952e-05,0.0,4.28377724404e-08,5.3897835528e-08,1.07974962305e-07,1.10617925486e-07,7.23112023593e-08,-1.70901358842e-07,4.28377724404e-08,-5.3897835528e-08,3.75841045752e-05,0.0
1630632808876487870,height,4,32,width,4,8,imag,2,2,0,3.20277831634e-05,0.0,4.4894587603e-08,-6.96902802133e-08,2.32960157831e-08,-5.39488738127e-08,-2.18303426891e-07,2.29846524036e-08,4.4894587603e-08,6.96902802133e-08,3.62175378541e-05,0.0,-7.30803932925e-08,-1.26614608575e-07,-4.72550780728e-08,-5.80460373101e-08,2.32960157831e-08,5.39488738127e-08,-7.30803932925e-08,1.26614608575e-07,3.62202190445e-05,0.0,1.76903981242e-07,-5.2496559988e-08,-2.18303426891e-07,-2.29846524036e-08,-4.72550780728e-08,5.80460373101e-08,1.76903981242e-07,5.2496559988e-08,3.7285968574e-05,0.0
1630632808985918332,height,4,32,width,4,8,imag,2,2,0,3.20493272739e-05,0.0,-8.27346866572e-08,-9.59622425967e-08,-1.19782981756e-07,-3.05990965899e-09,6.02633960511e-08,3.04049265765e-08,-8.27346866572e-08,9.59622425967e-08,3.60691665264e-05,0.0,1.41036565537e-07,1.9239354998e-08,1.16048916254e-07,2.29240342264e-07,-1.19782981756e-07,3.05990965899e-09,1.41036565537e-07,-1.9239354998e-08,3.65851919923e-05,0.0,2.33183030218e-07,2.62207748847e-07,6.02633960511e-08,-3.04049265765e-08,1.16048916254e-07,-2.29240342264e-07,2.33183030218e-07,-2.62207748847e-07,3.75097879441e-05,0.0
1630632809015342558,height,4,32,width,4,8,imag,2,2,0,3.18884340231e-05,0.0,2.32420305224e-07,7.47945421153e-08,8.42454568328e-08,3.87927627798e-08,5.2632540104e-08,-1.7669479746e-07,2.32420305224e-07,-7.47945421153e-08,3.54597759724e-05,0.0,3.44052644152e-08,-2.11814409568e-07,4.70710830314e-08,-2.65164260327e-07,8.42454568328e-08,-3.87927627798e-08,3.44052644152e-08,2.11814409568e-07,3.634870518e-05,0.0,5.70253632759e-07,-1.54934465257e-08,5.2632540104e-08,1.7669479746e-07,4.70710830314e-08,2.65164260327e-07,5.70253632759e-07,1.54934465257e-08,3.71329442714e-05,0.0
1630632809022488183,height,4,32,width,4,8,imag,2,2,0,3.19726241287e-05,0.0,-1.05603071177e-07,-1.95461964836e-07,-1.34250726092e-07,-1.60853389275e-07,7.09571992275e-08,-6.12081336726e-08,-1.05603071177e-07,1.95461964836e-07,3.5684035538e-05,0.0,4.019732458e-08,1.25737102508e-07,-2.27335554825e-08,-3.36109309274e-08,-1.34250726092e-07,1.60853389275e-07,4.019732458e-08,-1.25737102508e-07,3.6385612475e-05,0.0,2.7665848279e-07,-8.65631690772e-08,7.09571992275e-08,6.12081336726e-08,-2.27335554825e-08,3.36109309274e-08,2.7665848279e-07,8.65631690772e-08,3.73663278879e-05,0.0
1630632809153491501,height,4,32,width,4,8,imag,2,2,0,3.2377338357e-05,0.0,-2.28972290017e-08,5.74741392256e-08,-2.11983319787e-07,1.99396321676e-09,4.75711736669e-08,1.61992275594e-07,-2.28972290017e-08,-5.74741392256e-08,3.58824945579e-05,0.0,1.63587472457e-07,-6.00253002858e-08,1.68820335489e-08,-1.37812136813e-07,-2.11983319787e-07,-1.99396321676e-09,1.63587472457e-07,6.00253002858e-08,3.61800994142e-05,0.0,5.73351996991e-07,1.80736012823e-08,4.75711736669e-08,-1.61992275594e-07,1.68820335489e-08,1.37812136813e-07,5.73351996991e-07,-1.80736012823e-08,3.73107977794e-05,0.0
1630632809177557329,height,4,32,width,4,8,imag,2,2,0,3.19689388562e-05,0.0,-1.09549901595e-07,1.89248505755e-10,9.52438767854e-08,4.09563547521e-08,1.57528219802e-07,1.20033064377e-07,-1.09549901595e-07,-1.89248505755e-10,3.56340678991e-05,0.0,8.69305338824e-08,-7.71875505734e-08,1.68994901628e-07,-7.33918170681e-08,9.52438767854e-08,-4.09563547521e-08,8.69305338824e-08,7.71875505734e-08,3.65987325495e-05,0.0,6.36248614683e-07,2.34160324908e-07,1.57528219802e-07,-1.20033064377e-07,1.68994901628e-07,7.33918170681e-08,6.36248614683e-07,-2.34160324908e-07,3.76759962819e-05,0.0
1630632809190031284,height,4,32,width,4,8,imag,2,2,0,3.19101272908e-05,0.0,9.18041251907e-08,2.60812072383e-07,3.39104850866e-08,4.67278340466e-08,-8.68200018544e-08,-2.55063639543e-07,9.18041251907e-08,-2.60812072383e-07,3.58037505066e-05,0.0,1.17792424703e-07,-1.84410187121e-09,2.28422535997e-07,1.17864836113e-07,3.39104850866e-08,-4.67278340466e-08,1.17792424703e-07,1.84410187121e-09,3.65069427062e-05,0.0,4.98106032865e-07,3.68958055219e-08,-8.68200018544e-08,2.55063639543e-07,2.28422535997e-07,-1.17864836113e-07,4.98106032865e-07,-3.68958055219e-08,3.73218244931e-05,0.0
1630632809320691131,height,4,32,width,4,8,imag,2,2,0,3.21390471072e-05,0.0,-6.35932408954e-08,1.70799708599e-07,-2.78151304656e-07,-1.26901383624e-07,2.63559769564e-07,1.32033392219e-07,-6.35932408954e-08,-1.70799708599e-07,3.62502032658e-05,0.0,8.95602170203e-08,1.59209093908e-07,7.08797642801e-08,-1.68232205056e-07,-2.78151304656e-07,1.26901383624e-07,8.95602170203e-08,-1.59209093908e-07,3.66984604625e-05,0.0,2.21785711574e-07,9.41940427879e-08,2.63559769564e-07,-1.32033392219e-07,7.08797642801e-08,1.68232205056e-07,2.21785711574e-07,-9.41940427879e-08,3.72511094611e-05,0.0
1630632809355830688,height,4,32,width,4,8,imag,2,2,0,3.1758856494e-05,0.0,5.26756451791e-08,6.33898125102e-08,-4.54059474464e-08,2.78523764052e-08,-1.31833289174e-07,-1.02814901481e-07,5.26756451791e-08,-6.33898125102e-08,3.57357384928e-05,0.0,-5.44067262354e-08,-6.8471941006e-08,-8.03436819297e-08,1.39224198392e-07,-4.54059474464e-08,-2.78523764052e-08,-5.44067262354e-08,6.8471941006e-08,3.61734782928e-05,0.0,3.8200664676e-07,2.10783809962e-07,-1.31833289174e-07,1.02814901481e-07,-8.03436819297e-08,-1.39224198392e-07,3.8200664676e-07,-2.10783809962e-07,3.73107650375e-05,0.0
1630632809387414505,height,4,32,width,4,8,imag,2,2,0,3.16316145472e-05,0.0,2.09125971651e-07,1.5093065997e-07,6.76704345892e-08,-2.11107533232e-07,1.59891001772e-07,-1.60946669325e-07,2.09125971651e-07,-1.5093065997e-07,3.58813704224e-05,0.0,8.61648246087e-08,-7.08760472534e-09,2.34246329001e-07,-7.71867263438e-08,6.76704345892e-08,2.11107533232e-07,8.61648246087e-08,7.08760472534e-09,3.68837427231e-05,0.0,2.41876335849e-07,-5.43252873797e-08,1.59891001772e-07,1.60946669325e-07,2.34246329001e-07,7.71867263438e-08,2.41876335849e-07,5.43252873797e-08,3.7187433918e-05,0.0
1630632809485332717,height,4,32,width,4,8,imag,2,2,0,3.19679929817e-05,0.0,5.08501400986e-08,3.03789065015e-08,3.3967445745e-08,-1.69103387293e-07,-2.37598030139e-07,1.9371360338e-07,5.08501400986e-08,-3.03789065015e-08,3.59655023203e-05,0.0,2.44417872608e-08,-1.45913276128e-07,7.09233844987e-08,-6.78471181459e-08,3.3967445745e-08,1.69103387293e-07,2.44417872608e-08,1.45913276128e-07,3.61806960427e-05,0.0,2.48809755021e-07,1.66869718043e-08,-2.37598030139e-07,-1.9371360338e-07,7.09233844987e-08,6.78471181459e-08,2.48809755021e-07,-1.66869718043e-08,3.67827997252e-05,0.0
1630632809554687312,height,4,32,width,4,8,imag,2,2,0,3.19836290146e-05,0.0,-1.30258968056e-07,1.5761264649e-07,-6.06687038385e-08,1.5611161075e-07,-7.69527233047e-08,-1.34075222036e-07,-1.30258968056e-07,-1.5761264649e-07,3.60758567695e-05,0.0,1.96930415086e-07,-2.07358965554e-07,-1.91851068365e-08,2.68539892545e-08,-6.06687038385e-08,-1.5611161075e-07,1.96930415086e-07,2.07358965554e-07,3.64330226148e-05,0.0,3.01763748212e-07,2.28937125257e-07,-7.69527233047e-08,1.34075222036e-07,-1.91851068365e-08,-2.68539892545e-08,3.01763748212e-07,-2.28937125257e-07,3.74219926016e-05,0.0
1630632809660537382,height,4,32,width,4,8,imag,2,2,0,3.23787535308e-05,0.0,-6.15549282657e-08,-1.32968480671e-07,-5.09081985456e-08,6.34073913375e-08,-3.84840994627e-08,9.36009385555e-08,-6.15549282657e-08,1.32968480671e-07,3.5924527765e-05,0.0,-3.81521232384e-08,-3.77987454669e-08,5.59896768948e-08,2.4151822231e-07,-5.09081985456e-08,-6.34073913375e-08,-3.81521232384e-08,3.77987454669e-08,3.65367268387e-05,0.0,3.54057846153e-07,-4.41713471355e-10,-3.84840994627e-08,-9.36009385555e-08,5.59896768948e-08,-2.4151822231e-07,3.54057846153e-07,4.41713471355e-10,3.72055401385e-05,0.0
1630632809670257855,height,4,32,width,4,8,imag,2,2,0,3.20354483847e-05,0.0,1.73668567527e-07,1.20637180245e-08,-1.28791100451e-07,-7.11964318612e-08,6.77788065673e-08,3.65884140763e-08,1.73668567527e-07,-1.20637180245e-08,3.62272949133e-05,0.0,-6.7360680589e-08,1.91663929172e-07,1.32675538111e-07,1.45993141132e-07,-1.28791100451e-07,7.11964318612e-08,-6.7360680589e-08,-1.91663929172e-07,3.6508179619e-05,0.0,3.1859880778e-07,9.89446888866e-08,6.77788065673e-08,-3.65884140763e-08,1.32675538111e-07,-1.45993141132e-07,3.1859880778e-07,-9.89446888866e-08,3.67444226868e-05,0.0
1630632809693626788,height,4,32,width,4,8,imag,2,2,0,3.18142738251e-05,0.0,-6.14673396626e-08,-4.72245211824e-08,1.1583602344e-07,2.49064243008e-07,9.7888019468e-08,-1.3225303519e-07,-6.14673396626e-08,4.72245211824e-08,3.57262906618e-05,0.0,8.82127650925e-08,5.00323338315e-08,9.36144175512e-08,-1.38689728146e-07,1.1583602344e-07,-2.49064243008e-07,8.82127650925e-08,-5.00323338315e-08,3.65699524991e-05,0.0,2.73360797109e-07,1.99638236609e-07,9.7888019468e-08,1.3225303519e-07,9.36144175512e-08,1.38689728146e-07,2.73360797109e-07,-1.99638236609e-07,3.7159283238e-05,0.0
1630632809831364491,height,4,32,width,4,8,imag,2,2,0,3.19294740621e-05,0.0,-1.00576301065e-07,-1.23120589279e-08,-1.19336192483e-07,-2.9859106121e-07,1.69020964336e-07,4.85788973492e-08,-1.00576301065e-07,1.23120589279e-08,3.55478587153e-05,0.0,-1.83254300623e-07,-1.43606113667e-08,3.02196987434e-08,8.3497070591e-08,-1.19336192483e-07,2.9859106121e-07,-1.83254300623e-07,1.43606113667e-08,3.65236955986e-05,0.0,4.0936259893e-07,2.29915713135e-07,1.69020964336e-07,-4.85788973492e-08,3.02196987434e-08,-8.3497070591e-08,4.0936259893e-07,-2.29915713135e-07,3.70994712284e-05,0.0
1630632809842841769,height,4,32,width,4,8,imag,2,2,0,3.20109938912e-05,0.0,-3.49768960461e-08,2.73748497648e-07,8.21775216764e-08,-4.97119678755e-09,4.7257259439e-08,-7.19439512409e-08,-3.49768960461e-08,-2.73748497648e-07,3.5847791878e-05,0.0,1.01133508679e-07,-1.57887612318e-07,1.3925857445e-07,7.42774943774e-08,8.21775216764e-08,4.97119678755e-09,1.01133508679e-07,1.57887612318e-07,3.65006599168e-05,0.0,1.47718154153e-07,6.81232208422e-08,4.7257259439e-08,7.19439512409e-08,1.3925857445e-07,-7.42774943774e-08,1.47718154153e-07,-6.81232208422e-08,3.70777015632e-05,0.0
1630632809869140804,height,4,32,width,4,8,imag,2,2,0,3.21764309774e-05,0.0,-5.2316579513e-08,-1.31475218268e-07,-3.07018455104e-09,-8.18159548999e-08,-8.92635227956e-08,-1.11717795903e-07,-5.2316579513e-08,1.31475218268e-07,3.56941018254e-05,0.0,4.45997265786e-08,-9.32116037689e-08,1.75477509856e-07,-4.83031072918e-08,-3.07018455104e-09,8.18159548999e-08,4.45997265786e-08,9.32116037689e-08,3.62732716894e-05,0.0,1.2613450906e-07,3.2342512668e-07,-8.92635227956e-08,1.11717795903e-07,1.75477509856e-07,4.83031072918e-08,1.2613450906e-07,-3.2342512668e-07,3.713834667e-05,0.0
1630632810003368004,height,4,32,width,4,8,imag,2,2,0,3.20253639075e-05,0.0,-2.21240185283e-07,-1.84502635392e-08,-2.9281039815e-07,9.03301042854e-08,9.79123360167e-09,-5.81337680217e-08,-2.21240185283e-07,1.84502635392e-08,3.60796911991e-05,0.0,2.27098581718e-07,1.11516849088e-08,2.12188638216e-07,-1.89778532445e-07,-2.9281039815e-07,-9.03301042854e-08,2.27098581718e-07,-1.11516849088e-08,3.62798418791e-05,0.0,2.64979689746e-07,3.87749814479e-08,9.79123360167e-09,5.81337680217e-08,2.12188638216e-07,1.89778532445e-07,2.64979689746e-07,-3.87749814479e-08,3.7213016185e-05,0.0
1630632810009812855,height,4,32,width,4,8,imag,2,2,0,3.21319021168e-05,0.0,-8.2344602248e-09,1.09968048889e-07,-1.48363121788e-09,-2.61006949387e-08,5.97057336904e-08,1.33547715109e-07,-8.2344602248e-09,-1.09968048889e-07,3.55062293238e-05,0.0,1.31019149308e-07,-2.34223605844e-07,1.4289877015e-07,9.27395493733e-09,-1.48363121788e-09,2.61006949387e-08,1.31019149308e-07,2.34223605844e-07,3.66804961232e-05,0.0,3.56975732529e-07,8.31080697594e-08,5.97057336904e-08,-1.33547715109e-07,1.4289877015e-07,-9.27395493733e-09,3.56975732529e-07,-8.31080697594e-08,3.76810567104e-05,0.0
1630632810081253456,height,4,32,width,4,8,imag,2,2,0,3.20057843055e-05,0.0,-8.85863400413e-08,8.48855705726e-08,-5.91165338903e-08,3.15799546513e-08,3.73182729163e-07,4.75716674941e-08,-8.85863400413e-08,-8.48855705726e-08,3.60888516298e-05,0.0,2.44261233462e-08,-2.41214650032e-07,1.68931109101e-07,-2.13080085132e-07,-5.91165338903e-08,-3.15799546513e-08,2.44261233462e-08,2.41214650032e-07,3.66636559193e-05,0.0,4.89298656703e-07,-1.66327751572e-08,3.73182729163e-07,-4.75716674941e-08,1.68931109101e-07,2.13080085132e-07,4.89298656703e-07,1.66327751572e-08,3.69463887182e-05,0.0
1630632810172343172,height,4,32,width,4,8,imag,2,2,0,3.21324150718e-05,0.0,1.5914127971e-07,5.37885043173e-08,-2.95455904187e-09,-1.90000065459e-07,-1.78918227789e-07,7.49778337195e-08,1.5914127971e-07,-5.37885043173e-08,3.58317447535e-05,0.0,-2.34867783888e-07,-1.99924969024e-07,-2.61703334559e-08,-2.72334602869e-07,-2.95455904187e-09,1.90000065459e-07,-2.34867783888e-07,1.99924969024e-07,3.60536905646e-05,0.0,2.56694619338e-07,-9.84785373248e-08,-1.78918227789e-07,-7.49778337195e-08,-2.61703334559e-08,2.72334602869e-07,2.56694619338e-07,9.84785373248e-08,3.73612747353e-05,0.0
1630632810173242830,height,4,32,width,4,8,imag,2,2,0,3.2009134884e-05,0.0,-5.07640152136e-08,5.87093218485e-08,2.10531272415e-08,-1.97702860305e-07,-2.16866752112e-07,-5.16414218055e-08,-5.07640152136e-08,-5.87093218485e-08,3.60824233212e-05,0.0,1.28590869508e-07,-1.28455710069e-07,9.95839002371e-08,-3.3788262499e-07,2.10531272415e-08,1.97702860305e-07,1.28590869508e-07,1.28455710069e-07,3.67381253454e-05,0.0,1.01416034681e-07,-3.13858976142e-07,-2.16866752112e-07,5.16414218055e-08,9.95839002371e-08,3.3788262499e-07,1.01416034681e-07,3.13858976142e-07,3.7253015762e-05,0.0
1630632810242397011,height,4,32,width,4,8,imag,2,2,0,3.20538129017e-05,0.0,-2.18177817146e-07,-1.91717344222e-08,-9.91638060555e-08,1.06954182399e-07,-2.53746925694e-08,-4.39224514537e-08,-2.18177817146e-07,1.91717344222e-08,3.59736804967e-05,0.0,1.7065424629e-08,3.23303368077e-07,-1.67669327311e-08,-9.36261344009e-08,-9.91638060555e-08,-1.06954182399e-07,1.7065424629e-08,-3.23303368077e-07,3.66662425222e-05,0.0,8.43136191975e-08,1.46538168266e-08,-2.53746925694e-08,4.39224514537e-08,-1.67669327311e-08,9.36261344009e-08,8.43136191975e-08,-1.46538168266e-08,3.718777225e-05,0.0
1630632810335954701,height,4,32,width,4,8,imag,2,2,0,3.18221063935e-05,0.0,-4.40150635939e-08,1.14203075441e-07,-4.42622969388e-08,-3.41505909773e-07,-2.91238873018e-08,2.55131684668e-08,-4.40150635939e-08,-1.14203075441e-07,3.58006800525e-05,0.0,-2.10748432039e-08,-2.08035245919e-07,-1.49460213095e-08,1.30469828719e-07,-4.42622969388e-08,3.41505909773e-07,-2.10748432039e-08,2.08035245919e-07,3.64399857062e-05,0.0,1.57359835384e-07,1.44040683381e-07,-2.91238873018e-08,-2.55131684668e-08,-1.49460213095e-08,-1.30469828719e-07,1.57359835384e-07,-1.44040683381e-07,3.68773398804e-05,0.0
1630632810404540978,height,4,32,width,4,8,imag,2,2,0,3.21183360938e-05,0.0,2.87557213596e-08,9.28010592816e-08,-3.6196865949e-08,1.95372678036e-07,-2.00523146532e-07,1.51182078412e-07,2.87557213596e-08,-9.28010592816e-08,3.56584750989e-05,0.0,1.81108873676e-07,-2.03861105774e-07,1.20980914176e-07,-8.71108696288e-08,-3.6196865949e-08,-1.95372678036e-07,1.81108873676e-07,2.03861105774e-07,3.62990613212e-05,0.0,5.10280301569e-07,2.10759623087e-07,-2.00523146532e-07,-1.51182078412e-07,1.20980914176e-07,8.71108696288e-08,5.10280301569e-07,-2.10759623087e-07,3.74306473532e-05,0.0
1630632810418999181,height,4,32,width,4,8,imag,2,2,0,3.23058266076e-05,0.0,-2.11292672248e-07,1.25906822745e-07,-1.11014202275e-07,-4.23107326952e-09,-8.11235594256e-08,1.13589820216e-07,-2.11292672248e-07,-1.25906822745e-07,3.62400751328e-05,0.0,1.71741220356e-07,-2.37299389028e-07,5.16717193477e-08,1.1521137111e-07,-1.11014202275e-07,4.23107326952e-09,1.71741220356e-07,2.37299389028e-07,3.64811894542e-05,0.0,2.10503301901e-07,-2.46633987899e-07,-8.11235594256e-08,-1.13589820216e-07,5.16717193477e-08,-1.1521137111e-07,2.10503301901e-07,2.46633987899e-07,3.73794609914e-05,0.0
1630632810493467375,height,4,32,width,4,8,imag,2,2,0,3.20069266309e-05,0.0,1.62324894859e-07,1.94980714241e-07,-1.61724116765e-07,2.25809756671e-07,1.55873181029e-08,-1.34986663625e-07,1.62324894859e-07,-1.94980714241e-07,3.61065722245e-05,0.0,2.67224208983e-07,-1.58699137387e-07,-1.43336436054e-07,-3.70786779058e-07,-1.61724116765e-07,-2.25809756671e-07,2.67224208983e-07,1.58699137387e-07,3.64093393728e-05,0.0,1.11240169076e-07,1.21105045991e-07,1.55873181029e-08,1.34986663625e-07,-1.43336436054e-07,3.70786779058e-07,1.11240169076e-07,-1.21105045991e-07,3.71722926502e-05,0.0
1630632810597371872,height,4,32,width,4,8,imag,2,2,0,3.23324165947e-05,0.0,1.90811675793e-07,4.28009769848e-08,-1.3097263718e-07,-2.59086672116e-08,2.37033717099e-08,1.92990555092e-07,1.90811675793e-07,-4.28009769848e-08,3.58344914275e-05,0.0,-5.03847763511e-09,-5.50746150907e-08,9.45320550727e-08,2.75768723412e-08,-1.3097263718e-07,2.59086672116e-08,-5.03847763511e-09,5.50746150907e-08,3.66754175047e-05,0.0,5.77148000502e-07,9.35344530717e-08,2.37033717099e-08,-1.92990555092e-07,9.45320550727e-08,-2.75768723412e-08,5.77148000502e-07,-9.35344530717e-08,3.72887479898e-05,0.0
1630632810665355428,height,4,32,width,4,8,imag,2,2,0,3.22924424836e-05,0.0,1.52668206965e-07,4.82558810688e-08,-2.26484090149e-07,1.09091160994e-07,-1.78811319529e-07,3.23761071286e-08,1.52668206965e-07,-4.82558810688e-08,3.57227909262e-05,0.0,-2.33027563468e-07,-6.70302569006e-08,-4.08131803908e-08,-1.86018823456e-07,-2.26484090149e-07,-1.09091160994e-07,-2.33027563468e-07,6.70302569006e-08,3.69147564925e-05,0.0,1.03144486729e-07,4.90690368338e-08,-1.78811319529e-07,-3.23761071286e-08,-4.08131803908e-08,1.86018823456e-07,1.03144486729e-07,-4.90690368338e-08,3.75981217076e-05,0.0
1630632810682516330,height,4,32,width,4,8,imag,2,2,0,3.20474500768e-05,0.0,-2.50700168181e-07,-1.49904934688e-07,-9.86405197523e-08,-1.41751881344e-08,1.85014300769e-07,-1.02114640299e-07,-2.50700168181e-07,1.49904934688e-07,3.57389144483e-05,0.0,-4.5230898138e-08,-8.24233268304e-08,-2.4721060754e-07,-6.08408825542e-08,-9.86405197523e-08,1.41751881344e-08,-4.5230898138e-08,8.24233268304e-08,3.64576917491e-05,0.0,2.07468858093e-07,3.57741889445e-08,1.85014300769e-07,1.02114640299e-07,-2.4721060754e-07,6.08408825542e-08,2.07468858093e-07,-3.57741889445e-08,3.7363221054e-05,0.0
1630632810762430378,height,4,32,width,4,8,imag,2,2,0,3.1882096664e-05,0.0,7.38413241663e-09,9.0108400741e-09,-3.17717450571e-07,-1.1554023871e-07,1.55913241429e-07,-5.63482487337e-08,7.38413241663e-09,-9.0108400741e-09,3.56101118086e-05,0.0,-1.67623269931e-07,-4.98861929543e-08,2.27157883614e-07,-3.46569919429e-08,-3.17717450571e-07,1.1554023871e-07,-1.67623269931e-07,4.98861929543e-08,3.64431325579e-05,0.0,3.45040973571e-07,5.40354605505e-08,1.55913241429e-07,5.63482487337e-08,2.27157883614e-07,3.46569919429e-08,3.45040973571e-07,-5.40354605505e-08,3.74208502762e-05,0.0
1630632810829644527,height,4,32,width,4,8,imag,2,2,0,3.15587822115e-05,0.0,5.45987042244e-08,-2.73310707399e-08,8.52573620591e-08,2.46416975713e-09,8.32567295106e-08,-1.12985610201e-07,5.45987042244e-08,2.73310707399e-08,3.60908888979e-05,0.0,-2.18571400978e-07,-1.05485732149e-07,2.261708687e-07,6.16864852532e-08,8.52573620591e-08,-2.46416975713e-09,-2.18571400978e-07,1.05485732149e-07,3.62344944733e-05,0.0,1.31294484618e-07,1.619149117e-07,8.32567295106e-08,1.12985610201e-07,2.261708687e-07,-6.16864852532e-08,1.31294484618e-07,-1.619149117e-07,3.72503382096e-05,0.0
1630632810833817694,height,4,32,width,4,8,imag,2,2,0,3.21226980304e-05,0.0,-7.72459500809e-08,-3.20253912278e-09,-1.67136221307e-07,-2.55395065096e-07,1.19581784475e-07,-6.97947566408e-09,-7.72459500809e-08,3.20253912278e-09,3.5729688534e-05,0.0,5.70409106615e-08,3.12204463171e-07,1.06913631726e-07,1.54764833837e-07,-1.67136221307e-07,2.55395065096e-07,5.70409106615e-08,-3.12204463171e-07,3.65650994354e-05,0.0,1.35679272262e-07,-1.81957659606e-07,1.19581784475e-07,6.97947566408e-09,1.06913631726e-07,-1.54764833837e-07,1.35679272262e-07,1.81957659606e-07,3.76317075279e-05,0.0
1630632810946644183,height,4,32,width,4,8,imag,2,2,0,3.21246188832e-05,0.0,-3.75633959493e-08,-6.02187881782e-08,-5.80512278248e-08,1.14197057144e-07,-5.56031025667e-08,-1.29689354367e-07,-3.75633959493e-08,6.02187881782e-08,3.5831315472e-05,0.0,2.05770774642e-07,-1.64885733511e-07,5.82379122704e-08,3.69640360987e-07,-5.80512278248e-08,-1.14197057144e-07,2.05770774642e-07,1.64885733511e-07,3.64471634384e-05,0.0,4.93307538818e-07,5.97590466e-09,-5.56031025667e-08,1.29689354367e-07,5.82379122704e-08,-3.69640360987e-07,4.93307538818e-07,-5.97590466e-09,3.75541821995e-05,0.0
1630632810998790950,height,4,32,width,4,8,imag,2,2,0,3.19656355714e-05,0.0,1.07720822484e-07,3.79632538738e-08,2.47548598509e-07,-1.5621154148e-07,-5.96675988618e-08,1.23018153886e-07,1.07720822484e-07,-3.79632538738e-08,3.59875448339e-05,0.0,-7.26579472143e-08,-9.566651471e-08,9.97052609364e-08,-1.51336152499e-07,2.47548598509e-07,1.5621154148e-07,-7.26579472143e-08,9.566651471e-08,3.67641332559e-05,0.0,4.39174016265e-07,-1.73649439716e-07,-5.96675988618e-08,-1.23018153886e-07,9.97052609364e-08,1.51336152499e-07,4.39174016265e-07,1.73649439716e-07,3.71436508431e-05,0.0
1630632811030766458,height,4,32,width,4,8,imag,2,2,0,3.19313512591e-05,0.0,1.09626689948e-07,-3.00023657474e-07,-5.49421708129e-09,-1.80401305006e-09,-9.75038858542e-08,-6.77984530739e-08,1.09626689948e-07,3.00023657474e-07,3.5858447518e-05,0.0,-8.46551770906e-08,-3.59490854862e-07,1.99980021875e-07,-1.33627523269e-07,-5.49421708129e-09,1.80401305006e-09,-8.46551770906e-08,3.59490854862e-07,3.66708300135e-05,0.0,5.00075429954e-07,8.60251958557e-09,-9.75038858542e-08,6.77984530739e-08,1.99980021875e-07,1.33627523269e-07,5.00075429954e-07,-8.60251958557e-09,3.714074046e-05,0.0
1630632811181594920,height,4,32,width,4,8,imag,2,2,0,0.00115485663991,0.0,0.0126426070929,-0.00727736251429,0.0132408272475,-0.00576210860163,-0.0056457282044,0.0156786758453,0.0126426070929,0.00727736251429,0.194546148181,0.0,0.189598619938,0.0208811201155,-0.166347071528,0.141804337502,0.0132408272475,0.00576210860163,0.189598619938,-0.0208811201155,0.188064038754,0.0,-0.147644579411,0.156596302986,-0.0056457282044,-0.0156786758453,-0.166347071528,-0.141804337502,-0.147644579411,-0.156596302986,0.251723229885,0.0
1630632811203880416,height,4,32,width,4,8,imag,2,2,0,3.17674021062e-05,0.0,1.16027145225e-07,6.61011423375e-09,-7.86018432564e-08,-1.92284019818e-08,1.06445909864e-08,-5.51713768004e-08,1.16027145225e-07,-6.61011423375e-09,3.59270306944e-05,0.0,4.41746941249e-08,3.03130960333e-08,7.79610473955e-08,2.13147566264e-09,-7.86018432564e-08,1.92284019818e-08,4.41746941249e-08,-3.03130960333e-08,3.67542561435e-05,0.0,2.92010753355e-07,-1.78692502573e-07,1.06445909864e-08,5.51713768004e-08,7.79610473955e-08,-2.13147566264e-09,2.92010753355e-07,1.78692502573e-07,3.7007885112e-05,0.0
1630632811214364844,height,4,32,width,4,8,imag,2,2,0,3.2122596167e-05,0.0,1.11726263796e-08,-1.07538632221e-07,1.15825116609e-07,-4.41891572223e-08,-1.453818399e-08,-1.09079735466e-07,1.11726263796e-08,1.07538632221e-07,3.60224985343e-05,0.0,2.65104489472e-07,-1.84290513516e-07,1.03606204505e-07,-1.42957588878e-07,1.15825116609e-07,4.41891572223e-08,2.65104489472e-07,1.84290513516e-07,3.63761100743e-05,0.0,3.53046118562e-07,2.73381203897e-07,-1.453818399e-08,1.09079735466e-07,1.03606204505e-07,1.42957588878e-07,3.53046118562e-07,-2.73381203897e-07,3.72992690245e-05,0.0
1630632811358887064,height,4,32,width,4,8,imag,2,2,0,3.19086757372e-05,0.0,1.5317355917e-07,-2.85165153713e-08,3.65617182752e-07,5.81871333338e-08,3.22801252395e-09,-1.0374387216e-07,1.5317355917e-07,2.85165153713e-08,3.57691933459e-05,0.0,1.19806713883e-07,-7.59518385962e-08,1.60668932381e-07,3.53736950842e-08,3.65617182752e-07,-5.81871333338e-08,1.19806713883e-07,7.59518385962e-08,3.63461040251e-05,0.0,3.08606388444e-07,-7.80239233222e-08,3.22801252395e-09,1.0374387216e-07,1.60668932381e-07,-3.53736950842e-08,3.08606388444e-07,7.80239233222e-08,3.71129863197e-05,0.0
1630632811363414364,height,4,32,width,4,8,imag,2,2,0,0.00211273389868,0.0,0.0235272254795,-0.0134329721332,0.0246128700674,-0.0105632981285,-0.0103375939652,0.0291550680995,0.0235272254795,0.0134329721332,0.362060219049,0.0,0.352328717709,0.0393960811198,-0.307312726974,0.266523510218,0.0246128700674,0.0105632981285,0.352328717709,-0.0393960811198,0.349016398191,0.0,-0.271401792765,0.293752342463,-0.0103375939652,-0.0291550680995,-0.307312726974,-0.266523510218,-0.271401792765,-0.293752342463,0.467997908592,0.0
1630632811486253851,height,4,32,width,4,8,imag,2,2,0,0.00212953006849,0.0,0.0237396657467,-0.0134276878089,0.024816615507,-0.0105847995728,-0.0102757271379,0.0294074956328,0.0237396657467,0.0134276878089,0.364397913218,0.0,0.354739248753,0.0389898568392,-0.307119071484,0.271014630795,0.024816615507,0.0105847995728,0.354739248753,-0.0389898568392,0.351433455944,0.0,-0.27132448554,0.297665327787,-0.0102757271379,-0.0294074956328,-0.307119071484,-0.271014630795,-0.27132448554,-0.297665327787,0.471071332693,0.0
1630632811533111713,height,4,32,width,4,8,imag,2,2,0,0.00212011998519,0.0,0.0236871559173,-0.0133279189467,0.0247534327209,-0.0104678431526,-0.0102609824389,0.0293094981462,0.0236871559173,0.0133279189467,0.363126635551,0.0,0.353445619345,0.0391655005515,-0.305717259645,0.270649552345,0.0247534327209,0.0104678431526,0.353445619345,-0.0391655005515,0.350149601698,0.0,-0.269711107016,0.297362148762,-0.0102609824389,-0.0293094981462,-0.305717259645,-0.270649552345,-0.269711107016,-0.297362148762,0.469797074795,0.0
1630632811553099553,height,4,32,width,4,8,imag,2,2,0,0.0021104158368,0.0,0.0235205832869,-0.0134090147913,0.0246033687145,-0.010542566888,-0.0103418435901,0.029131680727,0.0235205832869,0.0134090147913,0.362059265375,0.0,0.352320551872,0.0393688194454,-0.307270795107,0.26659026742,0.0246033687145,0.010542566888,0.352320551872,-0.0393688194454,0.348994761705,0.0,-0.27137285471,0.293784320354,-0.0103418435901,-0.029131680727,-0.307270795107,-0.26659026742,-0.27137285471,-0.293784320354,0.468023777008,0.0
1630632811718647606,height,4,32,width,4,8,imag,2,2,0,0.00212042010389,0.0,0.0235409643501,-0.0135480007157,0.0246507134289,-0.0106438668445,-0.0107742277905,0.0290962606668,0.0235409643501,0.0135480007157,0.362757831812,0.0,0.352800548077,0.0398294143379,-0.312572598457,0.261830419302,0.0246507134289,0.0106438668445,0.352800548077,-0.0398294143379,0.349425137043,0.0,-0.276726394892,0.289993405342,-0.0107742277905,-0.0290962606668,-0.312572598457,-0.261830419302,-0.276726394892,-0.289993405342,0.468994170427,0.0
1630632811725595256,height,4,32,width,4,8,imag,2,2,0,0.00212096259929,0.0,0.0236835237592,-0.0133424233645,0.0247533544898,-0.0104777822271,-0.0102522363886,0.029307173565,0.0236835237592,0.0133424233645,0.363115102053,0.0,0.353424012661,0.0391956157982,-0.305708646774,0.27062729001,0.0247533544898,0.0104777822271,0.353424012661,-0.0391956157982,0.350120991468,0.0,-0.269663333893,0.297357976437,-0.0102522363886,-0.029307173565,-0.305708646774,-0.27062729001,-0.269663333893,-0.297357976437,0.469757884741,0.0
1630632811753948710,height,4,32,width,4,8,imag,2,2,0,0.00211310689338,0.0,0.0235376786441,-0.0134204998612,0.0246193408966,-0.0105505827814,-0.0103503642604,0.0291551146656,0.0235376786441,0.0134204998612,0.362062692642,0.0,0.352316051722,0.0393728129566,-0.307298332453,0.266551136971,0.0246193408966,0.0105505827814,0.352316051722,-0.0393728129566,0.348981440067,0.0,-0.271393090487,0.293748170137,-0.0103503642604,-0.0291551146656,-0.307298332453,-0.266551136971,-0.271393090487,-0.293748170137,0.468006372452,0.0
1630632811895214993,height,4,32,width,4,8,imag,2,2,0,0.00211179582402,0.0,0.0235492624342,-0.0133242895827,0.0245815776289,-0.0105071859434,-0.0105395680293,0.0290563851595,0.0235492624342,0.0133242895827,0.361288964748,0.0,0.35143750906,0.0384791865945,-0.307669699192,0.265036970377,0.0245815776289,0.0105071859434,0.35143750906,-0.0384791865945,0.347807139158,0.0,-0.272424697876,0.291528493166,-0.0105395680293,-0.0290563851595,-0.307669699192,-0.265036970377,-0.272424697876,-0.291528493166,0.467341840267,0.0
1630632811986754332,height,4,32,width,4,8,imag,2,2,0,0.00211389525793,0.0,0.0235601719469,-0.0133225424215,0.0245964378119,-0.0105052739382,-0.0105496179312,0.0290660243481,0.0235601719469,0.0133225424215,0.361258804798,0.0,0.351446092129,0.038474008441,-0.307677656412,0.265038490295,0.0245964378119,0.0105052739382,0.351446092129,-0.038474008441,0.347851634026,0.0,-0.272466927767,0.29156395793,-0.0105496179312,-0.0290660243481,-0.307677656412,-0.265038490295,-0.272466927767,-0.29156395793,0.467402428389,0.0
1630632812019603753,height,4,32,width,4,8,imag,2,2,0,0.00211718259379,0.0,0.0236755479127,-0.0133018419147,0.0247410610318,-0.0104402704164,-0.0102756181732,0.0292683895677,0.0236755479127,0.0133018419147,0.363132238388,0.0,0.353445589542,0.0391851887107,-0.305704027414,0.270597934723,0.0247410610318,0.0104402704164,0.353445589542,-0.0391851887107,0.350146859884,0.0,-0.269679397345,0.297323048115,-0.0102756181732,-0.0292683895677,-0.305704027414,-0.270597934723,-0.269679397345,-0.297323048115,0.469686895609,0.0
1630632812055903888,height,4,32,width,4,8,imag,2,2,0,0.00211943173781,0.0,0.0235968399793,-0.0132976137102,0.0246418807656,-0.0105529297143,-0.0106660788879,0.0291274264455,0.0235968399793,0.0132976137102,0.361038953066,0.0,0.351824015379,0.037607152015,-0.308442592621,0.265120774508,0.0246418807656,0.0105529297143,0.351824015379,-0.037607152015,0.348641335964,0.0,-0.274376183748,0.291412711143,-0.0106660788879,-0.0291274264455,-0.308442592621,-0.265120774508,-0.274376183748,-0.291412711143,0.469231307507,0.0
1630632812143376557,height,4,32,width,4,8,imag,2,2,0,0.00211208639666,0.0,0.023534534499,-0.0133398640901,0.0245863143355,-0.0105198565871,-0.0105721838772,0.0290838219225,0.023534534499,0.0133398640901,0.361540973186,0.0,0.351729124784,0.0385848134756,-0.308598458767,0.265138596296,0.0245863143355,0.0105198565871,0.351729124784,-0.0385848134756,0.348223805428,0.0,-0.273378908634,0.291867136955,-0.0105721838772,-0.0290838219225,-0.308598458767,-0.265138596296,-0.273378908634,-0.291867136955,0.468679785728,0.0
1630632812217416122,height,4,32,width,4,8,imag,2,2,0,0.00212560570799,0.0,0.0236358232796,-0.0135494973511,0.0246671941131,-0.0108005655929,-0.0108902705833,0.0292126946151,0.0236358232796,0.0135494973511,0.364042460918,0.0,0.354391396046,0.0376391261816,-0.314344465733,0.263035714626,0.0246671941131,0.0108005655929,0.354391396046,-0.0376391261816,0.350717633963,0.0,-0.280260533094,0.289510518312,-0.0108902705833,-0.0292126946151,-0.314344465733,-0.263035714626,-0.280260533094,-0.289510518312,0.472383052111,0.0
1630632812287569052,height,4,32,width,4,8,imag,2,2,0,0.00211533950642,0.0,0.0235692877322,-0.0133390529081,0.0246066246182,-0.0105210375041,-0.0105395829305,0.0290834736079,0.0235692877322,0.0133390529081,0.361261695623,0.0,0.351485282183,0.0384773164988,-0.307664722204,0.265022724867,0.0246066246182,0.0105210375041,0.351485282183,-0.0384773164988,0.347923785448,0.0,-0.272485882044,0.291570544243,-0.0105395829305,-0.0290834736079,-0.307664722204,-0.265022724867,-0.272485882044,-0.291570544243,0.467346340418,0.0
1630632812305758522,height,4,32,width,4,8,imag,2,2,0,0.00212042289786,0.0,0.02362655662,-0.0132658667862,0.0246636755764,-0.0105183105916,-0.0107131665573,0.0291207097471,0.02362655662,0.0132658667862,0.361093699932,0.0,0.351826637983,0.0376118607819,-0.308478146791,0.265156537294,0.0246636755764,0.0105183105916,0.351826637983,-0.0376118607819,0.348595321178,0.0,-0.274364322424,0.291417181492,-0.0107131665573,-0.0291207097471,-0.308478146791,-0.265156537294,-0.274364322424,-0.291417181492,0.469273209572,0.0
1630632812383679965,height,4,32,width,4,8,imag,2,2,0,0.00211535976268,0.0,0.0235697310418,-0.0133385611698,0.0245728045702,-0.0105804493651,-0.0105937942863,0.0291183348745,0.0235697310418,0.0133385611698,0.361122041941,0.0,0.351410388947,0.0376118198037,-0.308380842209,0.26511400938,0.0245728045702,0.0105804493651,0.351410388947,-0.0376118198037,0.347656518221,0.0,-0.273868978024,0.291016966105,-0.0105937942863,-0.0291183348745,-0.308380842209,-0.26511400938,-0.273868978024,-0.291016966105,0.468893796206,0.0
1630632812499724857,height,4,32,width,4,8,imag,2,2,0,0.000479956768686,0.0,0.0051086768508,-0.0027880507987,0.00531922513619,-0.00219374499284,-0.00220215786248,0.00628769537434,0.0051086768508,0.0027880507987,0.0778250917792,0.0,0.0756592303514,0.00806241761893,-0.0648344755173,0.0589693076909,0.00531922513619,0.00219374499284,0.0756592303514,-0.00806241761893,0.0748883932829,0.0,-0.057253472507,0.0642733201385,-0.00220215786248,-0.00628769537434,-0.0648344755173,-0.0589693076909,-0.057253472507,-0.0642733201385,0.101015836,0.0
1630632812543200692,height,4,32,width,4,8,imag,2,2,0,0.000480364920804,0.0,0.00511135812849,-0.00278699700721,0.00532190222293,-0.0021929172799,-0.00220701401122,0.00628996547312,0.00511135812849,0.00278699700721,0.0778314992785,0.0,0.0756599679589,0.00805707741529,-0.0648505240679,0.0589693970978,0.00532190222293,0.0021929172799,0.0756599679589,-0.00805707741529,0.0748842582107,0.0,-0.0572679378092,0.0642665848136,-0.00220701401122,-0.00628996547312,-0.0648505240679,-0.0589693970978,-0.0572679378092,-0.0642665848136,0.101030766964,0.0
1630632812554989558,height,4,32,width,4,8,imag,2,2,0,0.00211641332135,0.0,0.0235605221242,-0.0133540062234,0.0246148370206,-0.0105292089283,-0.0105878515169,0.0291136875749,0.0235605221242,0.0133540062234,0.361512392759,0.0,0.351699709892,0.0386097244918,-0.308577299118,0.265130996704,0.0246148370206,0.0105292089283,0.351699709892,-0.0386097244918,0.348187804222,0.0,-0.273337036371,0.291869223118,-0.0105878515169,-0.0291136875749,-0.308577299118,-0.265130996704,-0.273337036371,-0.291869223118,0.468668282032,0.0
1630632812656177323,height,4,32,width,4,8,imag,2,2,0,3.20801445923e-05,0.0,-6.22300291298e-08,-7.25923712253e-08,1.94883416071e-08,8.59922533181e-09,1.41064916193e-07,-2.72483276831e-07,-6.22300291298e-08,7.25923712253e-08,3.56577329512e-05,0.0,6.23292422119e-08,-2.14997882608e-07,-7.0696522414e-08,1.21186630508e-07,1.94883416071e-08,-8.59922533181e-09,6.23292422119e-08,2.14997882608e-07,3.6561734305e-05,0.0,4.76801744753e-07,1.90272444911e-07,1.41064916193e-07,2.72483276831e-07,-7.0696522414e-08,-1.21186630508e-07,4.76801744753e-07,-1.90272444911e-07,3.72829381377e-05,0.0
1630632812706329789,height,4,32,width,4,8,imag,2,2,0,3.17711055686e-05,0.0,-3.63482598686e-07,1.94795717334e-07,1.09605160503e-07,-2.22127223282e-08,1.78245485927e-07,-9.37359345698e-08,-3.63482598686e-07,-1.94795717334e-07,3.59139739885e-05,0.0,8.15052771941e-08,-2.10724209637e-07,-2.27925749385e-08,2.86520176473e-08,1.09605160503e-07,2.22127223282e-08,8.15052771941e-08,2.10724209637e-07,3.63706058124e-05,0.0,4.01598185817e-07,2.35935857518e-07,1.78245485927e-07,9.37359345698e-08,-2.27925749385e-08,-2.86520176473e-08,4.01598185817e-07,-2.35935857518e-07,3.73859147658e-05,0.0
1630632812818766199,height,4,32,width,4,8,imag,2,2,0,3.22539417539e-05,0.0,8.93963374438e-08,1.11847363371e-07,1.92315866343e-07,-1.25482074509e-07,1.52556256516e-09,-1.57982270821e-07,8.93963374438e-08,-1.11847363371e-07,3.59650621249e-05,0.0,9.53945971105e-08,-7.23700779304e-08,2.29512593819e-07,1.0713384313e-07,1.92315866343e-07,1.25482074509e-07,9.53945971105e-08,7.23700779304e-08,3.62976606993e-05,0.0,4.90816844945e-08,-4.10975182774e-08,1.52556256516e-09,1.57982270821e-07,2.29512593819e-07,-1.0713384313e-07,4.90816844945e-08,4.10975182774e-08,3.71897622244e-05,0.0
1630632812831496187,height,4,32,width,4,8,imag,2,2,0,0.00211626454256,0.0,0.0236088447273,-0.0132476091385,0.0246429257095,-0.0105039663613,-0.0107102859765,0.0290909521282,0.0236088447273,0.0132476091385,0.361079871655,0.0,0.351820737123,0.0376032814384,-0.308441609144,0.265136271715,0.0246429257095,0.0105039663613,0.351820737123,-0.0376032814384,0.348600327969,0.0,-0.274349659681,0.291397422552,-0.0107102859765,-0.0290909521282,-0.308441609144,-0.265136271715,-0.274349659681,-0.291397422552,0.469201773405,0.0
1630632812869320609,height,4,32,width,4,8,imag,2,2,0,3.20362814819e-05,0.0,-7.06801657202e-08,2.92996222839e-08,1.28259891596e-09,5.73552094707e-09,1.40225822065e-07,-6.3012222995e-08,-7.06801657202e-08,-2.92996222839e-08,3.57198296115e-05,0.0,7.61425482665e-08,6.62620180947e-08,-1.64344740483e-07,-7.02332556557e-08,1.28259891596e-09,-5.73552094707e-09,7.61425482665e-08,-6.62620180947e-08,3.66917483916e-05,0.0,2.81936564761e-07,2.69014265086e-07,1.40225822065e-07,6.3012222995e-08,-1.64344740483e-07,7.02332556557e-08,2.81936564761e-07,-2.69014265086e-07,3.71086753148e-05,0.0
1630632813011689275,height,4,32,width,4,8,imag,2,2,0,3.19297178066e-05,0.0,2.68060063036e-07,-6.81360177168e-08,-1.34805455687e-08,1.21598668912e-08,1.86489714338e-07,3.12826330173e-07,2.68060063036e-07,6.81360177168e-08,3.60185767931e-05,0.0,1.27928800886e-09,-1.29356889644e-08,3.21460476016e-08,-1.48640673103e-08,-1.34805455687e-08,-1.21598668912e-08,1.27928800886e-09,1.29356889644e-08,3.66968633898e-05,0.0,1.60755135425e-07,8.90473401682e-08,1.86489714338e-07,-3.12826330173e-07,3.21460476016e-08,1.48640673103e-08,1.60755135425e-07,-8.90473401682e-08,3.69831832359e-05,0.0
1630632813030934021,height,4,32,width,4,8,imag,2,2,0,3.20054678014e-05,0.0,-1.49215551914e-07,-3.79881640811e-07,-1.5522211072e-07,-4.50585950773e-08,-3.8494345489e-08,3.34895844389e-08,-1.49215551914e-07,3.79881640811e-07,3.60941048712e-05,0.0,8.53782040622e-08,1.22149216963e-07,-1.81394653964e-07,8.63912674731e-08,-1.5522211072e-07,4.50585950773e-08,8.53782040622e-08,-1.22149216963e-07,3.63727194781e-05,0.0,3.27732237793e-07,3.31688198685e-07,-3.8494345489e-08,-3.34895844389e-08,-1.81394653964e-07,-8.63912674731e-08,3.27732237793e-07,-3.31688198685e-07,3.72242357116e-05,0.0
1630632813097946014,height,4,32,width,4,8,imag,2,2,0,0.0021137134172,0.0,0.0235576108098,-0.0133267063648,0.0245620645583,-0.010571885854,-0.010588995181,0.029104821384,0.0235576108098,0.0133267063648,0.361087232828,0.0,0.351402550936,0.0375789701939,-0.308359473944,0.265117555857,0.0245620645583,0.010571885854,0.351402550936,-0.0375789701939,0.347670644522,0.0,-0.273896694183,0.291013389826,-0.010588995181,-0.029104821384,-0.308359473944,-0.265117555857,-0.273896694183,-0.291013389826,0.468914300203,0.0
1630632813144984805,height,4,32,width,4,8,imag,2,2,0,3.20870822179e-05,0.0,9.76156897536e-08,8.65206288836e-08,-1.52748711457e-07,-1.15239039644e-07,8.07063571528e-08,-5.85529171815e-08,9.76156897536e-08,-8.65206288836e-08,3.5888995626e-05,0.0,1.27057958821e-07,7.82071012395e-08,-1.30234681706e-07,3.39105739044e-08,-1.52748711457e-07,1.15239039644e-07,1.27057958821e-07,-7.82071012395e-08,3.67552092939e-05,0.0,4.74453088373e-07,-3.11518220997e-07,8.07063571528e-08,5.85529171815e-08,-1.30234681706e-07,-3.39105739044e-08,4.74453088373e-07,3.11518220997e-07,3.67105058103e-05,0.0
1630632813197420910,height,4,32,width,4,8,imag,2,2,0,3.23146341543e-05,0.0,8.14595750853e-08,-4.36605027687e-08,-1.56867002943e-07,1.3075887928e-08,-2.04788918268e-07,-1.31502559952e-07,8.14595750853e-08,4.36605027687e-08,3.5913195461e-05,0.0,-3.04362288261e-07,-6.02415966e-08,-1.04165323478e-07,-4.05096649558e-08,-1.56867002943e-07,-1.3075887928e-08,-3.04362288261e-07,6.02415966e-08,3.6529629142e-05,0.0,2.98102463603e-07,3.43151551618e-09,-2.04788918268e-07,1.31502559952e-07,-1.04165323478e-07,4.05096649558e-08,2.98102463603e-07,-3.43151551618e-09,3.72583854187e-05,0.0
1630632813306301158,height,4,32,width,4,8,imag,2,2,0,0.000479926908156,0.0,0.00511564593762,-0.00277637806721,0.00532465614378,-0.00218085781671,-0.00221869605593,0.00628203572705,0.00511564593762,0.00277637806721,0.0778462439775,0.0,0.075666256249,0.00806352775544,-0.0648601725698,0.0589774958789,0.00532465614378,0.00218085781671,0.075666256249,-0.00806352775544,0.0748821720481,0.0,-0.0572652705014,0.0642716661096,-0.00221869605593,-0.00628203572705,-0.0648601725698,-0.0589774958789,-0.0572652705014,-0.0642716661096,0.10103392601,0.0
1630632813366425747,height,4,32,width,4,8,imag,2,2,0,3.1537932955e-05,0.0,-1.90025389202e-07,4.24912713015e-07,-1.64975546113e-07,1.22600212649e-07,-1.34910527194e-08,-6.9719803264e-08,-1.90025389202e-07,-4.24912713015e-07,3.57761964551e-05,0.0,-1.21464518443e-08,-2.58671491338e-07,1.07084616729e-07,-2.05820995802e-08,-1.64975546113e-07,-1.22600212649e-07,-1.21464518443e-08,2.58671491338e-07,3.63272010873e-05,0.0,3.05111001353e-07,-9.83357679729e-08,-1.34910527194e-08,6.9719803264e-08,1.07084616729e-07,2.05820995802e-08,3.05111001353e-07,9.83357679729e-08,3.69704102923e-05,0.0
1630632813367312261,height,4,32,width,4,8,imag,2,2,0,3.25700057147e-05,0.0,1.61233870699e-07,-7.51975619551e-08,-1.68409485468e-07,-1.1260967625e-07,-3.58738176942e-08,-1.40171252383e-07,1.61233870699e-07,7.51975619551e-08,3.60074809578e-05,0.0,3.97686719111e-08,-3.79363704894e-08,3.89041048265e-08,-2.95204416467e-09,-1.68409485468e-07,1.1260967625e-07,3.97686719111e-08,3.79363704894e-08,3.61826860171e-05,0.0,5.33417164661e-07,-2.406042654e-07,-3.58738176942e-08,1.40171252383e-07,3.89041048265e-08,2.95204416467e-09,5.33417164661e-07,2.406042654e-07,3.72997674276e-05,0.0
1630632813444652063,height,4,32,width,4,8,imag,2,2,0,3.21946463373e-05,0.0,1.06378115206e-08,-5.84978963047e-08,-1.38489696155e-07,6.15110593571e-08,-1.67826328834e-07,-1.03607611379e-07,1.06378115206e-08,5.84978963047e-08,3.55883894372e-05,0.0,-3.76090660836e-08,5.39041060676e-08,-2.03921644015e-07,-1.85616798376e-07,-1.38489696155e-07,-6.15110593571e-08,-3.76090660836e-08,-5.39041060676e-08,3.67883985746e-05,0.0,3.38139983569e-07,8.1445620026e-08,-1.67826328834e-07,1.03607611379e-07,-2.03921644015e-07,1.85616798376e-07,3.38139983569e-07,-8.1445620026e-08,3.70532434317e-05,0.0
1630632813534700413,height,4,32,width,4,8,imag,2,2,0,3.20462604577e-05,0.0,-4.42075851481e-08,-1.12474154434e-07,-1.65369669958e-07,-1.04889750219e-07,-1.24341807961e-08,3.05890885954e-08,-4.42075851481e-08,1.12474154434e-07,3.60232224921e-05,0.0,3.16731494365e-08,5.79134642464e-08,-1.30919588059e-07,-1.96032360122e-07,-1.65369669958e-07,1.04889750219e-07,3.16731494365e-08,-5.79134642464e-08,3.64611187251e-05,0.0,2.23697327328e-07,-2.60595314217e-08,-1.24341807961e-08,-3.05890885954e-08,-1.30919588059e-07,1.96032360122e-07,2.23697327328e-07,2.60595314217e-08,3.75504132535e-05,0.0
1630632813594825447,height,4,32,width,4,8,imag,2,2,0,3.22490850522e-05,0.0,4.34630571533e-08,2.62115413818e-08,-9.42530675729e-08,-4.96784338111e-08,1.4831000783e-07,-1.23275583519e-07,4.34630571533e-08,-2.62115413818e-08,3.58172110282e-05,0.0,5.57508457177e-08,-9.8628611056e-08,8.32906010828e-08,-1.96018149268e-07,-9.42530675729e-08,4.96784338111e-08,5.57508457177e-08,9.8628611056e-08,3.67169450328e-05,0.0,2.5821429972e-07,-1.6063516739e-07,1.4831000783e-07,1.23275583519e-07,8.32906010828e-08,1.96018149268e-07,2.5821429972e-07,1.6063516739e-07,3.73899420083e-05,0.0
1630632813634324259,height,4,32,width,4,8,imag,2,2,0,3.18473867083e-05,0.0,-1.08820117362e-07,-7.34603133878e-08,-5.34954480713e-08,-7.47075503682e-08,6.43553406121e-08,1.12275742481e-07,-1.08820117362e-07,7.34603133878e-08,3.57182325388e-05,0.0,2.84471681766e-08,-1.71187053866e-07,-1.71404295202e-07,1.24501919885e-08,-5.34954480713e-08,7.47075503682e-08,2.84471681766e-08,1.71187053866e-07,3.67149441445e-05,0.0,2.4298765311e-07,-1.59615481721e-07,6.43553406121e-08,-1.12275742481e-07,-1.71404295202e-07,-1.24501919885e-08,2.4298765311e-07,1.59615481721e-07,3.72513823095e-05,0.0
1630632813697002374,height,4,32,width,4,8,imag,2,2,0,3.2199332054e-05,0.0,-5.73266589754e-08,-2.90145607096e-07,7.18321118143e-08,-6.4149453749e-08,-2.06897141197e-07,-1.37872604e-07,-5.73266589754e-08,2.90145607096e-07,3.57231256203e-05,0.0,8.13360330199e-08,-1.07238506075e-07,-9.11490047883e-08,-1.07932436322e-08,7.18321118143e-08,6.4149453749e-08,8.13360330199e-08,1.07238506075e-07,3.6496327084e-05,0.0,3.20574429225e-07,7.78115563094e-08,-2.06897141197e-07,1.37872604e-07,-9.11490047883e-08,1.07932436322e-08,3.20574429225e-07,-7.78115563094e-08,3.74025985366e-05,0.0
1630632813806537647,height,4,32,width,4,8,imag,2,2,0,3.20157487295e-05,0.0,4.2646703946e-08,1.44087067611e-07,-4.2520674981e-08,5.46631291343e-08,6.70091040433e-08,1.15464011685e-07,4.2646703946e-08,-1.44087067611e-07,3.63751823897e-05,0.0,1.35895277253e-07,-1.04398480971e-07,5.71438860675e-08,1.72086657813e-07,-4.2520674981e-08,-5.46631291343e-08,1.35895277253e-07,1.04398480971e-07,3.65484338545e-05,0.0,6.08773973454e-07,-2.04299013262e-07,6.70091040433e-08,-1.15464011685e-07,5.71438860675e-08,-1.72086657813e-07,6.08773973454e-07,2.04299013262e-07,3.7216952478e-05,0.0
1630632813859547976,height,4,32,width,4,8,imag,2,2,0,3.20979779644e-05,0.0,-4.56119337855e-08,-2.88510406676e-08,-7.52227364842e-08,8.73158469972e-08,1.53646446677e-08,8.228872872e-08,-4.56119337855e-08,2.88510406676e-08,3.61186539521e-05,0.0,-1.09788949487e-07,-7.42308969848e-08,-2.67099036222e-08,-6.73578739452e-08,-7.52227364842e-08,-8.73158469972e-08,-1.09788949487e-07,7.42308969848e-08,3.66648746422e-05,0.0,7.92903023239e-08,2.08840972959e-07,1.53646446677e-08,-8.228872872e-08,-2.67099036222e-08,6.73578739452e-08,7.92903023239e-08,-2.08840972959e-07,3.73651382688e-05,0.0
1630632813903527806,height,4,32,width,4,8,imag,2,2,0,3.19410282827e-05,0.0,1.49394224991e-07,-1.77386976219e-08,-4.33718554405e-08,-1.16985667376e-07,1.55264203272e-07,-5.2095674441e-09,1.49394224991e-07,1.77386976219e-08,3.58311954187e-05,0.0,-1.50529935183e-08,-1.45020194964e-07,1.17209921768e-07,-4.03984223851e-08,-4.33718554405e-08,1.16985667376e-07,-1.50529935183e-08,1.45020194964e-07,3.64492734661e-05,0.0,2.27931394647e-07,3.01860040963e-07,1.55264203272e-07,5.2095674441e-09,1.17209921768e-07,4.03984223851e-08,2.27931394647e-07,-3.01860040963e-07,3.69619192497e-05,0.0
1630632813980788266,height,4,32,width,4,8,imag,2,2,0,3.20068429573e-05,0.0,3.3917675335e-09,-9.03897614535e-08,2.64602508793e-08,3.14246690891e-08,-1.06153784429e-07,2.78399063802e-08,3.3917675335e-09,9.03897614535e-08,3.56557320629e-05,0.0,7.99945212293e-08,-1.65814697084e-07,-1.08196964277e-07,6.73374600524e-08,2.64602508793e-08,-3.14246690891e-08,7.99945212293e-08,1.65814697084e-07,3.6524830648e-05,0.0,3.87483765962e-07,1.10280488741e-07,-1.06153784429e-07,-2.78399063802e-08,-1.08196964277e-07,-6.73374600524e-08,3.87483765962e-07,-1.10280488741e-07,3.70039779227e-05,0.0
1630632814030867268,height,4,32,width,4,8,imag,2,2,0,3.19807004416e-05,0.0,1.0704572162e-07,3.60653480413e-08,-5.92227671348e-08,1.04454642269e-07,-1.38163329666e-07,7.8172377016e-08,1.0704572162e-07,-3.60653480413e-08,3.56650016329e-05,0.0,-1.52817321464e-07,-3.96695902793e-08,-2.23737217198e-07,-8.78161969808e-08,-5.92227671348e-08,-1.04454642269e-07,-1.52817321464e-07,3.96695902793e-08,3.62431892427e-05,0.0,2.5953826821e-07,1.15474520612e-07,-1.38163329666e-07,-7.8172377016e-08,-2.23737217198e-07,8.78161969808e-08,2.5953826821e-07,-1.15474520612e-07,3.70812413166e-05,0.0
1630632814161262979,height,4,32,width,4,8,imag,2,2,0,3.20181279676e-05,0.0,-8.02572657221e-08,-4.98005796601e-08,-1.6902252753e-07,-1.36568218068e-07,-1.21535677522e-07,-2.14175663871e-08,-8.02572657221e-08,4.98005796601e-08,3.55400479748e-05,0.0,1.90442946746e-07,-1.67971975884e-07,2.73645870408e-08,3.96909200617e-07,-1.6902252753e-07,1.36568218068e-07,1.90442946746e-07,1.67971975884e-07,3.61141974281e-05,0.0,4.06241071005e-07,1.79578549364e-07,-1.21535677522e-07,2.14175663871e-08,2.73645870408e-08,-3.96909200617e-07,4.06241071005e-07,-1.79578549364e-07,3.70914021914e-05,0.0
1630632814197934689,height,4,32,width,4,8,imag,2,2,0,3.19506470987e-05,0.0,3.81952602879e-08,1.50062447801e-07,-4.46252848008e-08,-1.92224291595e-07,-5.73753347055e-08,-1.61996105419e-08,3.81952602879e-08,-1.50062447801e-07,3.57488715963e-05,0.0,-3.61703866858e-09,-7.91874583683e-08,-2.47783134455e-07,1.52762467565e-07,-4.46252848008e-08,1.92224291595e-07,-3.61703866858e-09,7.91874583683e-08,3.6367415305e-05,0.0,4.32497813563e-07,1.28288235146e-07,-5.73753347055e-08,1.61996105419e-08,-2.47783134455e-07,-1.52762467565e-07,4.32497813563e-07,-1.28288235146e-07,3.73965922336e-05,0.0
1630632814219493703,height,4,32,width,4,8,imag,2,2,0,3.17261474265e-05,0.0,6.90199097875e-09,-1.23235565752e-07,3.64844545686e-08,1.35186908778e-07,-2.31943587892e-07,-1.22293513982e-07,6.90199097875e-09,1.23235565752e-07,3.62053106073e-05,0.0,1.78825033004e-07,1.66932476731e-08,1.03656979888e-07,1.43365113559e-07,3.64844545686e-08,-1.35186908778e-07,1.78825033004e-07,-1.66932476731e-08,3.67216489394e-05,0.0,3.90884622448e-07,3.07121496235e-07,-2.31943587892e-07,1.22293513982e-07,1.03656979888e-07,-1.43365113559e-07,3.90884622448e-07,-3.07121496235e-07,3.71187088604e-05,0.0
1630632814364948335,height,4,32,width,4,8,imag,2,2,0,3.1819105061e-05,0.0,4.77026063095e-08,-1.78734666179e-07,-4.33614246731e-07,-1.70840976921e-07,6.54719443105e-08,3.78198308226e-08,4.77026063095e-08,1.78734666179e-07,3.59351506631e-05,0.0,2.31191883415e-08,-4.79405031228e-08,1.96432310418e-07,8.60935145397e-08,-4.33614246731e-07,1.70840976921e-07,2.31191883415e-08,4.79405031228e-08,3.64622683264e-05,0.0,1.88293512338e-07,-3.15762065384e-08,6.54719443105e-08,-3.78198308226e-08,1.96432310418e-07,-8.60935145397e-08,1.88293512338e-07,3.15762065384e-08,3.75235686079e-05,0.0
1630632814376587523,height,4,32,width,4,8,imag,2,2,0,3.17840313073e-05,0.0,-5.56761570181e-08,1.09589038289e-07,4.64254199528e-08,1.3065157134e-07,-1.70168306113e-07,1.9340352253e-07,-5.56761570181e-08,-1.09589038289e-07,3.5643697629e-05,0.0,8.38366389644e-08,-1.05186295229e-07,1.92467581428e-07,6.27851406421e-08,4.64254199528e-08,-1.3065157134e-07,8.38366389644e-08,1.05186295229e-07,3.65036685253e-05,0.0,3.19876363619e-07,6.27713703238e-08,-1.70168306113e-07,-1.9340352253e-07,1.92467581428e-07,-6.27851406421e-08,3.19876363619e-07,-6.27713703238e-08,3.71187416022e-05,0.0
1630632814440224055,height,4,32,width,4,8,imag,2,2,0,3.21673433064e-05,0.0,-1.74186780555e-07,4.7584375551e-08,-4.17016785548e-08,-4.90920228913e-08,9.91930804162e-08,-1.31543046678e-07,-1.74186780555e-07,-4.7584375551e-08,3.55836236849e-05,0.0,-2.52480305107e-07,-2.28880949749e-07,-1.50289466205e-07,-8.4425144653e-10,-4.17016785548e-08,4.90920228913e-08,-2.52480305107e-07,2.28880949749e-07,3.62533210136e-05,0.0,1.38538226224e-07,1.49528645466e-07,9.91930804162e-08,1.31543046678e-07,-1.50289466205e-07,8.4425144653e-10,1.38538226224e-07,-1.49528645466e-07,3.73555230908e-05,0.0
1630632814535881043,height,4,32,width,4,8,imag,2,2,0,3.20715444104e-05,0.0,-2.36807480292e-08,2.88804187676e-07,1.05004627216e-08,2.40486997427e-07,-1.73401275561e-07,1.5975247436e-07,-2.36807480292e-08,-2.88804187676e-07,3.58396464435e-05,0.0,1.82452879471e-07,1.40414186944e-07,-1.18805431271e-07,1.03839248311e-07,1.05004627216e-08,-2.40486997427e-07,1.82452879471e-07,-1.40414186944e-07,3.64578336303e-05,0.0,3.97358434157e-07,1.09633738532e-07,-1.73401275561e-07,-1.5975247436e-07,-1.18805431271e-07,-1.03839248311e-07,3.97358434157e-07,-1.09633738532e-07,3.75600720872e-05,0.0
1630632814582179665,height,4,32,width,4,8,imag,2,2,0,3.19824284816e-05,0.0,-1.42636309874e-07,6.81723406615e-08,1.10661218855e-07,-8.03736455168e-08,-9.60545065709e-08,2.06919722245e-07,-1.42636309874e-07,-6.81723406615e-08,3.6115074181e-05,0.0,-1.66201019169e-07,-1.14277874275e-07,-6.80183589452e-08,-2.57947220916e-07,1.10661218855e-07,8.03736455168e-08,-1.66201019169e-07,1.14277874275e-07,3.64515690308e-05,0.0,2.47303177048e-07,-4.17552357135e-08,-9.60545065709e-08,-2.06919722245e-07,-6.80183589452e-08,2.57947220916e-07,2.47303177048e-07,4.17552357135e-08,3.72690956283e-05,0.0
1630632814706770862,height,4,32,width,4,8,imag,2,2,0,3.19155478792e-05,0.0,8.57169126789e-08,-2.0027155756e-07,-8.06773243767e-08,-1.42629161815e-07,3.62954182265e-08,7.19702981655e-08,8.57169126789e-08,2.0027155756e-07,3.63375620509e-05,0.0,3.96832547267e-07,-1.19584655067e-07,-1.75722846052e-07,-9.52512735353e-08,-8.06773243767e-08,1.42629161815e-07,3.96832547267e-07,1.19584655067e-07,3.69192202925e-05,0.0,3.01883062548e-07,1.02582056627e-07,3.62954182265e-08,-7.19702981655e-08,-1.75722846052e-07,9.52512735353e-08,3.01883062548e-07,-1.02582056627e-07,3.73354778276e-05,0.0
1630632814708639931,height,4,32,width,4,8,imag,2,2,0,3.17819685733e-05,0.0,2.05577819656e-07,-9.90349491303e-08,-9.51007024241e-08,-1.08245190589e-09,-3.8258441748e-08,-2.74607941719e-07,2.05577819656e-07,9.90349491303e-08,3.57819553756e-05,0.0,-9.81031718084e-08,-1.3004122934e-07,-6.89111487873e-08,6.96298556591e-08,-9.51007024241e-08,1.08245190589e-09,-9.81031718084e-08,1.3004122934e-07,3.65977502952e-05,0.0,3.28411061901e-07,-8.76788845972e-08,-3.8258441748e-08,2.74607941719e-07,-6.89111487873e-08,-6.96298556591e-08,3.28411061901e-07,8.76788845972e-08,3.75867894036e-05,0.0
1630632814722811118,height,4,32,width,4,8,imag,2,2,0,3.20748949889e-05,0.0,3.64075987136e-08,-1.78778165605e-07,-1.64013854942e-07,-1.74175411871e-07,-2.37314239371e-07,1.46526231148e-08,3.64075987136e-08,1.78778165605e-07,3.58589422831e-05,0.0,2.29523564599e-07,1.0221441471e-07,-1.78019973873e-07,-4.15404350917e-08,-1.64013854942e-07,1.74175411871e-07,2.29523564599e-07,-1.0221441471e-07,3.6548521166e-05,0.0,2.31716384747e-07,2.07006024766e-07,-2.37314239371e-07,-1.46526231148e-08,-1.78019973873e-07,4.15404350917e-08,2.31716384747e-07,-2.07006024766e-07,3.72837203031e-05,0.0
1630632814872077070,height,4,32,width,4,8,imag,2,2,0,3.22560736095e-05,0.0,-1.36092793923e-07,-2.89476247417e-07,-1.04441625126e-07,1.35045574723e-08,-6.48037641326e-08,2.8927661333e-07,-1.36092793923e-07,2.89476247417e-07,3.5863242374e-05,0.0,-1.75449628159e-08,-2.5489134714e-07,2.63872230732e-08,-1.5188517466e-07,-1.04441625126e-07,-1.35045574723e-08,-1.75449628159e-08,2.5489134714e-07,3.6380115489e-05,0.0,5.27472820977e-07,-1.14911500759e-07,-6.48037641326e-08,-2.8927661333e-07,2.63872230732e-08,1.5188517466e-07,5.27472820977e-07,1.14911500759e-07,3.74704795831e-05,0.0
1630632814882334039,height,4,32,width,4,8,imag,2,2,0,3.17566846206e-05,0.0,-8.70539977882e-08,-2.88190360465e-08,-1.50251409536e-07,-3.8582033568e-08,2.68260986758e-08,-3.49463000759e-08,-8.70539977882e-08,2.88190360465e-08,3.57365242962e-05,0.0,-6.17985875806e-08,4.17029824007e-08,1.31879389187e-07,-5.2370864978e-08,-1.50251409536e-07,3.8582033568e-08,-6.17985875806e-08,-4.17029824007e-08,3.68809232896e-05,0.0,3.82916418573e-08,5.13266741109e-07,2.68260986758e-08,3.49463000759e-08,1.31879389187e-07,5.2370864978e-08,3.82916418573e-08,-5.13266741109e-07,3.72557733499e-05,0.0
1630632814897118862,height,4,32,width,4,8,imag,2,2,0,3.2358799217e-05,0.0,-9.99999869578e-08,8.80900401512e-08,-4.07030995575e-07,-2.65218567108e-08,-1.93069666921e-07,4.26196926639e-08,-9.99999869578e-08,-8.80900401512e-08,3.58793513442e-05,0.0,4.58444411322e-08,-6.02630194635e-08,8.40852010242e-08,-2.95028694808e-08,-4.07030995575e-07,2.65218567108e-08,4.58444411322e-08,6.02630194635e-08,3.64073493984e-05,0.0,1.33978375061e-07,3.60001706667e-07,-1.93069666921e-07,-4.26196926639e-08,8.40852010242e-08,2.95028694808e-08,1.33978375061e-07,-3.60001706667e-07,3.752937846e-05,0.0
1630632815015656750,height,4,32,width,4,8,imag,2,2,0,3.20279359585e-05,0.0,-9.29575847408e-08,-7.95517749452e-08,-1.5674908127e-07,-1.97392651557e-07,-1.31020641447e-07,-2.60837168753e-07,-9.29575847408e-08,7.95517749452e-08,3.59259756806e-05,0.0,1.03167494103e-07,-3.04107686588e-07,7.52842055363e-08,5.72024738688e-08,-1.5674908127e-07,1.97392651557e-07,1.03167494103e-07,3.04107686588e-07,3.64786064893e-05,0.0,6.73725466527e-08,2.77054652997e-07,-1.31020641447e-07,2.60837168753e-07,7.52842055363e-08,-5.72024738688e-08,6.73725466527e-08,-2.77054652997e-07,3.72557042283e-05,0.0
1630632815039359370,height,4,32,width,4,8,imag,2,2,0,3.19744685839e-05,0.0,6.79923317648e-08,-2.27237091366e-08,-1.57020537017e-07,2.76848879821e-07,-1.5252230412e-07,-8.62832081339e-08,6.79923317648e-08,2.27237091366e-08,3.57577773684e-05,0.0,1.94978952095e-07,3.78823337144e-08,1.3674769761e-08,1.81773259555e-07,-1.57020537017e-07,-2.76848879821e-07,1.94978952095e-07,-3.78823337144e-08,3.63836115866e-05,0.0,4.5326731879e-07,-6.11184489685e-08,-1.5252230412e-07,8.62832081339e-08,1.3674769761e-08,-1.81773259555e-07,4.5326731879e-07,6.11184489685e-08,3.75140880351e-05,0.0
1630632815159030562,height,4,32,width,4,8,imag,2,2,0,3.18337479257e-05,0.0,-8.56236965774e-08,1.01919553686e-07,-9.0431036881e-08,1.16792598703e-07,1.26715320903e-07,-1.10913155993e-07,-8.56236965774e-08,-1.01919553686e-07,3.62531354767e-05,0.0,1.37380906651e-08,-1.30881176119e-07,-3.18456613968e-07,4.98792900316e-08,-9.0431036881e-08,-1.16792598703e-07,1.37380906651e-08,1.30881176119e-07,3.62815553672e-05,0.0,2.23759798246e-07,2.11073128753e-07,1.26715320903e-07,1.10913155993e-07,-3.18456613968e-07,-4.98792900316e-08,2.23759798246e-07,-2.11073128753e-07,3.68915571016e-05,0.0
1630632815203710488,height,4,32,width,4,8,imag,2,2,0,3.20749059028e-05,0.0,-1.8282312908e-07,4.8831740429e-08,1.13624338383e-07,-1.75210445263e-07,1.26461756622e-07,-1.48172347281e-07,-1.8282312908e-07,-4.8831740429e-08,3.57068274752e-05,0.0,3.98261796875e-08,-2.97207719768e-07,2.48198944064e-07,2.78443536672e-07,1.13624338383e-07,1.75210445263e-07,3.98261796875e-08,2.97207719768e-07,3.60070553143e-05,0.0,4.56278428373e-07,-4.82279318703e-08,1.26461756622e-07,1.48172347281e-07,2.48198944064e-07,-2.78443536672e-07,4.56278428373e-07,4.82279318703e-08,3.7137309846e-05,0.0
1630632815222059841,height,4,32,width,4,8,imag,2,2,0,3.18558995787e-05,0.0,1.28230539076e-07,-1.76041599076e-08,7.29515008402e-08,-1.43779118389e-07,3.41247954339e-08,1.37723887406e-07,1.28230539076e-07,1.76041599076e-08,3.61169222742e-05,0.0,-9.87022730214e-08,-2.22978595588e-08,-1.99850713756e-08,1.15330614392e-07,7.29515008402e-08,1.43779118389e-07,-9.87022730214e-08,2.22978595588e-08,3.68167638953e-05,0.0,2.41423009584e-07,1.19468012372e-07,3.41247954339e-08,-1.37723887406e-07,-1.99850713756e-08,-1.15330614392e-07,2.41423009584e-07,-1.19468012372e-07,3.72332360712e-05,0.0
1630632815363980426,height,4,32,width,4,8,imag,2,2,0,3.21235675074e-05,0.0,-5.24757730602e-08,-1.53502043077e-07,8.49214458754e-08,-3.93521304431e-08,-9.59576027526e-08,1.03871634849e-07,-5.24757730602e-08,1.53502043077e-07,3.63761100743e-05,0.0,-1.84838157224e-07,-2.46277323868e-07,2.53454260246e-07,-4.0541948465e-08,8.49214458754e-08,3.93521304431e-08,-1.84838157224e-07,2.46277323868e-07,3.65377964044e-05,0.0,3.59497079216e-07,1.52681010945e-07,-9.59576027526e-08,-1.03871634849e-07,2.53454260246e-07,4.0541948465e-08,3.59497079216e-07,-1.52681010945e-07,3.72879876522e-05,0.0
1630632815403696675,height,4,32,width,4,8,imag,2,2,0,3.19664541166e-05,0.0,7.73159598566e-08,-5.12610043302e-08,-1.76584904921e-07,-1.65628549098e-07,-8.4839072656e-08,-1.79899579678e-08,7.73159598566e-08,5.12610043302e-08,3.59982186637e-05,0.0,-1.89167401743e-08,1.48345321804e-07,7.0340185232e-08,5.51220864509e-08,-1.76584904921e-07,1.65628549098e-07,-1.89167401743e-08,-1.48345321804e-07,3.64208135579e-05,0.0,3.48618897306e-07,1.93509649193e-07,-8.4839072656e-08,1.79899579678e-08,7.0340185232e-08,-5.51220864509e-08,3.48618897306e-07,-1.93509649193e-07,3.719669985e-05,0.0
1630632815427254589,height,4,32,width,4,8,imag,2,2,0,3.19976024912e-05,0.0,-1.56089754455e-07,9.25379772809e-09,-4.97233116903e-08,-5.27355084046e-08,5.05820629826e-08,3.90672063588e-08,-1.56089754455e-07,-9.25379772809e-09,3.59685509466e-05,0.0,9.90825270719e-08,-2.28867136798e-07,1.32290466581e-07,5.77716612327e-08,-4.97233116903e-08,5.27355084046e-08,9.90825270719e-08,2.28867136798e-07,3.65084633813e-05,0.0,2.28598224794e-07,1.08122421238e-07,5.05820629826e-08,-3.90672063588e-08,1.32290466581e-07,-5.77716612327e-08,2.28598224794e-07,-1.08122421238e-07,3.75044728571e-05,0.0
1630632815533075620,height,4,32,width,4,8,imag,2,2,0,3.19202554238e-05,0.0,2.50510680644e-07,9.88715598282e-08,6.19745961217e-08,-2.29473258173e-08,3.21189972396e-08,9.99069769136e-08,2.50510680644e-07,-9.88715598282e-08,3.58874422091e-05,0.0,4.35307399016e-08,-7.22143127518e-08,-7.90551180074e-09,3.30141336491e-09,6.19745961217e-08,2.29473258173e-08,4.35307399016e-08,7.22143127518e-08,3.62688624591e-05,0.0,1.11170493255e-07,8.40481959585e-08,3.21189972396e-08,-9.99069769136e-08,-7.90551180074e-09,-3.30141336491e-09,1.11170493255e-07,-8.40481959585e-08,3.74280134565e-05,0.0
1630632815585454011,height,4,32,width,4,8,imag,2,2,0,3.22512205457e-05,0.0,-1.76980634592e-07,-1.22738626374e-07,-3.85540310788e-08,2.22273342843e-07,2.43877771311e-08,-2.20213536295e-07,-1.76980634592e-07,1.22738626374e-07,3.6070097849e-05,0.0,-2.4509887453e-07,-8.09287854509e-08,3.65117728052e-07,-6.53856631061e-08,-3.85540310788e-08,-2.22273342843e-07,-2.4509887453e-07,8.09287854509e-08,3.66984204447e-05,0.0,1.63690700106e-07,1.59166916092e-07,2.43877771311e-08,2.20213536295e-07,3.65117728052e-07,6.53856631061e-08,1.63690700106e-07,-1.59166916092e-07,3.70453490177e-05,0.0
1630632815598425422,height,4,32,width,4,8,imag,2,2,0,3.19725986628e-05,0.0,6.10370820553e-09,-1.71291780759e-08,-2.0006223167e-07,-5.84538923931e-08,4.09327363116e-08,5.09515878377e-08,6.10370820553e-09,1.71291780759e-08,3.59076620953e-05,0.0,2.11774690229e-07,-1.05314747145e-07,-3.15819590924e-07,1.52654777708e-07,-2.0006223167e-07,5.84538923931e-08,2.11774690229e-07,1.05314747145e-07,3.6103570892e-05,0.0,3.2820670981e-07,2.12601463545e-07,4.09327363116e-08,-5.09515878377e-08,-3.15819590924e-07,-1.52654777708e-07,3.2820670981e-07,-2.12601463545e-07,3.76905300072e-05,0.0
1630632815704694167,height,4,32,width,4,8,imag,2,2,0,0.000674555776641,0.0,0.00752749526873,-0.0036874525249,0.00769893219694,-0.00263448315673,-0.00515069486573,0.00824862346053,0.00752749526873,0.0036874525249,0.111989863217,0.0,0.10680232197,0.0135566415265,-0.107848748565,0.0676286146045,0.00769893219694,0.00263448315673,0.10680232197,-0.0135566415265,0.104062907398,0.0,-0.0954067707062,0.0778368413448,-0.00515069486573,-0.00824862346053,-0.107848748565,-0.0676286146045,-0.0954067707062,-0.0778368413448,0.148793652654,0.0
1630632815721031833,height,4,32,width,4,8,imag,2,2,0,3.20994913636e-05,0.0,-1.82540887295e-07,1.49005373373e-07,1.40490730161e-08,2.67305551915e-07,-1.24649389477e-07,-1.35471207585e-08,-1.82540887295e-07,-1.49005373373e-07,3.60852536687e-05,0.0,-8.65828155838e-08,-1.49021115448e-08,2.51054057543e-08,-2.2665768995e-07,1.40490730161e-08,-2.67305551915e-07,-8.65828155838e-08,1.49021115448e-08,3.64538718713e-05,0.0,4.43879201839e-07,-1.13294680304e-08,-1.24649389477e-07,1.35471207585e-08,2.51054057543e-08,2.2665768995e-07,4.43879201839e-07,1.13294680304e-08,3.71861169697e-05,0.0
1630632815735772483,height,4,32,width,4,8,imag,2,2,0,3.22945816151e-05,0.0,-1.19689346434e-07,-1.58859592148e-07,2.26357155242e-08,-9.75266161163e-08,-8.47811776339e-08,-1.28247663156e-07,-1.19689346434e-07,1.58859592148e-07,3.58491524821e-05,0.0,-1.35931571776e-07,-6.23489881946e-08,-3.91448331527e-08,1.78036980714e-08,2.26357155242e-08,9.75266161163e-08,-1.35931571776e-07,6.23489881946e-08,3.67958236893e-05,0.0,3.10590792196e-07,5.48680993973e-08,-8.47811776339e-08,1.28247663156e-07,-3.91448331527e-08,-1.78036980714e-08,3.10590792196e-07,-5.48680993973e-08,3.73100374418e-05,0.0
1630632815866300922,height,4,32,width,4,8,imag,2,2,0,0.00211378675885,0.0,0.024421826005,-0.01197025273,0.0249876156449,-0.00854825507849,-0.0157278571278,0.0273582767695,0.024421826005,0.01197025273,0.364274561405,0.0,0.347390323877,0.0441371500492,-0.342613011599,0.233064457774,0.0249876156449,0.00854825507849,0.347390323877,-0.0441371500492,0.33842587471,0.0,-0.300740540028,0.264585912228,-0.0157278571278,-0.0273582767695,-0.342613011599,-0.233064457774,-0.300740540028,-0.264585912228,0.484146058559,0.0
1630632815873086102,height,4,32,width,4,8,imag,2,2,0,0.000675773597322,0.0,0.00753726903349,-0.00368332862854,0.00770615553483,-0.00262836366892,-0.00516535667703,0.00824851449579,0.00753726903349,0.00368332862854,0.111995197833,0.0,0.106788441539,0.0135516384616,-0.107869043946,0.0676265656948,0.00770615553483,0.00262836366892,0.106788441539,-0.0135516384616,0.104031272233,0.0,-0.0954142659903,0.0778275877237,-0.00516535667703,-0.00824851449579,-0.107869043946,-0.0676265656948,-0.0954142659903,-0.0778275877237,0.148833662271,0.0
1630632815951406872,height,4,32,width,4,8,imag,2,2,0,0.00212422315963,0.0,0.0246691182256,-0.0116262929514,0.0251546557993,-0.00826996937394,-0.0159901417792,0.0273259617388,0.0246691182256,0.0116262929514,0.364285767078,0.0,0.347589492798,0.0430994480848,-0.34107658267,0.23561412096,0.0251546557993,0.00826996937394,0.347589492798,-0.0430994480848,0.33850428462,0.0,-0.299778193235,0.265970051289,-0.0159901417792,-0.0273259617388,-0.34107658267,-0.23561412096,-0.299778193235,-0.265970051289,0.484756827354,0.0
1630632816010255363,height,4,32,width,4,8,imag,2,2,0,0.00212194398046,0.0,0.0246701650321,-0.011590863578,0.0251508597285,-0.00823367852718,-0.0160124655813,0.0272918399423,0.0246701650321,0.011590863578,0.364296525717,0.0,0.347580820322,0.0431241840124,-0.34105271101,0.235633805394,0.0251508597285,0.00823367852718,0.347580820322,-0.0431241840124,0.33848670125,0.0,-0.299732118845,0.265992373228,-0.0160124655813,-0.0272918399423,-0.34105271101,-0.235633805394,-0.299732118845,-0.265992373228,0.484727054834,0.0
1630632816033354446,height,4,32,width,4,8,imag,2,2,0,0.00210014823824,0.0,0.0240854695439,-0.0122146094218,0.0247103963047,-0.00884252227843,-0.015327481553,0.0273526292294,0.0240854695439,0.0122146094218,0.361190199852,0.0,0.344978988171,0.0436597838998,-0.340699881315,0.230375796556,0.0247103963047,0.00884252227843,0.344978988171,-0.0436597838998,0.336461395025,0.0,-0.299673616886,0.261946052313,-0.015327481553,-0.0273526292294,-0.340699881315,-0.230375796556,-0.299673616886,-0.261946052313,0.48119905591,0.0
1630632816106937349,height,4,32,width,4,8,imag,2,2,0,0.00211909739301,0.0,0.0244545675814,-0.011977378279,0.0250194948167,-0.00855097174644,-0.0157558061182,0.0273879803717,0.0244545675814,0.011977378279,0.364262312651,0.0,0.347358196974,0.0441536344588,-0.34261572361,0.233025833964,0.0250194948167,0.00855097174644,0.347358196974,-0.0441536344588,0.338377922773,0.0,-0.300719320774,0.264546006918,-0.0157558061182,-0.0273879803717,-0.34261572361,-0.233025833964,-0.300719320774,-0.264546006918,0.484117209911,0.0
1630632816203676706,height,4,32,width,4,8,imag,2,2,0,0.00210608053021,0.0,0.0241836737841,-0.0120508577675,0.0248187705874,-0.00870671402663,-0.0147936055437,0.0277117453516,0.0241836737841,0.0120508577675,0.361173212528,0.0,0.345280259848,0.043370757252,-0.334705591202,0.240230515599,0.0248187705874,0.00870671402663,0.345280259848,-0.043370757252,0.337098330259,0.0,-0.293290883303,0.270621776581,-0.0147936055437,-0.0277117453516,-0.334705591202,-0.240230515599,-0.293290883303,-0.270621776581,0.482287704945,0.0
1630632816208161417,height,4,32,width,4,8,imag,2,2,0,0.00210140133277,0.0,0.0240846127272,-0.0122264595702,0.0247133430094,-0.0088547822088,-0.0153176216409,0.0273701548576,0.0240846127272,0.0122264595702,0.36120352149,0.0,0.345009058714,0.0436974391341,-0.340730071068,0.230365619063,0.0247133430094,0.0088547822088,0.345009058714,-0.0436974391341,0.336516946554,0.0,-0.299699068069,0.261984437704,-0.0153176216409,-0.0273701548576,-0.340730071068,-0.230365619063,-0.299699068069,-0.261984437704,0.481214761734,0.0
1630632816295101043,height,4,32,width,4,8,imag,2,2,0,0.00210683676414,0.0,0.0242532435805,-0.0119610307738,0.0248424652964,-0.00863452348858,-0.0154307512566,0.0273593384773,0.0242532435805,0.0119610307738,0.361662954092,0.0,0.345458507538,0.043010212481,-0.339018344879,0.233611658216,0.0248424652964,0.00863452348858,0.345458507538,-0.043010212481,0.336911410093,0.0,-0.298352539539,0.264309406281,-0.0154307512566,-0.0273593384773,-0.339018344879,-0.233611658216,-0.298352539539,-0.264309406281,0.48164960742,0.0
1630632816369535295,height,4,32,width,4,8,imag,2,2,0,0.00210823700763,0.0,0.0240697506815,-0.0122884036973,0.0247343499213,-0.0089504243806,-0.0148147623986,0.0277002546936,0.0240697506815,0.0122884036973,0.360678136349,0.0,0.344924837351,0.0432845056057,-0.336597889662,0.236175686121,0.0247343499213,0.0089504243806,0.344924837351,-0.0432845056057,0.336777687073,0.0,-0.295658797026,0.267009824514,-0.0148147623986,-0.0277002546936,-0.336597889662,-0.236175686121,-0.295658797026,-0.267009824514,0.48160174489,0.0
1630632816374015182,height,4,32,width,4,8,imag,2,2,0,0.00211017625406,0.0,0.0242095626891,-0.0120747163892,0.024841113016,-0.00872477889061,-0.0148055488244,0.0277448240668,0.0242095626891,0.0120747163892,0.361251890659,0.0,0.345282077789,0.0433872453868,-0.334780424833,0.240225940943,0.024841113016,0.00872477889061,0.345282077789,-0.0433872453868,0.337032705545,0.0,-0.293288856745,0.27058249712,-0.0148055488244,-0.0277448240668,-0.334780424833,-0.240225940943,-0.293288856745,-0.27058249712,0.482308149338,0.0
1630632816450820380,height,4,32,width,4,8,imag,2,2,0,0.00210727588274,0.0,0.0242034401745,-0.0120401280001,0.0248323380947,-0.00869576074183,-0.0148172760382,0.0277142170817,0.0242034401745,0.0120401280001,0.361234635115,0.0,0.345302760601,0.0433421954513,-0.33474650979,0.240233883262,0.0248323380947,0.00869576074183,0.345302760601,-0.0433421954513,0.337082207203,0.0,-0.293324112892,0.270570874214,-0.0148172760382,-0.0277142170817,-0.33474650979,-0.240233883262,-0.293324112892,-0.270570874214,0.482278972864,0.0
1630632816512404922,height,4,32,width,4,8,imag,2,2,0,0.00211087288335,0.0,0.0241024196148,-0.0122660687193,0.0247636847198,-0.00892616435885,-0.01486184448,0.0277019552886,0.0241024196148,0.0122660687193,0.360665977001,0.0,0.344924807549,0.0432869903743,-0.33660569787,0.236164197326,0.0247636847198,0.00892616435885,0.344924807549,-0.0432869903743,0.336795240641,0.0,-0.295694231987,0.267012864351,-0.01486184448,-0.0277019552886,-0.33660569787,-0.236164197326,-0.295694231987,-0.267012864351,0.481639802456,0.0
1630632816531714256,height,4,32,width,4,8,imag,2,2,0,0.0021032539662,0.0,0.0239842701703,-0.0124226147309,0.024729333818,-0.00900695286691,-0.0143441958353,0.0279079061002,0.0239842701703,0.0124226147309,0.36093261838,0.0,0.345440804958,0.0446098782122,-0.334428071976,0.239945247769,0.024729333818,0.00900695286691,0.345440804958,-0.0446098782122,0.337856769562,0.0,-0.292469263077,0.271741598845,-0.0143441958353,-0.0279079061002,-0.334428071976,-0.239945247769,-0.292469263077,-0.271741598845,0.482026398182,0.0
1630632816643844898,height,4,32,width,4,8,imag,2,2,0,0.00210648379289,0.0,0.024067690596,-0.0122746964917,0.0247318297625,-0.0089390007779,-0.0148238623515,0.0276892706752,0.024067690596,0.0122746964917,0.360668182373,0.0,0.344932168722,0.0432715341449,-0.336620807648,0.23618298769,0.0247318297625,0.0089390007779,0.344932168722,-0.0432715341449,0.336803019047,0.0,-0.295717149973,0.267021119595,-0.0148238623515,-0.0276892706752,-0.336620807648,-0.23618298769,-0.295717149973,-0.267021119595,0.481688201427,0.0
1630632816654162949,height,4,32,width,4,8,imag,2,2,0,0.00211916631088,0.0,0.0240960698575,-0.0125851454213,0.0248984359205,-0.00910623930395,-0.0143350521103,0.0281551554799,0.0240960698575,0.0125851454213,0.363647043705,0.0,0.347853302956,0.0456071719527,-0.336756408215,0.242161646485,0.0248984359205,0.00910623930395,0.347853302956,-0.0456071719527,0.34041389823,0.0,-0.2940094769,0.274685949087,-0.0143350521103,-0.0281551554799,-0.336756408215,-0.242161646485,-0.2940094769,-0.274685949087,0.485173195601,0.0
1630632816693610758,height,4,32,width,4,8,imag,2,2,0,0.00211865245365,0.0,0.0241083987057,-0.0125539964065,0.0249040387571,-0.00907163508236,-0.0143714444712,0.0281303878874,0.0241083987057,0.0125539964065,0.363701611757,0.0,0.347853392363,0.0456148870289,-0.336786270142,0.242172703147,0.0249040387571,0.00907163508236,0.347853392363,-0.0456148870289,0.340353518724,0.0,-0.293976247311,0.274670362473,-0.0143714444712,-0.0281303878874,-0.336786270142,-0.242172703147,-0.293976247311,-0.274670362473,0.485164225101,0.0
1630632816889407825,height,4,32,width,4,8,imag,2,2,0,0.000946529442444,0.0,0.0106009356678,-0.00553027447313,0.0109388530254,-0.00400370359421,-0.006347107701,0.0123467864469,0.0106009356678,0.00553027447313,0.160101339221,0.0,0.153240054846,0.019994340837,-0.148515298963,0.105887696147,0.0109388530254,0.00400370359421,0.153240054846,-0.019994340837,0.149938628078,0.0,-0.129801392555,0.120224751532,-0.006347107701,-0.0123467864469,-0.148515298963,-0.105887696147,-0.129801392555,-0.120224751532,0.213675171137,0.0
1630632816895863405,height,4,32,width,4,8,imag,2,2,0,0.000949311768636,0.0,0.0106324627995,-0.00551600474864,0.010966271162,-0.00398477725685,-0.00637891702354,0.0123544391245,0.0106324627995,0.00551600474864,0.160115629435,0.0,0.153263181448,0.0200134925544,-0.148509860039,0.105871923268,0.010966271162,0.00398477725685,0.153263181448,-0.0200134925544,0.14997677505,0.0,-0.129797190428,0.12023562938,-0.00637891702354,-0.0123544391245,-0.148509860039,-0.105871923268,-0.129797190428,-0.12023562938,0.213634163141,0.0
1630632816906785844,height,4,32,width,4,8,imag,2,2,0,0.0021050106734,0.0,0.0240756887943,-0.0122829433531,0.0247700680047,-0.00886492710561,-0.0145512539893,0.0278186704963,0.0240756887943,0.0122829433531,0.361376911402,0.0,0.345413297415,0.0444961823523,-0.33486327529,0.239787563682,0.0247700680047,0.00886492710561,0.345413297415,-0.0444961823523,0.337415784597,0.0,-0.292657762766,0.271187931299,-0.0145512539893,-0.0278186704963,-0.33486327529,-0.239787563682,-0.292657762766,-0.271187931299,0.482080072165,0.0
1630632817066994005,height,4,32,width,4,8,imag,2,2,0,3.21822772094e-05,0.0,-1.12992935897e-07,-1.94126087649e-07,-1.28009020273e-07,9.22148117866e-08,-1.08090603135e-09,-1.17572525937e-07,-1.12992935897e-07,1.94126087649e-07,3.5749442759e-05,0.0,1.92764829876e-07,-1.63510634366e-07,1.43355869398e-08,1.23839598132e-07,-1.28009020273e-07,-9.22148117866e-08,1.92764829876e-07,1.63510634366e-07,3.63371073036e-05,0.0,2.09212117852e-07,-2.22845137898e-08,-1.08090603135e-09,1.17572525937e-07,1.43355869398e-08,-1.23839598132e-07,2.09212117852e-07,2.22845137898e-08,3.70858542738e-05,0.0
1630632817131002671,height,4,32,width,4,8,imag,2,2,0,3.21802908729e-05,0.0,2.2203895611e-08,-1.46781104604e-07,-9.04403663071e-08,-6.89952939226e-09,-2.16671480757e-07,-2.25436565415e-07,2.2203895611e-08,1.46781104604e-07,3.59705263691e-05,0.0,-1.7155090859e-07,-3.31393898989e-08,-1.35704596005e-07,3.08149793682e-07,-9.04403663071e-08,6.89952939226e-09,-1.7155090859e-07,3.31393898989e-08,3.63429862773e-05,0.0,3.03437445837e-07,7.06730247657e-08,-2.16671480757e-07,2.25436565415e-07,-1.35704596005e-07,-3.08149793682e-07,3.03437445837e-07,-7.06730247657e-08,3.71522910427e-05,0.0
1630632817170362520,height,4,32,width,4,8,imag,2,2,0,0.000949719396885,0.0,0.0106316404417,-0.00552435265854,0.0109672993422,-0.00399175705388,-0.00637569418177,0.0123569164425,0.0106316404417,0.00552435265854,0.160109236836,0.0,0.153242215514,0.0200346354395,-0.148519396782,0.105872802436,0.0109672993422,0.00399175705388,0.153242215514,-0.0200346354395,0.149946436286,0.0,-0.129777610302,0.120249114931,-0.00637569418177,-0.0123569164425,-0.148519396782,-0.105872802436,-0.129777610302,-0.120249114931,0.213659033179,0.0
1630632817249343777,height,4,32,width,4,8,imag,2,2,0,3.20775034197e-05,0.0,4.06140117093e-08,-6.71685569387e-08,-1.5968713285e-07,1.59518407372e-08,1.72804433873e-07,-1.76545835728e-08,4.06140117093e-08,6.71685569387e-08,3.55347219738e-05,0.0,1.91109123193e-07,-3.07527812993e-07,-1.40491449585e-08,3.10651500968e-07,-1.5968713285e-07,-1.59518407372e-08,1.91109123193e-07,3.07527812993e-07,3.64830739272e-05,0.0,4.7394144076e-07,1.23848280964e-07,1.72804433873e-07,1.76545835728e-08,-1.40491449585e-08,-3.10651500968e-07,4.7394144076e-07,-1.23848280964e-07,3.71159876522e-05,0.0
1630632817267112616,height,4,32,width,4,8,imag,2,2,0,3.18192396662e-05,0.0,4.43511467552e-08,1.17586154147e-07,-5.84389958647e-08,-1.52780501139e-07,5.24318863881e-08,-1.0037587117e-07,4.43511467552e-08,-1.17586154147e-07,3.59773475793e-05,0.0,6.91381032425e-08,-1.01865452962e-07,-2.48656242263e-08,2.38790221374e-07,-5.84389958647e-08,1.52780501139e-07,6.91381032425e-08,1.01865452962e-07,3.68357250409e-05,0.0,2.74502468756e-07,6.34779695474e-08,5.24318863881e-08,1.0037587117e-07,-2.48656242263e-08,-2.38790221374e-07,2.74502468756e-07,-6.34779695474e-08,3.70575799025e-05,0.0
1630632817417421867,height,4,32,width,4,8,imag,2,2,0,3.23221720464e-05,0.0,1.32550084686e-07,-5.94929012721e-08,-2.39108288724e-08,3.87581486905e-08,1.16352815382e-07,-4.16456131802e-08,1.32550084686e-07,5.94929012721e-08,3.61446691386e-05,0.0,-5.42048450569e-09,-4.56798474602e-08,6.30077252595e-08,-2.18043382461e-07,-2.39108288724e-08,-3.87581486905e-08,-5.42048450569e-09,4.56798474602e-08,3.626664693e-05,0.0,1.36268837991e-07,-1.23945710584e-07,1.16352815382e-07,4.16456131802e-08,6.30077252595e-08,2.18043382461e-07,1.36268837991e-07,1.23945710584e-07,3.74325318262e-05,0.0
1630632817434671066,height,4,32,width,4,8,imag,2,2,0,3.19231658068e-05,0.0,7.1619489006e-08,1.34544677621e-07,2.25303153911e-07,2.40767661808e-07,2.95640347758e-07,-2.81592651419e-08,7.1619489006e-08,-1.34544677621e-07,3.54823714588e-05,0.0,2.50036968907e-08,6.83667289447e-10,2.88551177619e-07,-3.46400277351e-08,2.25303153911e-07,-2.40767661808e-07,2.50036968907e-08,-6.83667289447e-10,3.67070642824e-05,0.0,2.00233230885e-07,-3.07470685357e-07,2.95640347758e-07,2.81592651419e-08,2.88551177619e-07,3.46400277351e-08,2.00233230885e-07,3.07470685357e-07,3.69638073607e-05,0.0
1630632817485700552,height,4,32,width,4,8,imag,2,2,0,3.19889186358e-05,0.0,-7.21749842114e-08,-9.31161423523e-08,-7.23759967514e-08,3.2307164588e-07,6.4129650923e-08,2.31053306265e-07,-7.21749842114e-08,9.31161423523e-08,3.58078868885e-05,0.0,8.52281161201e-08,-3.05701810532e-08,1.19914815855e-07,-6.41906794385e-08,-7.23759967514e-08,-3.2307164588e-07,8.52281161201e-08,3.05701810532e-08,3.67910506611e-05,0.0,3.14593563644e-07,-5.64822819626e-08,6.4129650923e-08,-2.31053306265e-07,1.19914815855e-07,6.41906794385e-08,3.14593563644e-07,5.64822819626e-08,3.72528229491e-05,0.0
1630632817583537583,height,4,32,width,4,8,imag,2,2,0,3.16992409353e-05,0.0,-9.90086590491e-08,-8.4407417944e-08,3.43507018385e-08,-1.20193689668e-07,9.21144831523e-08,-5.25782306582e-09,-9.90086590491e-08,8.4407417944e-08,3.60087651643e-05,0.0,1.53769761368e-07,-2.02942828764e-07,-1.90558324675e-09,1.2943102945e-07,3.43507018385e-08,1.20193689668e-07,1.53769761368e-07,2.02942828764e-07,3.64404186257e-05,0.0,2.80233862782e-08,7.71450103798e-08,9.21144831523e-08,5.25782306582e-09,-1.90558324675e-09,-1.2943102945e-07,2.80233862782e-08,-7.71450103798e-08,3.68071414414e-05,0.0
1630632817700139065,height,4,32,width,4,8,imag,2,2,0,3.22470041283e-05,0.0,1.42497341926e-07,-4.16237995182e-08,-1.22183479334e-07,-1.82142699146e-07,3.29946843181e-08,9.94328743786e-08,1.42497341926e-07,4.16237995182e-08,3.59393197868e-05,0.0,-1.26380585996e-08,-1.08927785902e-07,2.94234808962e-07,-1.41279707933e-08,-1.22183479334e-07,1.82142699146e-07,-1.26380585996e-08,1.08927785902e-07,3.65366176993e-05,0.0,1.58379592108e-07,2.11398720751e-08,3.29946843181e-08,-9.94328743786e-08,2.94234808962e-07,1.41279707933e-08,1.58379592108e-07,-2.11398720751e-08,3.75083473045e-05,0.0
1630632817753039136,height,4,32,width,4,8,imag,2,2,0,3.19205792039e-05,0.0,-5.94591362812e-08,3.27550999657e-08,-1.38751815371e-07,-1.85025132993e-08,-8.15518745867e-08,-2.44837057295e-08,-5.94591362812e-08,-3.27550999657e-08,3.62216596841e-05,0.0,1.87600761592e-07,-2.54472467986e-07,-2.33496404434e-08,-1.2702086849e-07,-1.38751815371e-07,1.85025132993e-08,1.87600761592e-07,2.54472467986e-07,3.67085849575e-05,0.0,4.68730320335e-07,2.85762041585e-07,-8.15518745867e-08,2.44837057295e-08,-2.33496404434e-08,1.2702086849e-07,4.68730320335e-07,-2.85762041585e-07,3.72237373085e-05,0.0
1630632817757332030,height,4,32,width,4,8,imag,2,2,0,3.17821250064e-05,0.0,1.64902104416e-07,2.95394158911e-07,-6.24805522875e-08,-1.20183099028e-08,1.5973185441e-07,2.45490468842e-07,1.64902104416e-07,-2.95394158911e-07,3.58961915481e-05,0.0,-3.92548002992e-08,-1.83413064292e-07,-1.10571050982e-07,-1.72489489358e-08,-6.24805522875e-08,1.20183099028e-08,-3.92548002992e-08,1.83413064292e-07,3.67311331502e-05,0.0,4.28924352036e-07,3.68336628753e-07,1.5973185441e-07,-2.45490468842e-07,-1.10571050982e-07,1.72489489358e-08,4.28924352036e-07,-3.68336628753e-07,3.72937247448e-05,0.0
1630632817918473468,height,4,32,width,4,8,imag,2,2,0,3.21280822391e-05,0.0,5.13853990469e-08,-2.36284591892e-08,-2.20860016498e-07,2.65966434654e-07,-1.88709094573e-07,1.62423603456e-07,5.13853990469e-08,2.36284591892e-08,3.60504345736e-05,0.0,2.21919407295e-08,-5.42723732622e-08,-1.37606832595e-07,-1.20596538977e-07,-2.20860016498e-07,-2.65966434654e-07,2.21919407295e-08,5.42723732622e-08,3.65483647329e-05,0.0,1.07848677544e-07,-7.65477494724e-08,-1.88709094573e-07,-1.62423603456e-07,-1.37606832595e-07,1.20596538977e-07,1.07848677544e-07,7.65477494724e-08,3.70832858607e-05,0.0
1630632817963847680,height,4,32,width,4,8,imag,2,2,0,3.23875610775e-05,0.0,-6.23647764542e-08,-1.69149856788e-07,2.86932277049e-07,2.56030062928e-07,8.92747777925e-08,2.70471161912e-07,-6.23647764542e-08,1.69149856788e-07,3.57541539415e-05,0.0,-4.24930632903e-08,5.46792904288e-08,-3.57993776845e-08,-1.00312718132e-07,2.86932277049e-07,-2.56030062928e-07,-4.24930632903e-08,-5.46792904288e-08,3.63925137208e-05,0.0,2.4643148322e-07,2.38741421299e-07,8.92747777925e-08,-2.70471161912e-07,-3.57993776845e-08,1.00312718132e-07,2.4643148322e-07,-2.38741421299e-07,3.691449092e-05,0.0
1630632818021565073,height,4,32,width,4,8,imag,2,2,0,3.19568025589e-05,0.0,2.82213562741e-07,-6.17030195826e-08,-4.04620514871e-08,6.23582465664e-08,-1.2086509571e-07,9.82201058264e-08,2.82213562741e-07,6.17030195826e-08,3.56872187695e-05,0.0,8.82913369082e-08,1.57129036893e-07,-4.50057306978e-08,1.35536666335e-07,-4.04620514871e-08,-6.23582465664e-08,8.82913369082e-08,-1.57129036893e-07,3.63688086509e-05,0.0,3.33911486905e-07,2.68995222541e-07,-1.2086509571e-07,-9.82201058264e-08,-4.50057306978e-08,-1.35536666335e-07,3.33911486905e-07,-2.68995222541e-07,3.70534507965e-05,0.0
1630632818081929893,height,4,32,width,4,8,imag,2,2,0,3.23139101965e-05,0.0,-5.07906072755e-08,6.1901694437e-08,-5.66349420694e-08,1.43694647292e-08,7.89229126497e-09,-6.1251768102e-08,-5.07906072755e-08,-6.1901694437e-08,3.56866257789e-05,0.0,1.75129130753e-07,9.66415036885e-09,1.52708238943e-07,-1.53628150201e-07,-5.66349420694e-08,-1.43694647292e-08,1.75129130753e-07,-9.66415036885e-09,3.63173530786e-05,0.0,2.83039668147e-07,1.84799716862e-07,7.89229126497e-09,6.1251768102e-08,1.52708238943e-07,1.53628150201e-07,2.83039668147e-07,-1.84799716862e-07,3.75424097001e-05,0.0
1630632818180218979,height,4,32,width,4,8,imag,2,2,0,3.22962114296e-05,0.0,8.23182375598e-08,1.42949716064e-07,2.38136443897e-08,-4.34184315168e-08,4.16506107381e-10,3.85301781591e-08,8.23182375598e-08,-1.42949716064e-07,3.58626311936e-05,0.0,-9.31753376676e-08,7.09200804749e-08,2.6671023079e-07,-8.81175381551e-08,2.38136443897e-08,4.34184315168e-08,-9.31753376676e-08,-7.09200804749e-08,3.67104767065e-05,0.0,2.52254551469e-07,-1.73896495426e-07,4.16506107381e-10,-3.85301781591e-08,2.6671023079e-07,8.81175381551e-08,2.52254551469e-07,1.73896495426e-07,3.74843366444e-05,0.0
1630632818228818955,height,4,32,width,4,8,imag,2,2,0,3.16218465741e-05,0.0,2.13989196141e-07,-5.26282519786e-08,4.35639861962e-08,-2.95241342485e-08,1.68759115127e-07,-1.75338925601e-07,2.13989196141e-07,5.26282519786e-08,3.56057826139e-05,0.0,2.36611541027e-07,-4.63214853141e-08,1.73096793787e-07,5.64711548634e-08,4.35639861962e-08,2.95241342485e-08,2.36611541027e-07,4.63214853141e-08,3.65346786566e-05,0.0,2.89966038736e-07,9.12795243835e-08,1.68759115127e-07,1.75338925601e-07,1.73096793787e-07,-5.64711548634e-08,2.89966038736e-07,-9.12795243835e-08,3.68528053514e-05,0.0
1630632818246678335,height,4,32,width,4,8,imag,2,2,0,3.23783424392e-05,0.0,3.59291107088e-07,7.85517784152e-08,-1.90314921156e-07,1.89608272194e-07,2.92451360906e-08,1.66772160526e-08,3.59291107088e-07,-7.85517784152e-08,3.63969847967e-05,0.0,8.69916263468e-08,-1.8705023308e-07,1.64804636604e-09,-1.38376620384e-07,-1.90314921156e-07,-1.89608272194e-07,8.69916263468e-08,1.8705023308e-07,3.6727386032e-05,0.0,1.71942019733e-07,5.28314743065e-08,2.92451360906e-08,-1.66772160526e-08,1.64804636604e-09,1.38376620384e-07,1.71942019733e-07,-5.28314743065e-08,3.70743946405e-05,0.0
1630632818364576225,height,4,32,width,4,8,imag,2,2,0,3.19494902215e-05,0.0,-8.47404209026e-08,5.65287159304e-08,3.32567537953e-07,4.53603377082e-08,-3.24254017414e-07,6.82185827827e-08,-8.47404209026e-08,-5.65287159304e-08,3.60231315426e-05,0.0,3.7360290861e-08,-2.80855772417e-07,-1.76584848077e-07,-5.21509981866e-08,3.32567537953e-07,-4.53603377082e-08,3.7360290861e-08,2.80855772417e-07,3.65859596059e-05,0.0,3.53592554347e-07,2.55970036278e-07,-3.24254017414e-07,-6.82185827827e-08,-1.76584848077e-07,5.21509981866e-08,3.53592554347e-07,-2.55970036278e-07,3.72738613805e-05,0.0
1630632818408818372,height,4,32,width,4,8,imag,2,2,0,3.18235070154e-05,0.0,2.85291207547e-07,-3.01453404461e-08,-5.95440639017e-08,1.12111401052e-07,2.99249791169e-07,-1.54806532038e-08,2.85291207547e-07,3.01453404461e-08,3.5629956983e-05,0.0,2.07950648701e-07,-2.26448122476e-07,2.54109551179e-07,2.15713825469e-07,-5.95440639017e-08,-1.12111401052e-07,2.07950648701e-07,2.26448122476e-07,3.62623213732e-05,0.0,2.4705538948e-08,1.32745213932e-07,2.99249791169e-07,1.54806532038e-08,2.54109551179e-07,-2.15713825469e-07,2.4705538948e-08,-1.32745213932e-07,3.71354071831e-05,0.0
1630632818497076678,height,4,32,width,4,8,imag,2,2,0,3.23163149005e-05,0.0,3.80062346039e-08,1.14961345332e-07,-3.33116965123e-08,-3.36883005048e-07,-1.74278170562e-07,-4.15088674544e-09,3.80062346039e-08,-1.14961345332e-07,3.61869024346e-05,0.0,-1.26831125158e-07,-1.83461764891e-07,1.90284822565e-07,-1.2301539698e-07,-3.33116965123e-08,3.36883005048e-07,-1.26831125158e-07,1.83461764891e-07,3.63126418961e-05,0.0,2.40506068394e-07,6.06475651921e-08,-1.74278170562e-07,4.15088674544e-09,1.90284822565e-07,1.2301539698e-07,2.40506068394e-07,-6.06475651921e-08,3.74653136532e-05,0.0
1630632818557354926,height,4,32,width,4,8,imag,2,2,0,3.22280648106e-05,0.0,-2.24921805625e-07,1.12744366731e-07,-1.53931253521e-07,1.0737873879e-07,2.80761760507e-08,8.90723725888e-08,-2.24921805625e-07,-1.12744366731e-07,3.59704863513e-05,0.0,3.36017052405e-07,-7.62630847362e-08,7.0174053235e-08,2.50569115678e-07,-1.53931253521e-07,-1.0737873879e-07,3.36017052405e-07,7.62630847362e-08,3.63588660548e-05,0.0,1.34575529387e-07,7.20294650591e-08,2.80761760507e-08,-8.90723725888e-08,7.0174053235e-08,-2.50569115678e-07,1.34575529387e-07,-7.20294650591e-08,3.7514786527e-05,0.0
1630632818575403213,height,4,32,width,4,8,imag,2,2,0,3.214474782e-05,0.0,1.32504041517e-07,1.75669313762e-07,4.80366786348e-08,-9.4845866272e-08,-1.10809594389e-07,-1.08257914633e-07,1.32504041517e-07,-1.75669313762e-07,3.58209908882e-05,0.0,1.71117036984e-07,-2.4475863114e-08,-5.73492080491e-08,-4.05838989082e-07,4.80366786348e-08,9.4845866272e-08,1.71117036984e-07,2.4475863114e-08,3.64830411854e-05,0.0,3.70444780629e-07,1.41018476896e-08,-1.10809594389e-07,1.08257914633e-07,-5.73492080491e-08,4.05838989082e-07,3.70444780629e-07,-1.41018476896e-08,3.75783529307e-05,0.0
1630632818736355033,height,4,32,width,4,8,imag,2,2,0,3.20117615047e-05,0.0,-7.10203593712e-08,5.13454345707e-08,-2.90963583893e-07,1.161572456e-07,-2.2053983173e-07,1.77876799512e-07,-7.10203593712e-08,-5.13454345707e-08,3.60365920642e-05,0.0,1.16542885564e-07,-9.58297121656e-08,3.16623641083e-07,-2.10812984847e-07,-2.90963583893e-07,-1.161572456e-07,1.16542885564e-07,9.58297121656e-08,3.66893145838e-05,0.0,1.1046593329e-07,2.5241882895e-07,-2.2053983173e-07,-1.77876799512e-07,3.16623641083e-07,2.10812984847e-07,1.1046593329e-07,-2.5241882895e-07,3.75860472559e-05,0.0
1630632818739078712,height,4,32,width,4,8,imag,2,2,0,3.19247701555e-05,0.0,-6.86688892415e-08,3.0180046906e-07,-1.0000849926e-07,8.95275675816e-08,6.90607748766e-08,-7.27342381879e-08,-6.86688892415e-08,-3.0180046906e-07,3.57735152647e-05,0.0,7.29676727929e-08,-1.32907857164e-07,-3.28994360643e-08,1.7439020894e-07,-1.0000849926e-07,-8.95275675816e-08,7.29676727929e-08,1.32907857164e-07,3.67716420442e-05,0.0,1.48116015453e-07,7.2045423849e-08,6.90607748766e-08,7.27342381879e-08,-3.28994360643e-08,-1.7439020894e-07,1.48116015453e-07,-7.2045423849e-08,3.7424670154e-05,0.0
1630632818765491331,height,4,32,width,4,8,imag,2,2,0,3.18570309901e-05,0.0,-1.05281046103e-07,-2.22636575842e-08,-2.86994350063e-07,-6.21750260166e-08,-1.31494388711e-07,-1.31861909836e-07,-1.05281046103e-07,2.22636575842e-08,3.60462217941e-05,0.0,1.60546349548e-07,1.05225929303e-07,9.55090655452e-08,7.25772721921e-08,-2.86994350063e-07,6.21750260166e-08,1.60546349548e-07,-1.05225929303e-07,3.65049745596e-05,0.0,1.60334053589e-07,7.59889857704e-08,-1.31494388711e-07,1.31861909836e-07,9.55090655452e-08,-7.25772721921e-08,1.60334053589e-07,-7.59889857704e-08,3.73035290977e-05,0.0
1630632818904388856,height,4,32,width,4,8,imag,2,2,0,3.17834819725e-05,0.0,6.02817422646e-08,-2.07399338592e-07,-8.0336654662e-08,-4.64334775074e-08,-9.73926006509e-08,9.08756163653e-08,6.02817422646e-08,2.07399338592e-07,3.60854137398e-05,0.0,7.03842530925e-08,3.61495970935e-08,2.65350053041e-07,3.13071240043e-08,-8.0336654662e-08,4.64334775074e-08,7.03842530925e-08,-3.61495970935e-08,3.64526640624e-05,0.0,3.54321713303e-07,7.82845788194e-08,-9.73926006509e-08,-9.08756163653e-08,2.65350053041e-07,-3.13071240043e-08,3.54321713303e-07,-7.82845788194e-08,3.74096780433e-05,0.0
1630632818923471858,height,4,32,width,4,8,imag,2,2,0,3.21025872836e-05,0.0,-2.34149140965e-07,1.28859937831e-07,-1.79273897061e-07,9.44827718286e-08,2.0637200393e-08,1.83268909382e-07,-2.34149140965e-07,-1.28859937831e-07,3.61970851372e-05,0.0,-1.15240389675e-07,-2.23088903795e-07,-1.04361426168e-07,-2.39985411099e-07,-1.79273897061e-07,-9.44827718286e-08,-1.15240389675e-07,2.23088903795e-07,3.64726947737e-05,0.0,6.35549668004e-07,3.19245629044e-07,2.0637200393e-08,-1.83268909382e-07,-1.04361426168e-07,2.39985411099e-07,6.35549668004e-07,-3.19245629044e-07,3.70417837985e-05,0.0
1630632819030924652,height,4,32,width,4,8,imag,2,2,0,3.22169362335e-05,0.0,-2.70528950352e-08,-2.29753339909e-07,-9.26755916453e-08,-7.91034580061e-08,2.62275481333e-08,9.34356378934e-08,-2.70528950352e-08,2.29753339909e-07,3.60049198207e-05,0.0,-2.90721224872e-08,-3.55763660309e-07,2.3415039152e-07,8.53020480918e-08,-9.26755916453e-08,7.91034580061e-08,-2.90721224872e-08,3.55763660309e-07,3.62686187145e-05,0.0,5.09286280703e-07,2.23595876037e-07,2.62275481333e-08,-9.34356378934e-08,2.3415039152e-07,-8.53020480918e-08,5.09286280703e-07,-2.23595876037e-07,3.74728333554e-05,0.0
1630632819069462726,height,4,32,width,4,8,imag,2,2,0,3.19422724715e-05,0.0,1.65303418953e-07,-1.43096769989e-07,-1.31279421112e-07,-1.04494951358e-07,9.77964376148e-08,-9.46030951354e-08,1.65303418953e-07,1.43096769989e-07,3.57434801117e-05,0.0,-4.69284024973e-08,1.2991219478e-07,6.83478020846e-08,-1.21480866255e-07,-1.31279421112e-07,1.04494951358e-07,-4.69284024973e-08,-1.2991219478e-07,3.61782149412e-05,0.0,2.29474849789e-07,3.61834935347e-07,9.77964376148e-08,9.46030951354e-08,6.83478020846e-08,1.21480866255e-07,2.29474849789e-07,-3.61834935347e-07,3.74601186195e-05,0.0
1630632819089544125,height,4,32,width,4,8,imag,2,2,0,3.21475490637e-05,0.0,-8.0070215347e-08,-8.5574043851e-08,-1.35166828841e-07,2.28104482858e-07,6.7877678589e-08,1.37308759918e-07,-8.0070215347e-08,8.5574043851e-08,3.60399353667e-05,0.0,-1.25759726188e-07,-2.54427789059e-07,-7.84430156386e-08,5.31097583689e-08,-1.35166828841e-07,-2.28104482858e-07,-1.25759726188e-07,2.54427789059e-07,3.63356084563e-05,0.0,4.31124078659e-08,6.4677060152e-08,6.7877678589e-08,-1.37308759918e-07,-7.84430156386e-08,-5.31097583689e-08,4.31124078659e-08,-6.4677060152e-08,3.73292787117e-05,0.0
1630632819229114328,height,4,32,width,4,8,imag,2,2,0,3.19548562402e-05,0.0,1.58426658459e-07,-3.68906150072e-08,-1.43527117302e-07,-1.94273127363e-07,-4.20864552098e-08,-1.07924876147e-07,1.58426658459e-07,3.68906150072e-08,3.58138531737e-05,0.0,-1.01595887259e-08,-1.21383479268e-07,1.65801580465e-07,-7.36474063956e-08,-1.43527117302e-07,1.94273127363e-07,-1.01595887259e-08,1.21383479268e-07,3.62831196981e-05,0.0,5.12198923275e-08,2.35421865113e-07,-4.20864552098e-08,1.07924876147e-07,1.65801580465e-07,7.36474063956e-08,5.12198923275e-08,-2.35421865113e-07,3.73332877643e-05,0.0
1630632819262654455,height,4,32,width,4,8,imag,2,2,0,3.19178434438e-05,0.0,7.88159013609e-08,1.79929067201e-08,-6.55325962384e-08,-3.25498454856e-08,2.19267359824e-08,1.15639245735e-07,7.88159013609e-08,-1.79929067201e-08,3.62583778042e-05,0.0,6.91091130989e-08,-2.64624109292e-08,-8.14888210243e-08,2.32769519215e-08,-6.55325962384e-08,3.25498454856e-08,6.91091130989e-08,2.64624109292e-08,3.65245396097e-05,0.0,4.16035106809e-07,1.51268565673e-07,2.19267359824e-08,-1.15639245735e-07,-8.14888210243e-08,-2.32769519215e-08,4.16035106809e-07,-1.51268565673e-07,3.7096800952e-05,0.0
1630632819298646045,height,4,32,width,4,8,imag,2,2,0,3.19571918226e-05,0.0,2.96448554593e-08,1.15704956727e-08,-1.39378471431e-07,-8.48319317015e-08,-2.00544619133e-07,-8.21933667794e-08,2.96448554593e-08,-1.15704956727e-08,3.59957994078e-05,0.0,-8.86743336537e-08,-1.63941180631e-07,8.7610381172e-08,7.82710998237e-08,-1.39378471431e-07,8.48319317015e-08,-8.86743336537e-08,1.63941180631e-07,3.667897181e-05,0.0,4.72159058518e-07,1.36211838253e-07,-2.00544619133e-07,8.21933667794e-08,8.7610381172e-08,-7.82710998237e-08,4.72159058518e-07,-1.36211838253e-07,3.70131019736e-05,0.0
1630632819395577884,height,4,32,width,4,8,imag,2,2,0,3.19434948324e-05,0.0,1.54174088607e-07,2.3548598449e-07,7.60447633752e-08,9.11443720497e-08,-1.62431447848e-07,-2.07195228086e-07,1.54174088607e-07,-2.3548598449e-07,3.59749610652e-05,0.0,-3.37764873848e-07,6.64287753693e-08,6.22220213131e-08,3.48248399007e-08,7.60447633752e-08,-9.11443720497e-08,-3.37764873848e-07,-6.64287753693e-08,3.6517787521e-05,0.0,5.42941336334e-07,1.37148234103e-07,-1.62431447848e-07,2.07195228086e-07,6.22220213131e-08,-3.48248399007e-08,5.42941336334e-07,-1.37148234103e-07,3.72604299628e-05,0.0
1630632819457062349,height,4,32,width,4,8,imag,2,2,0,3.20421131619e-05,0.0,3.24266835605e-08,-8.2847876115e-08,-1.91258664017e-07,4.60074183195e-08,1.20163448969e-07,5.57918937716e-08,3.24266835605e-08,8.2847876115e-08,3.61949278158e-05,0.0,-4.24886659189e-09,9.80620384894e-08,-1.17995533344e-07,-9.68352225073e-08,-1.91258664017e-07,-4.60074183195e-08,-4.24886659189e-09,-9.80620384894e-08,3.59987279808e-05,0.0,1.64893663168e-07,-2.82936731821e-08,1.20163448969e-07,-5.57918937716e-08,-1.17995533344e-07,9.68352225073e-08,1.64893663168e-07,2.82936731821e-08,3.73395632778e-05,0.0
1630632819555321819,height,4,32,width,4,8,imag,2,2,0,3.18106758641e-05,0.0,1.11269295999e-08,-1.46452251215e-07,-2.47175705681e-07,-1.5368965478e-07,-1.51589674147e-07,1.27783451376e-07,1.11269295999e-08,1.46452251215e-07,3.62174541806e-05,0.0,-2.5112562696e-08,-3.29036680569e-07,-4.59078179915e-08,1.45412613506e-07,-2.47175705681e-07,1.5368965478e-07,-2.5112562696e-08,3.29036680569e-07,3.5936369386e-05,0.0,1.91809576222e-07,1.09471663734e-07,-1.51589674147e-07,-1.27783451376e-07,-4.59078179915e-08,-1.45412613506e-07,1.91809576222e-07,-1.09471663734e-07,3.75775671273e-05,0.0
1630632819563892279,height,4,32,width,4,8,imag,2,2,0,3.21996594721e-05,0.0,-5.50871916971e-08,-8.9837053352e-09,-2.10154382785e-07,1.78241545967e-08,1.52779495721e-08,5.7336752235e-08,-5.50871916971e-08,8.9837053352e-09,3.62077262253e-05,0.0,-2.82090525161e-07,-1.24087364384e-07,-9.13028230798e-08,6.37081285504e-08,-2.10154382785e-07,-1.78241545967e-08,-2.82090525161e-07,1.24087364384e-07,3.65475789295e-05,0.0,2.88995209985e-07,-1.06346931261e-08,1.52779495721e-08,-5.7336752235e-08,-9.13028230798e-08,-6.37081285504e-08,2.88995209985e-07,1.06346931261e-08,3.71442729374e-05,0.0
1630632819718695271,height,4,32,width,4,8,imag,2,2,0,3.21639090544e-05,0.0,1.21915121554e-07,1.49552619177e-07,-2.79565419703e-08,8.77798100873e-08,-7.11253136387e-08,-3.83452203323e-08,1.21915121554e-07,-1.49552619177e-07,3.5767123336e-05,0.0,-2.09843022958e-07,-1.5527048447e-07,-1.46543570168e-07,-2.39002115876e-08,-2.79565419703e-08,-8.77798100873e-08,-2.09843022958e-07,1.5527048447e-07,3.68450273527e-05,0.0,7.89520768762e-08,2.62537298568e-08,-7.11253136387e-08,3.83452203323e-08,-1.46543570168e-07,2.39002115876e-08,7.89520768762e-08,-2.62537298568e-08,3.75915515178e-05,0.0
1630632819719172214,height,4,32,width,4,8,imag,2,2,0,3.18609272654e-05,0.0,1.04990816041e-08,-1.44216429021e-07,1.02752082398e-08,-6.10660322309e-08,-2.10703888115e-07,7.61084848477e-08,1.04990816041e-08,1.44216429021e-07,3.592916255e-05,0.0,2.02858487341e-07,-3.18805575716e-07,-4.52646524707e-08,-1.35552824077e-07,1.02752082398e-08,6.10660322309e-08,2.02858487341e-07,3.18805575716e-07,3.62586142728e-05,0.0,1.32733717351e-07,4.66347103156e-08,-2.10703888115e-07,-7.61084848477e-08,-4.52646524707e-08,1.35552824077e-07,1.32733717351e-07,-4.66347103156e-08,3.71257119696e-05,0.0
1630632819830765569,height,4,32,width,4,8,imag,2,2,0,3.20935105265e-05,0.0,-1.37514168941e-08,5.3397588573e-08,4.28833812904e-09,2.66300066443e-08,-4.21209698231e-08,-2.73856016975e-07,-1.37514168941e-08,-5.3397588573e-08,3.61285347026e-05,0.0,1.47527018157e-07,-1.11542043157e-07,6.06870571573e-08,-9.29702892449e-09,4.28833812904e-09,-2.66300066443e-08,1.47527018157e-07,1.11542043157e-07,3.6856472434e-05,0.0,1.07436719077e-07,-1.81285798817e-07,-4.21209698231e-08,2.73856016975e-07,6.06870571573e-08,9.29702892449e-09,1.07436719077e-07,1.81285798817e-07,3.73080947611e-05,0.0
1630632819881068171,height,4,32,width,4,8,imag,2,2,0,3.1993004086e-05,0.0,1.07425421447e-07,-1.68267604295e-07,1.04629201303e-07,7.28349931478e-08,-3.7461255431e-08,-9.41894242601e-08,1.07425421447e-07,1.68267604295e-07,3.61175661965e-05,0.0,-3.79452413934e-10,-1.87309566968e-07,-6.36725800973e-08,-7.13977783562e-08,1.04629201303e-07,-7.28349931478e-08,-3.79452413934e-10,1.87309566968e-07,3.63470353477e-05,0.0,3.65373693967e-07,2.58928054109e-07,-3.7461255431e-08,9.41894242601e-08,-6.36725800973e-08,7.13977783562e-08,3.65373693967e-07,-2.58928054109e-07,3.70922025468e-05,0.0
1630632819985697465,height,4,32,width,4,8,imag,2,2,0,3.20122126141e-05,0.0,8.39722389401e-08,-6.95092694514e-08,-6.18694855348e-08,-6.53924985272e-08,-3.74556954341e-08,1.81457821213e-07,8.39722389401e-08,6.95092694514e-08,3.59835248673e-05,0.0,3.71208237482e-08,6.13096844404e-08,7.69893802044e-08,2.19208757812e-07,-6.18694855348e-08,6.53924985272e-08,3.71208237482e-08,-6.13096844404e-08,3.66766726074e-05,0.0,2.60081606029e-07,1.61468733495e-07,-3.74556954341e-08,-1.81457821213e-07,7.69893802044e-08,-2.19208757812e-07,2.60081606029e-07,-1.61468733495e-07,3.68864457414e-05,0.0
1630632820045688896,height,4,32,width,4,8,imag,2,2,0,0.00185094878543,0.0,0.0210763830692,-0.0109069002792,0.0217894706875,-0.00776728754863,-0.0124526722357,0.0245868973434,0.0210763830692,0.0109069002792,0.317569702864,0.0,0.303619533777,0.0412097349763,-0.2927736938,0.212968692183,0.0217894706875,0.00776728754863,0.303619533777,-0.0412097349763,0.297265529633,0.0,-0.254137814045,0.242325678468,-0.0124526722357,-0.0245868973434,-0.2927736938,-0.212968692183,-0.254137814045,-0.242325678468,0.423575788736,0.0
1630632820103897703,height,4,32,width,4,8,imag,2,2,0,3.19139435305e-05,0.0,-1.98631440185e-07,-2.60994905688e-08,4.18448102835e-08,1.4797647907e-07,-3.0454648936e-07,4.73114258881e-09,-1.98631440185e-07,2.60994905688e-08,3.59632140317e-05,0.0,3.57894549552e-07,1.5498899586e-07,1.70418845702e-10,-6.8203391379e-08,4.18448102835e-08,-1.4797647907e-07,3.57894549552e-07,-1.5498899586e-07,3.63853214367e-05,0.0,2.16217486582e-07,9.09337174448e-08,-3.0454648936e-07,-4.73114258881e-09,1.70418845702e-10,6.8203391379e-08,2.16217486582e-07,-9.09337174448e-08,3.73767652491e-05,0.0
1630632820210095689,height,4,32,width,4,8,imag,2,2,0,0.00210148678161,0.0,0.0240995101631,-0.0121969766915,0.0248406790197,-0.00863331649452,-0.0140182627365,0.0280323270708,0.0240995101631,0.0121969766915,0.36103066802,0.0,0.3451141119,0.0465377159417,-0.329213917255,0.246418103576,0.0248406790197,0.00863331649452,0.3451141119,-0.0465377159417,0.337592810392,0.0,-0.284835249186,0.278739273548,-0.0140182627365,-0.0280323270708,-0.329213917255,-0.246418103576,-0.284835249186,-0.278739273548,0.481365948915,0.0
1630632820261313105,height,4,32,width,4,8,imag,2,2,0,3.20435428875e-05,0.0,1.34939753593e-07,2.55054345644e-07,-7.95522581143e-08,8.85954349883e-08,-3.54678100223e-08,-2.27662617647e-08,1.34939753593e-07,-2.55054345644e-07,3.60925187124e-05,0.0,1.36250662308e-07,-1.49153773776e-08,4.49530155322e-08,6.4680335754e-08,-7.95522581143e-08,-8.85954349883e-08,1.36250662308e-07,1.49153773776e-08,3.65194719052e-05,0.0,1.78316483357e-07,3.78647030175e-07,-3.54678100223e-08,2.27662617647e-08,4.49530155322e-08,-6.4680335754e-08,1.78316483357e-07,-3.78647030175e-07,3.77908327209e-05,0.0
1630632820274865220,height,4,32,width,4,8,imag,2,2,0,3.18736274494e-05,0.0,1.3899921214e-07,3.96542105818e-08,1.1838693581e-07,3.76167754723e-08,1.51736415432e-07,5.30330659387e-08,1.3899921214e-07,-3.96542105818e-08,3.60117628588e-05,0.0,-1.35225874942e-07,-5.85843444867e-08,3.62456447078e-08,-9.17102571663e-09,1.1838693581e-07,-3.76167754723e-08,-1.35225874942e-07,5.85843444867e-08,3.63197577826e-05,0.0,3.50506780933e-07,-1.15015845736e-08,1.51736415432e-07,-5.30330659387e-08,3.62456447078e-08,9.17102571663e-09,3.50506780933e-07,1.15015845736e-08,3.73629809474e-05,0.0
1630632820378981855,height,4,32,width,4,8,imag,2,2,0,0.002118275268,0.0,0.0242360401899,-0.012341347523,0.0250173565,-0.00876056496054,-0.0141728706658,0.0282072033733,0.0242360401899,0.012341347523,0.363577634096,0.0,0.347564250231,0.0468491204083,-0.332766264677,0.247118711472,0.0250173565,0.00876056496054,0.347564250231,-0.0468491204083,0.340142130852,0.0,-0.288400501013,0.279958248138,-0.0141728706658,-0.0282072033733,-0.332766264677,-0.247118711472,-0.288400501013,-0.279958248138,0.484525412321,0.0
1630632820455429775,height,4,32,width,4,8,imag,2,2,0,3.20483995893e-05,0.0,-9.72764198082e-08,-1.83664525366e-07,-2.1920473614e-07,-1.46183069205e-07,7.60309148973e-08,-9.29250631998e-08,-9.72764198082e-08,1.83664525366e-07,3.58228244295e-05,0.0,-1.071810658e-07,-1.51225904688e-07,1.13974628846e-07,4.37982450308e-09,-2.1920473614e-07,1.46183069205e-07,-1.071810658e-07,1.51225904688e-07,3.64887455362e-05,0.0,-2.64428994257e-08,3.45581071315e-07,7.60309148973e-08,9.29250631998e-08,1.13974628846e-07,-4.37982450308e-09,-2.64428994257e-08,-3.45581071315e-07,3.74191440642e-05,0.0
1630632820525617467,height,4,32,width,4,8,imag,2,2,0,3.15351535392e-05,0.0,2.04328145514e-07,-6.32582839444e-08,-1.57408109658e-07,1.12528880436e-07,-1.57182569183e-07,1.56126233719e-07,2.04328145514e-07,6.32582839444e-08,3.55118900188e-05,0.0,-7.45291970361e-08,-1.55894952059e-07,-7.55604077085e-08,-1.720546976e-07,-1.57408109658e-07,-1.12528880436e-07,-7.45291970361e-08,1.55894952059e-07,3.62608298019e-05,0.0,2.1007515727e-07,9.56297512289e-08,-1.57182569183e-07,-1.56126233719e-07,-7.55604077085e-08,1.720546976e-07,2.1007515727e-07,-9.56297512289e-08,3.74242044927e-05,0.0
1630632820541795524,height,4,32,width,4,8,imag,2,2,0,0.00209876382723,0.0,0.0241056233644,-0.0121603216976,0.0248442981392,-0.00856863055378,-0.0142217036337,0.0279032625258,0.0241056233644,0.0121603216976,0.361573725939,0.0,0.345243871212,0.0469555929303,-0.331202864647,0.244714006782,0.0248442981392,0.00856863055378,0.345243871212,-0.0469555929303,0.337562352419,0.0,-0.286503911018,0.277473986149,-0.0142217036337,-0.0279032625258,-0.331202864647,-0.244714006782,-0.286503911018,-0.277473986149,0.481252402067,0.0
1630632820701508503,height,4,32,width,4,8,imag,2,2,0,3.19757491525e-05,0.0,-1.66935592461e-07,-1.53526286795e-07,8.07259539215e-08,1.37690525648e-08,-5.58823778363e-08,1.57987983584e-07,-1.66935592461e-07,1.53526286795e-07,3.59049918188e-05,0.0,4.59729889712e-08,1.49219431478e-07,-2.20990070687e-08,-5.86363917421e-08,8.07259539215e-08,-1.37690525648e-08,4.59729889712e-08,-1.49219431478e-07,3.61328529834e-05,0.0,6.80997800373e-08,2.01032705149e-07,-5.58823778363e-08,-1.57987983584e-07,-2.20990070687e-08,5.86363917421e-08,6.80997800373e-08,-2.01032705149e-07,3.71954811271e-05,0.0
1630632820743359836,height,4,32,width,4,8,imag,2,2,0,0.00211593555287,0.0,0.0242306496948,-0.0123127736151,0.0250006057322,-0.00875785760581,-0.0144182946533,0.0280855484307,0.0242306496948,0.0123127736151,0.363807022572,0.0,0.347769528627,0.0465834587812,-0.335020720959,0.244600981474,0.0250006057322,0.00875785760581,0.347769528627,-0.0465834587812,0.340294480324,0.0,-0.291084706783,0.277521878481,-0.0144182946533,-0.0280855484307,-0.335020720959,-0.244600981474,-0.291084706783,-0.277521878481,0.485014051199,0.0
1630632820801475997,height,4,32,width,4,8,imag,2,2,0,0.00185227813199,0.0,0.0210948977619,-0.0108887087554,0.0218055956066,-0.00774874910712,-0.0124837802723,0.0245843771845,0.0210948977619,0.0108887087554,0.317582130432,0.0,0.303636908531,0.0411954186857,-0.292769640684,0.212962925434,0.0218055956066,0.00774874910712,0.303636908531,-0.0411954186857,0.29728525877,0.0,-0.254157841206,0.242306858301,-0.0124837802723,-0.0245843771845,-0.292769640684,-0.212962925434,-0.254157841206,-0.242306858301,0.423551589251,0.0
1630632820876257578,height,4,32,width,4,8,imag,2,2,0,0.00210273871198,0.0,0.0240947976708,-0.012219988741,0.0248410254717,-0.0086541203782,-0.0139974048361,0.0280542764813,0.0240947976708,0.012219988741,0.361010253429,0.0,0.345100820065,0.0465561933815,-0.329210281372,0.246394351125,0.0248410254717,0.0086541203782,0.345100820065,-0.0465561933815,0.337593913078,0.0,-0.284836053848,0.278746068478,-0.0139974048361,-0.0280542764813,-0.329210281372,-0.246394351125,-0.284836053848,-0.278746068478,0.481366306543,0.0
1630632820923056543,height,4,32,width,4,8,imag,2,2,0,0.00208756839857,0.0,0.0238603539765,-0.0122762089595,0.0246341954917,-0.00873779784888,-0.014165988192,0.0277125257999,0.0238603539765,0.0122762089595,0.359155505896,0.0,0.343319237232,0.0463633164763,-0.331001460552,0.239860057831,0.0246341954917,0.00873779784888,0.343319237232,-0.0463633164763,0.335921674967,0.0,-0.287436366081,0.272787302732,-0.014165988192,-0.0277125257999,-0.331001460552,-0.239860057831,-0.287436366081,-0.272787302732,0.477923899889,0.0
1630632820965193130,height,4,32,width,4,8,imag,2,2,0,0.00210513034835,0.0,0.0240360237658,-0.0123441359028,0.0248057488352,-0.00881732068956,-0.0143160615116,0.0278812851757,0.0240360237658,0.0123441359028,0.361144721508,0.0,0.345241069794,0.046120621264,-0.333169013262,0.241019129753,0.0248057488352,0.00881732068956,0.345241069794,-0.046120621264,0.337747633457,0.0,-0.289820700884,0.273767709732,-0.0143160615116,-0.0278812851757,-0.333169013262,-0.241019129753,-0.289820700884,-0.273767709732,0.480631500483,0.0
1630632821018005649,height,4,32,width,4,8,imag,2,2,0,0.00210292008705,0.0,0.0240275431424,-0.0123304668814,0.0247973836958,-0.00880776066333,-0.0143183609471,0.0278634969145,0.0240275431424,0.0123304668814,0.361102700233,0.0,0.345236867666,0.0460886545479,-0.333152294159,0.24098533392,0.0247973836958,0.00880776066333,0.345236867666,-0.0460886545479,0.337770849466,0.0,-0.289856404066,0.273735761642,-0.0143183609471,-0.0278634969145,-0.333152294159,-0.24098533392,-0.289856404066,-0.273735761642,0.480615228415,0.0
1630632821107416097,height,4,32,width,4,8,imag,2,2,0,0.00212165014818,0.0,0.0242950990796,-0.0122089181095,0.0250537376851,-0.00866705924273,-0.0142264533788,0.0281693767756,0.0242950990796,0.0122089181095,0.362991690636,0.0,0.347131490707,0.0462760813534,-0.331352174282,0.247653782368,0.0250537376851,0.00866705924273,0.347131490707,-0.0462760813534,0.339754402637,0.0,-0.287451028824,0.27992990613,-0.0142264533788,-0.0281693767756,-0.331352174282,-0.247653782368,-0.287451028824,-0.27992990613,0.483435899019,0.0
1630632821163734489,height,4,32,width,4,8,imag,2,2,0,0.00209861970507,0.0,0.0240828581154,-0.0121920332313,0.0248303897679,-0.00859992019832,-0.0141807319596,0.0279165878892,0.0240828581154,0.0121920332313,0.361573517323,0.0,0.345258623362,0.0469503886998,-0.331163138151,0.244701430202,0.0248303897679,0.00859992019832,0.345258623362,-0.0469503886998,0.337592214346,0.0,-0.286486834288,0.277464181185,-0.0141807319596,-0.0279165878892,-0.331163138151,-0.244701430202,-0.286486834288,-0.277464181185,0.481173783541,0.0
1630632821189518850,height,4,32,width,4,8,imag,2,2,0,0.00209969072603,0.0,0.024116596207,-0.0121548157185,0.024853752926,-0.00856300722808,-0.0142343174666,0.0279093328863,0.024116596207,0.0121548157185,0.361566305161,0.0,0.345239490271,0.0469047054648,-0.331161379814,0.244747102261,0.024853752926,0.00856300722808,0.345239490271,-0.0469047054648,0.337550908327,0.0,-0.28650021553,0.277448624372,-0.0142343174666,-0.0279093328863,-0.331161379814,-0.244747102261,-0.28650021553,-0.277448624372,0.481230229139,0.0
1630632821263960386,height,4,32,width,4,8,imag,2,2,0,0.00186178623699,0.0,0.0212612617761,-0.0107730710879,0.0219086967409,-0.00772433169186,-0.0127028664574,0.0245837923139,0.0212612617761,0.0107730710879,0.318382978439,0.0,0.304581671953,0.0398231893778,-0.29328134656,0.213385045528,0.0219086967409,0.00772433169186,0.304581671953,-0.0398231893778,0.297981292009,0.0,-0.255729675293,0.241538926959,-0.0127028664574,-0.0245837923139,-0.29328134656,-0.213385045528,-0.255729675293,-0.241538926959,0.424305379391,0.0
1630632821351432312,height,4,32,width,4,8,imag,2,2,0,0.00212007411756,0.0,0.024253372103,-0.0123400017619,0.0250224508345,-0.00878133904189,-0.0144242607057,0.0281169638038,0.024253372103,0.0123400017619,0.363848865032,0.0,0.347771495581,0.0465626418591,-0.335046231747,0.244653746486,0.0250224508345,0.00878133904189,0.347771495581,-0.0465626418591,0.340249985456,0.0,-0.2910797894,0.27751749754,-0.0144242607057,-0.0281169638038,-0.335046231747,-0.244653746486,-0.2910797894,-0.27751749754,0.485078454018,0.0
1630632821410297751,height,4,32,width,4,8,imag,2,2,0,0.00211465917528,0.0,0.0242570210248,-0.0121912369505,0.0250129308552,-0.00865344237536,-0.0142042618245,0.0281182900071,0.0242570210248,0.0121912369505,0.363063037395,0.0,0.347145974636,0.0462969020009,-0.331402093172,0.24764315784,0.0250129308552,0.00865344237536,0.347145974636,-0.0462969020009,0.33972671628,0.0,-0.287449747324,0.279906332493,-0.0142042618245,-0.0281182900071,-0.331402093172,-0.24764315784,-0.287449747324,-0.279906332493,0.483433187008,0.0
1630632821431574675,height,4,32,width,4,8,imag,2,2,0,3.22833584505e-05,0.0,-5.36204112223e-08,-7.92753667156e-08,7.13311507639e-08,2.03817585032e-08,-9.39206969974e-08,-1.37593190175e-07,-5.36204112223e-08,7.92753667156e-08,3.62144783139e-05,0.0,-1.24635349152e-07,-3.18799919796e-08,1.17589067372e-07,-2.41941677359e-07,7.13311507639e-08,-2.03817585032e-08,-1.24635349152e-07,3.18799919796e-08,3.65984524251e-05,0.0,3.59276782547e-07,1.73622410671e-07,-9.39206969974e-08,1.37593190175e-07,1.17589067372e-07,2.41941677359e-07,3.59276782547e-07,-1.73622410671e-07,3.73667571694e-05,0.0
1630632821528604369,height,4,32,width,4,8,imag,2,2,0,0.00211885408498,0.0,0.0242882799357,-0.0121926432475,0.0250430479646,-0.00865293201059,-0.0142357861623,0.028141733259,0.0242882799357,0.0121926432475,0.363042682409,0.0,0.347154259682,0.0462925881147,-0.331430763006,0.247604340315,0.0250430479646,0.00865293201059,0.347154259682,-0.0462925881147,0.339754372835,0.0,-0.287502497435,0.2798871696,-0.0142357861623,-0.028141733259,-0.331430763006,-0.247604340315,-0.287502497435,-0.2798871696,0.483449339867,0.0
1630632821627349621,height,4,32,width,4,8,imag,2,2,0,0.00210194499232,0.0,0.0240534245968,-0.012264277786,0.0247956179082,-0.00880300905555,-0.0144094778225,0.0278157051653,0.0240534245968,0.012264277786,0.360792428255,0.0,0.345301866531,0.0452373698354,-0.333169817924,0.240489631891,0.0247956179082,0.00880300905555,0.345301866531,-0.0452373698354,0.337870329618,0.0,-0.290686488152,0.272708624601,-0.0144094778225,-0.0278157051653,-0.333169817924,-0.240489631891,-0.290686488152,-0.272708624601,0.480397671461,0.0
1630632821654078002,height,4,32,width,4,8,imag,2,2,0,3.22788691847e-05,0.0,-1.73354681721e-08,-5.45931726492e-08,2.78707375401e-07,-1.82961997552e-07,9.23313976386e-08,-4.153517974e-09,-1.73354681721e-08,5.45931726492e-08,3.58506549674e-05,0.0,1.40625033396e-07,-1.47678278495e-07,1.06779944886e-08,-1.16753682278e-07,2.78707375401e-07,1.82961997552e-07,1.40625033396e-07,1.47678278495e-07,3.66402236978e-05,0.0,3.97438924438e-07,-9.67836157884e-08,9.23313976386e-08,4.153517974e-09,1.06779944886e-08,1.16753682278e-07,3.97438924438e-07,9.67836157884e-08,3.72299837181e-05,0.0
1630632821685344535,height,4,32,width,4,8,imag,2,2,0,0.00210099923424,0.0,0.0240677818656,-0.0122265703976,0.0248028691858,-0.00876521877944,-0.0144448615611,0.0277816075832,0.0240677818656,0.0122265703976,0.36083304882,0.0,0.345339804888,0.0452343896031,-0.333194106817,0.240517824888,0.0248028691858,0.00876521877944,0.345339804888,-0.0452343896031,0.337904959917,0.0,-0.290710061789,0.272722065449,-0.0144448615611,-0.0277816075832,-0.333194106817,-0.240517824888,-0.290710061789,-0.272722065449,0.480430811644,0.0
1630632821795856108,height,4,32,width,4,8,imag,2,2,0,3.20060607919e-05,0.0,1.58796879646e-07,1.34793694428e-07,-4.94087295522e-08,-1.22962608984e-08,-5.05503692239e-07,-1.101919338e-07,1.58796879646e-07,-1.34793694428e-07,3.58941106242e-05,0.0,-1.11965469785e-07,-2.38017463516e-08,1.25217837876e-07,4.81128417107e-08,-4.94087295522e-08,1.22962608984e-08,-1.11965469785e-07,2.38017463516e-08,3.64271254512e-05,0.0,3.24967970755e-07,1.64865539887e-07,-5.05503692239e-07,1.101919338e-07,1.25217837876e-07,-4.81128417107e-08,3.24967970755e-07,-1.64865539887e-07,3.7435489503e-05,0.0
1630632821824436651,height,4,32,width,4,8,imag,2,2,0,3.21905026794e-05,0.0,-7.34495060328e-08,-2.23932175913e-07,-1.91916136316e-08,-5.7100649542e-08,-1.46838502246e-07,2.98374658314e-08,-7.34495060328e-08,2.23932175913e-07,3.5662757e-05,0.0,4.63048372978e-08,-1.4202205989e-07,-6.63261845446e-09,-1.25588456967e-07,-1.91916136316e-08,5.7100649542e-08,4.63048372978e-08,1.4202205989e-07,3.64850820915e-05,0.0,3.35791483508e-08,-8.99824428302e-08,-1.46838502246e-07,-2.98374658314e-08,-6.63261845446e-09,1.25588456967e-07,3.35791483508e-08,8.99824428302e-08,3.72485264961e-05,0.0
1630632821877641589,height,4,32,width,4,8,imag,2,2,0,0.00185645534657,0.0,0.0212209559977,-0.0107637643814,0.0218698382378,-0.00771976541728,-0.0126773556694,0.0245437752455,0.0212209559977,0.0107637643814,0.318363755941,0.0,0.304550379515,0.0398294776678,-0.293295830488,0.213340073824,0.0218698382378,0.00771976541728,0.304550379515,-0.0398294776678,0.297946363688,0.0,-0.25573527813,0.241492092609,-0.0126773556694,-0.0245437752455,-0.293295830488,-0.213340073824,-0.25573527813,-0.241492092609,0.42429754138,0.0
1630632821951336397,height,4,32,width,4,8,imag,2,2,0,3.19574246532e-05,0.0,6.59141363712e-08,-7.9160201949e-08,1.08548597666e-07,-6.1254944228e-08,6.15958128947e-08,-4.28253557061e-08,6.59141363712e-08,7.9160201949e-08,3.58040815627e-05,0.0,1.23396276308e-07,-7.32975777851e-08,-5.20945206972e-08,1.03077503866e-07,1.08548597666e-07,6.1254944228e-08,1.23396276308e-07,7.32975777851e-08,3.60994636139e-05,0.0,4.84249369492e-08,3.90922423321e-08,6.15958128947e-08,4.28253557061e-08,-5.20945206972e-08,-1.03077503866e-07,4.84249369492e-08,-3.90922423321e-08,3.74865630874e-05,0.0
1630632822069459659,height,4,32,width,4,8,imag,2,2,0,3.1916100852e-05,0.0,-1.69171542552e-07,1.62623592814e-07,-1.21408561427e-07,-1.38909342695e-07,-1.10344807069e-07,-1.13186366946e-07,-1.69171542552e-07,-1.62623592814e-07,3.63659564755e-05,0.0,-1.66990503203e-07,-9.18373359582e-08,2.28243280276e-07,-2.12872048877e-08,-1.21408561427e-07,1.38909342695e-07,-1.66990503203e-07,9.18373359582e-08,3.64859988622e-05,0.0,3.04900254378e-07,2.10102683695e-07,-1.10344807069e-07,1.13186366946e-07,2.28243280276e-07,2.12872048877e-08,3.04900254378e-07,-2.10102683695e-07,3.71637725038e-05,0.0
1630632822135331875,height,4,32,width,4,8,imag,2,2,0,3.20599538099e-05,0.0,1.41626770755e-07,-3.3061279936e-08,-8.9379931012e-08,1.12392164908e-07,-3.39584630638e-07,-8.59780371343e-08,1.41626770755e-07,3.3061279936e-08,3.5964705603e-05,0.0,3.90855667831e-08,-3.12455711082e-07,-3.27612887929e-08,-8.12812999129e-08,-8.9379931012e-08,-1.12392164908e-07,3.90855667831e-08,3.12455711082e-07,3.65342275472e-05,0.0,-1.04279031632e-07,1.40983829056e-07,-3.39584630638e-07,8.59780371343e-08,-3.27612887929e-08,8.12812999129e-08,-1.04279031632e-07,-1.40983829056e-07,3.73054790543e-05,0.0
1630632822152279705,height,4,32,width,4,8,imag,2,2,0,3.205376197e-05,0.0,-5.646278467e-08,-9.08611568207e-08,-5.9311631162e-08,-1.54447832301e-07,2.36586856772e-07,2.6328013103e-09,-5.646278467e-08,9.08611568207e-08,3.59433433914e-05,0.0,-2.4567901491e-08,-2.77621552414e-07,1.36353818903e-07,-8.45979499786e-08,-5.9311631162e-08,1.54447832301e-07,-2.4567901491e-08,2.77621552414e-07,3.6508696212e-05,0.0,8.23980599307e-08,3.58879432838e-08,2.36586856772e-07,-2.6328013103e-09,1.36353818903e-07,8.45979499786e-08,8.23980599307e-08,-3.58879432838e-08,3.70418529201e-05,0.0
1630632822312678348,height,4,32,width,4,8,imag,2,2,0,3.1971376302e-05,0.0,-1.11299350181e-07,1.14046045496e-07,2.51776324234e-08,-4.08457339063e-08,-1.14100153326e-07,1.00774904865e-07,-1.11299350181e-07,-1.14046045496e-07,3.57615608664e-05,0.0,4.1111011484e-08,-2.86231539803e-07,-1.37215367957e-08,-4.87782401137e-08,2.51776324234e-08,4.08457339063e-08,4.1111011484e-08,2.86231539803e-07,3.64927000192e-05,0.0,3.68886759361e-07,8.22766850206e-08,-1.14100153326e-07,-1.00774904865e-07,-1.37215367957e-08,4.87782401137e-08,3.68886759361e-07,-8.22766850206e-08,3.72987487935e-05,0.0
1630632822331785862,height,4,32,width,4,8,imag,2,2,0,3.23903004755e-05,0.0,-1.70829139279e-07,2.31414432506e-07,-8.82068107444e-08,-2.8880393188e-08,2.12391029208e-08,-2.96845801273e-08,-1.70829139279e-07,-2.31414432506e-07,3.61255151802e-05,0.0,1.56790008532e-07,-3.19075354582e-07,6.19428774939e-08,-2.47081970883e-07,-8.82068107444e-08,2.8880393188e-08,1.56790008532e-07,3.19075354582e-07,3.70093403035e-05,0.0,3.34078578135e-07,-3.87920895406e-09,2.12391029208e-08,2.96845801273e-08,6.19428774939e-08,2.47081970883e-07,3.34078578135e-07,3.87920895406e-09,3.72363101633e-05,0.0
1630632822414521421,height,4,32,width,4,8,imag,2,2,0,3.1963463698e-05,0.0,7.92150984807e-08,6.01371539233e-08,-2.28922178991e-08,-1.0034743525e-07,-7.06861555955e-08,-1.04030853265e-07,7.92150984807e-08,-6.01371539233e-08,3.58346624125e-05,0.0,1.35851138339e-07,4.49969448368e-08,-6.61400250124e-08,1.08920573894e-07,-2.28922178991e-08,1.0034743525e-07,1.35851138339e-07,-4.49969448368e-08,3.65480955224e-05,0.0,3.90622204804e-07,1.39655668363e-07,-7.06861555955e-08,1.04030853265e-07,-6.61400250124e-08,-1.08920573894e-07,3.90622204804e-07,-1.39655668363e-07,3.72340364265e-05,0.0
1630632822490620275,height,4,32,width,4,8,imag,2,2,0,3.20232393278e-05,0.0,6.25555713896e-08,-1.18632051738e-07,1.28246560038e-08,-7.47253494637e-08,-2.97888419709e-07,2.52282426061e-08,6.25555713896e-08,1.18632051738e-07,3.57603021257e-05,0.0,-1.83861828873e-07,-1.47324612954e-07,2.12673452182e-08,2.73168172527e-08,1.28246560038e-08,7.47253494637e-08,-1.83861828873e-07,1.47324612954e-07,3.66459280485e-05,0.0,4.08325178114e-07,4.78024126949e-08,-2.97888419709e-07,-2.52282426061e-08,2.12673452182e-08,-2.73168172527e-08,4.08325178114e-07,-4.78024126949e-08,3.76007337763e-05,0.0
1630632822522863789,height,4,32,width,4,8,imag,2,2,0,3.20470062434e-05,0.0,1.02846925643e-07,-1.19922788144e-07,1.36301821385e-07,-1.12871054725e-08,2.52813009638e-07,5.75943595038e-08,1.02846925643e-07,1.19922788144e-07,3.61627535312e-05,0.0,6.4020930779e-08,-1.7115104356e-07,4.96433365527e-08,9.31782224711e-08,1.36301821385e-07,1.12871054725e-08,6.4020930779e-08,1.7115104356e-07,3.64254992746e-05,0.0,2.44192364107e-07,-8.12104943293e-08,2.52813009638e-07,-5.75943595038e-08,4.96433365527e-08,-9.31782224711e-08,2.44192364107e-07,8.12104943293e-08,3.74049486709e-05,0.0
1630632822657336243,height,4,32,width,4,8,imag,2,2,0,3.19172431773e-05,0.0,7.69177965765e-09,5.28512416054e-08,-1.3231954199e-07,8.93574423344e-08,7.04555702669e-08,-1.66905593346e-07,7.69177965765e-09,-5.28512416054e-08,3.57864846592e-05,0.0,3.27567818204e-07,1.23065589719e-07,-1.23258573126e-07,-1.91381474224e-07,-1.3231954199e-07,-8.93574423344e-08,3.27567818204e-07,-1.23065589719e-07,3.68018190784e-05,0.0,3.41516681601e-07,-4.25411208482e-08,7.04555702669e-08,1.66905593346e-07,-1.23258573126e-07,1.91381474224e-07,3.41516681601e-07,4.25411208482e-08,3.70630950783e-05,0.0
1630632822683656791,height,4,32,width,4,8,imag,2,2,0,3.18813945341e-05,0.0,1.06843565106e-08,-8.51803747537e-08,-1.7722601342e-07,3.45460904327e-08,-3.85123222202e-08,-3.48628788061e-08,1.06843565106e-08,8.51803747537e-08,3.61020574928e-05,0.0,-8.35404421196e-08,-5.95653695257e-08,-3.46155921704e-08,1.77076060481e-07,-1.7722601342e-07,-3.45460904327e-08,-8.35404421196e-08,5.95653695257e-08,3.66112799384e-05,0.0,4.78813603877e-07,2.22731998178e-07,-3.85123222202e-08,3.48628788061e-08,-3.46155921704e-08,-1.77076060481e-07,4.78813603877e-07,-2.22731998178e-07,3.73581860913e-05,0.0
1630632822741346237,height,4,32,width,4,8,imag,2,2,0,3.20644576277e-05,0.0,2.43106910602e-07,-1.87570293519e-07,-6.35701695728e-08,1.72262559772e-07,-7.33895575422e-08,1.65409403508e-07,2.43106910602e-07,1.87570293519e-07,3.60042940883e-05,0.0,7.96287622506e-08,-2.30328911499e-08,1.10006297405e-07,1.02647540245e-07,-6.35701695728e-08,-1.72262559772e-07,7.96287622506e-08,2.30328911499e-08,3.67913271475e-05,0.0,4.3740323008e-07,1.26994109451e-07,-7.33895575422e-08,-1.65409403508e-07,1.10006297405e-07,-1.02647540245e-07,4.3740323008e-07,-1.26994109451e-07,3.74576920876e-05,0.0
1630632822889858527,height,4,32,width,4,8,imag,2,2,0,3.19848440995e-05,0.0,-1.25491510516e-07,-9.910701948e-08,2.79007768e-08,-5.87953188358e-08,-1.65753817782e-07,-7.38364647201e-10,-1.25491510516e-07,9.910701948e-08,3.62491300621e-05,0.0,1.66454455552e-07,4.72962717879e-08,2.47551895427e-07,1.51075127519e-07,2.79007768e-08,5.87953188358e-08,1.66454455552e-07,-4.72962717879e-08,3.65051237168e-05,0.0,2.88662590719e-07,1.05067982759e-07,-1.65753817782e-07,7.38364647201e-10,2.47551895427e-07,-1.51075127519e-07,2.88662590719e-07,-1.05067982759e-07,3.76483330911e-05,0.0
1630632822894009308,height,4,32,width,4,8,imag,2,2,0,3.1847765058e-05,0.0,2.35590658093e-08,-1.82935462334e-08,1.21013030707e-07,2.98906535079e-08,-2.17692146975e-07,-2.15776324808e-07,2.35590658093e-08,1.82935462334e-08,3.60771155101e-05,0.0,1.27693382979e-07,-1.49788647263e-07,-1.78395769268e-08,4.69094239008e-08,1.21013030707e-07,-2.98906535079e-08,1.27693382979e-07,1.49788647263e-07,3.64033112419e-05,0.0,2.0127795608e-07,-5.52723875558e-08,-2.17692146975e-07,2.15776324808e-07,-1.78395769268e-08,-4.69094239008e-08,2.0127795608e-07,5.52723875558e-08,3.72745271306e-05,0.0
1630632822954973893,height,4,32,width,4,8,imag,2,2,0,3.20427971019e-05,0.0,9.04356554088e-08,1.74981920509e-07,-5.76430991828e-08,-1.57521128585e-07,1.51928844616e-07,-7.74932118475e-08,9.04356554088e-08,-1.74981920509e-07,3.59100085916e-05,0.0,1.51093701106e-07,-4.33202131944e-08,4.26449560109e-08,-3.95464994085e-08,-5.76430991828e-08,1.57521128585e-07,1.51093701106e-07,4.33202131944e-08,3.68381406588e-05,0.0,1.15055335925e-07,2.22899529945e-07,1.51928844616e-07,7.74932118475e-08,4.26449560109e-08,3.95464994085e-08,1.15055335925e-07,-2.22899529945e-07,3.71557580365e-05,0.0
1630632823044970654,height,4,32,width,4,8,imag,2,2,0,3.19940991176e-05,0.0,1.34674905894e-07,1.63594037872e-07,9.67435695998e-08,-5.71753382417e-08,1.17943443456e-07,-1.63095037919e-07,1.34674905894e-07,-1.63594037872e-07,3.59264631697e-05,0.0,-2.75561092167e-07,2.0087293251e-07,-5.58873924916e-09,-5.88761785991e-08,9.67435695998e-08,5.71753382417e-08,-2.75561092167e-07,-2.0087293251e-07,3.59581281373e-05,0.0,4.18401043589e-07,-1.12260792662e-07,1.17943443456e-07,1.63095037919e-07,-5.58873924916e-09,5.88761785991e-08,4.18401043589e-07,1.12260792662e-07,3.73843577108e-05,0.0
1630632823066294906,height,4,32,width,4,8,imag,2,2,0,3.2092906622e-05,0.0,2.60146126863e-08,2.04491090727e-08,-2.11506602454e-07,-5.76319010293e-08,-1.11926494739e-08,8.79482726646e-08,2.60146126863e-08,-2.04491090727e-08,3.56688215106e-05,0.0,2.93303230592e-07,-2.7127785529e-07,1.3097579199e-07,1.85334343428e-07,-2.11506602454e-07,5.76319010293e-08,2.93303230592e-07,2.7127785529e-07,3.62776263501e-05,0.0,1.19348158023e-07,-2.93826474262e-07,-1.11926494739e-08,-8.79482726646e-08,1.3097579199e-07,-1.85334343428e-07,1.19348158023e-07,2.93826474262e-07,3.73608709197e-05,0.0
1630632823224181645,height,4,32,width,4,8,imag,2,2,0,3.18631682603e-05,0.0,-1.51877117105e-07,2.16042309376e-07,1.66729989814e-07,7.84073179716e-08,2.48349664389e-07,-4.10183069732e-08,-1.51877117105e-07,-2.16042309376e-07,3.5909932194e-05,0.0,-1.94675084941e-08,-2.55952329553e-07,3.85980143847e-07,1.55992609052e-07,1.66729989814e-07,-7.84073179716e-08,-1.94675084941e-08,2.55952329553e-07,3.63914186892e-05,0.0,3.93793811782e-07,-2.46815631044e-07,2.48349664389e-07,4.10183069732e-08,3.85980143847e-07,-1.55992609052e-07,3.93793811782e-07,2.46815631044e-07,3.731103061e-05,0.0
1630632823224801283,height,4,32,width,4,8,imag,2,2,0,3.19585669786e-05,0.0,1.96334681846e-08,2.92032069638e-08,2.34259491805e-08,-9.20258713677e-08,1.28185000392e-08,-1.1031206526e-07,1.96334681846e-08,-2.92032069638e-08,3.59363293683e-05,0.0,-7.45654347156e-08,-2.50380224998e-07,-1.05572183884e-07,-1.08913745578e-07,2.34259491805e-08,9.20258713677e-08,-7.45654347156e-08,2.50380224998e-07,3.65812702512e-05,0.0,3.0651105476e-07,7.31700708911e-08,1.28185000392e-08,1.1031206526e-07,-1.05572183884e-07,1.08913745578e-07,3.0651105476e-07,-7.31700708911e-08,3.71527130483e-05,0.0
1630632823293359293,height,4,32,width,4,8,imag,2,2,0,3.17608100886e-05,0.0,-2.44945340455e-07,-9.09370498903e-08,-8.16965908257e-08,-2.66379117875e-07,-7.77515154482e-08,4.01387048043e-08,-2.44945340455e-07,9.09370498903e-08,3.60985068255e-05,0.0,4.1598241296e-07,6.0473418273e-08,-6.6561781864e-08,-3.98731359041e-08,-8.16965908257e-08,2.66379117875e-07,4.1598241296e-07,-6.0473418273e-08,3.66253298125e-05,0.0,2.32135121792e-07,1.28236372632e-08,-7.77515154482e-08,-4.01387048043e-08,-6.6561781864e-08,3.98731359041e-08,2.32135121792e-07,-1.28236372632e-08,3.72658978449e-05,0.0
1630632823372245753,height,4,32,width,4,8,imag,2,2,0,3.16373734677e-05,0.0,2.68238604662e-08,-2.50792453471e-08,-5.37396118716e-08,-6.49466898039e-08,-1.04936518142e-07,2.63132051259e-07,2.68238604662e-08,2.50792453471e-08,3.5952674807e-05,0.0,1.87253998973e-08,-8.63631832715e-09,-1.00534940373e-07,3.05660670108e-08,-5.37396118716e-08,6.49466898039e-08,1.87253998973e-08,8.63631832715e-09,3.65153609891e-05,0.0,3.74666171865e-07,-7.55349915948e-09,-1.04936518142e-07,-2.63132051259e-07,-1.00534940373e-07,-3.05660670108e-08,3.74666171865e-07,7.55349915948e-09,3.72356953449e-05,0.0
1630632823473474633,height,4,32,width,4,8,imag,2,2,0,3.22549021803e-05,0.0,1.4166441531e-07,-1.02689469372e-07,3.93993104808e-08,-4.07187492613e-08,-9.48634806264e-08,-3.06130480965e-08,1.4166441531e-07,1.02689469372e-07,3.57586613973e-05,0.0,-1.1925649801e-07,-1.8443721217e-07,1.26222887697e-09,-2.79449210439e-07,3.93993104808e-08,4.07187492613e-08,-1.1925649801e-07,1.8443721217e-07,3.66545245924e-05,0.0,2.73949780194e-07,-3.32255680746e-08,-9.48634806264e-08,3.06130480965e-08,1.26222887697e-09,2.79449210439e-07,2.73949780194e-07,3.32255680746e-08,3.76428906748e-05,0.0
1630632823490925164,height,4,32,width,4,8,imag,2,2,0,3.17932062899e-05,0.0,-2.00129957051e-08,-1.31526093128e-07,1.2274537653e-07,-1.01548423004e-07,-1.78219721647e-07,-1.5309957746e-07,-2.00129957051e-08,1.31526093128e-07,3.59127807315e-05,0.0,-6.30018277548e-08,7.51880264716e-08,4.98948473648e-08,-7.00318452118e-08,1.2274537653e-07,1.01548423004e-07,-6.30018277548e-08,-7.51880264716e-08,3.66347012459e-05,0.0,3.25196936046e-07,5.83029375889e-08,-1.78219721647e-07,1.5309957746e-07,4.98948473648e-08,7.00318452118e-08,3.25196936046e-07,-5.83029375889e-08,3.73055918317e-05,0.0
1630632823532126118,height,4,32,width,4,8,imag,2,2,0,3.15936085826e-05,0.0,1.41965841749e-07,-1.31931258807e-07,-1.20623127486e-07,-2.6714547019e-08,-1.43937157304e-07,2.03284372446e-07,1.41965841749e-07,1.31931258807e-07,3.56947239197e-05,0.0,-5.61485542505e-08,-3.16084189933e-08,-6.77261553506e-08,-1.09229716827e-07,-1.20623127486e-07,2.6714547019e-08,-5.61485542505e-08,3.16084189933e-08,3.65395389963e-05,0.0,3.43858204133e-07,-3.94862311737e-08,-1.43937157304e-07,-2.03284372446e-07,-6.77261553506e-08,1.09229716827e-07,3.43858204133e-07,3.94862311737e-08,3.73274378944e-05,0.0
1630632823677429416,height,4,32,width,4,8,imag,2,2,0,3.19097125612e-05,0.0,7.63377627777e-08,1.75579700112e-07,-9.99367486543e-08,8.12038294384e-08,1.73724288288e-07,-2.01443342007e-08,7.63377627777e-08,-1.75579700112e-07,3.5811575799e-05,0.0,-7.58956986147e-08,5.64320004059e-08,-4.46139480914e-08,-5.31543200566e-08,-9.99367486543e-08,-8.12038294384e-08,-7.58956986147e-08,-5.64320004059e-08,3.65358428098e-05,0.0,3.20802826081e-07,4.02773565611e-07,1.73724288288e-07,2.01443342007e-08,-4.46139480914e-08,5.31543200566e-08,3.20802826081e-07,-4.02773565611e-07,3.7038254959e-05,0.0
1630632823721379574,height,4,32,width,4,8,imag,2,2,0,3.18897727993e-05,0.0,-2.56884007399e-08,2.96657560739e-08,-3.38293006052e-07,-7.44135988384e-08,-5.38462963107e-08,-5.37872182349e-08,-2.56884007399e-08,-2.96657560739e-08,3.60762533091e-05,0.0,-2.60947219388e-09,-8.35091853446e-08,6.43452224836e-08,1.29255219861e-08,-3.38293006052e-07,7.44135988384e-08,-2.60947219388e-09,8.35091853446e-08,3.63026847481e-05,0.0,-1.27002524053e-08,3.43349562115e-08,-5.38462963107e-08,5.37872182349e-08,6.43452224836e-08,-1.29255219861e-08,-1.27002524053e-08,-3.43349562115e-08,3.72781360056e-05,0.0
1630632823761270126,height,4,32,width,4,8,imag,2,2,0,3.21985935443e-05,0.0,1.88256592537e-07,-6.01332885708e-08,1.80333081801e-08,-5.7913283058e-08,1.07612393663e-07,-7.46388479911e-08,1.88256592537e-07,6.01332885708e-08,3.5684028262e-05,0.0,-8.44239806952e-08,-2.37638062117e-07,8.6372111241e-08,1.00962871841e-07,1.80333081801e-08,5.7913283058e-08,-8.44239806952e-08,2.37638062117e-07,3.64228944818e-05,0.0,1.21207264669e-07,8.12622502622e-08,1.07612393663e-07,7.46388479911e-08,8.6372111241e-08,-1.00962871841e-07,1.21207264669e-07,-8.12622502622e-08,3.70860616385e-05,0.0
1630632823857252475,height,4,32,width,4,8,imag,2,2,0,3.19246573781e-05,0.0,-4.9596255991e-08,2.90264310365e-08,6.06666930025e-08,9.05836259335e-08,9.35445285677e-08,1.06106590181e-08,-4.9596255991e-08,-2.90264310365e-08,3.6098761484e-05,0.0,2.04686642746e-07,-1.03133054097e-07,1.72919726538e-07,1.21750503013e-07,6.06666930025e-08,-9.05836259335e-08,2.04686642746e-07,1.03133054097e-07,3.64607258234e-05,0.0,9.70991607119e-08,-5.30973203183e-08,9.35445285677e-08,-1.06106590181e-08,1.72919726538e-07,-1.21750503013e-07,9.70991607119e-08,5.30973203183e-08,3.7231890019e-05,0.0
1630632823905556634,height,4,32,width,4,8,imag,2,2,0,3.20493709296e-05,0.0,3.56811646895e-08,-1.58603214118e-07,1.38127802529e-07,2.75439418829e-07,2.0802728784e-07,-2.16754585836e-07,3.56811646895e-08,1.58603214118e-07,3.58013930963e-05,0.0,4.27056896513e-08,-5.82426764595e-08,-9.79585763616e-08,2.82685768127e-08,1.38127802529e-07,-2.75439418829e-07,4.27056896513e-08,5.82426764595e-08,3.64498628187e-05,0.0,3.5335384041e-07,-2.11021585983e-07,2.0802728784e-07,2.16754585836e-07,-9.79585763616e-08,-2.82685768127e-08,3.5335384041e-07,2.11021585983e-07,3.73070652131e-05,0.0
1630632824033706514,height,4,32,width,4,8,imag,2,2,0,3.200260835e-05,0.0,-1.44548394587e-07,-2.91724671087e-08,5.56289903031e-09,-2.06515238688e-07,-1.14251406558e-07,-2.06067056752e-07,-1.44548394587e-07,2.91724671087e-08,3.5979297536e-05,0.0,7.35055678547e-08,-1.51617513211e-07,1.82639254831e-07,-4.91449334561e-08,5.56289903031e-09,2.06515238688e-07,7.35055678547e-08,1.51617513211e-07,3.64434163203e-05,0.0,2.57591324271e-07,-6.60834444943e-08,-1.14251406558e-07,2.06067056752e-07,1.82639254831e-07,4.91449334561e-08,2.57591324271e-07,6.60834444943e-08,3.71304231521e-05,0.0
1630632824048795740,height,4,32,width,4,8,imag,2,2,0,3.21961924783e-05,0.0,1.80346091838e-07,-3.18077009176e-09,1.64031952465e-08,-8.58305355678e-08,-9.19716285352e-08,1.12645963668e-07,1.80346091838e-07,3.18077009176e-09,3.59774167009e-05,0.0,-5.68360150055e-08,-1.59688283929e-07,3.02113867257e-09,1.57631006914e-07,1.64031952465e-08,8.58305355678e-08,-5.68360150055e-08,1.59688283929e-07,3.65153136954e-05,0.0,1.68393910371e-07,2.08218125408e-07,-9.19716285352e-08,-1.12645963668e-07,3.02113867257e-09,-1.57631006914e-07,1.68393910371e-07,-2.08218125408e-07,3.70052657672e-05,0.0
1630632824070518183,height,4,32,width,4,8,imag,2,2,0,3.19668506563e-05,0.0,-3.62604239967e-08,1.12011342424e-07,-7.81661313454e-08,-1.93091466372e-07,-1.75773138267e-07,-1.44024127735e-07,-3.62604239967e-08,-1.12011342424e-07,3.59863661288e-05,0.0,-1.17347866535e-07,7.16902732734e-08,-1.42182059903e-07,-2.44172213115e-07,-7.81661313454e-08,1.93091466372e-07,-1.17347866535e-07,-7.16902732734e-08,3.68400651496e-05,0.0,3.42034951473e-07,2.43344373985e-07,-1.75773138267e-07,1.44024127735e-07,-1.42182059903e-07,2.44172213115e-07,3.42034951473e-07,-2.43344373985e-07,3.73190887331e-05,0.0
1630632824218751187,height,4,32,width,4,8,imag,2,2,0,3.19760329148e-05,0.0,1.39107836361e-08,2.22430799113e-07,-1.99959053759e-08,-7.88742298141e-08,8.00480250973e-08,-2.94427966452e-08,1.39107836361e-08,-2.22430799113e-07,3.59267869499e-05,0.0,1.67679644392e-07,-2.40632232362e-07,1.05668569006e-07,-1.12664572782e-07,-1.99959053759e-08,7.88742298141e-08,1.67679644392e-07,2.40632232362e-07,3.62327191397e-05,0.0,2.87058355752e-07,4.48400214736e-07,8.00480250973e-08,2.94427966452e-08,1.05668569006e-07,1.12664572782e-07,2.87058355752e-07,-4.48400214736e-07,3.72982867702e-05,0.0
1630632824281358416,height,4,32,width,4,8,imag,2,2,0,3.22031555697e-05,0.0,-1.33451706574e-07,1.54894991056e-07,-1.12333886193e-07,-2.4180252467e-07,4.2075489759e-09,-1.487532586e-07,-1.33451706574e-07,-1.54894991056e-07,3.61088023055e-05,0.0,4.13012948286e-08,-1.3072323668e-07,2.72249138789e-07,6.89491415073e-08,-1.12333886193e-07,2.4180252467e-07,4.13012948286e-08,1.3072323668e-07,3.6355391785e-05,0.0,2.87311223701e-07,-6.99307389773e-10,4.2075489759e-09,1.487532586e-07,2.72249138789e-07,-6.89491415073e-08,2.87311223701e-07,6.99307389773e-10,3.74707087758e-05,0.0
1630632824299623370,height,4,32,width,4,8,imag,2,2,0,3.2057880162e-05,0.0,5.88524109446e-08,3.83578147023e-08,1.13090791842e-07,-7.35448821843e-08,4.00056912042e-08,1.53975165063e-07,5.88524109446e-08,-3.83578147023e-08,3.57700482709e-05,0.0,1.35189480943e-07,-9.3388727862e-08,-2.21791474075e-08,5.68964075853e-08,1.13090791842e-07,7.35448821843e-08,1.35189480943e-07,9.3388727862e-08,3.63287399523e-05,0.0,4.23659201942e-07,8.60557349824e-08,4.00056912042e-08,-1.53975165063e-07,-2.21791474075e-08,-5.68964075853e-08,4.23659201942e-07,-8.60557349824e-08,3.7265195715e-05,0.0
1630632824437859014,height,4,32,width,4,8,imag,2,2,0,3.19963037327e-05,0.0,-1.56433017651e-07,-3.96541182113e-08,-1.33880902808e-07,4.19178540767e-08,-2.8064567914e-07,-2.48657698876e-07,-1.56433017651e-07,3.96541182113e-08,3.58471043e-05,0.0,2.87877554683e-07,1.97249050871e-07,1.35768573273e-07,-6.18581239564e-08,-1.33880902808e-07,-4.19178540767e-08,2.87877554683e-07,-1.97249050871e-07,3.64929255738e-05,0.0,1.63233437434e-07,3.41764689438e-07,-2.8064567914e-07,2.48657698876e-07,1.35768573273e-07,6.18581239564e-08,1.63233437434e-07,-3.41764689438e-07,3.74061819457e-05,0.0
1630632824470541707,height,4,32,width,4,8,imag,2,2,0,3.18500387948e-05,0.0,1.40105001378e-07,-2.38073774028e-08,-2.61235033605e-09,-6.6190828818e-08,3.15699488773e-09,-2.71260859108e-07,1.40105001378e-07,2.38073774028e-08,3.56844648195e-05,0.0,-6.31280769881e-08,-8.86251001475e-08,-1.02382642808e-07,-4.01606143896e-08,-2.61235033605e-09,6.6190828818e-08,-6.31280769881e-08,8.86251001475e-08,3.64230654668e-05,0.0,1.68904122688e-07,-2.96240845188e-08,3.15699488773e-09,2.71260859108e-07,-1.02382642808e-07,4.01606143896e-08,1.68904122688e-07,2.96240845188e-08,3.74865521735e-05,0.0
1630632824571006784,height,4,32,width,4,8,imag,2,2,0,3.18506245094e-05,0.0,-1.38995204679e-07,2.57070675858e-09,-7.49405799638e-08,1.14625997583e-08,-6.86628922608e-08,-3.84410654419e-08,-1.38995204679e-07,-2.57070675858e-09,3.60234480468e-05,0.0,2.16896836491e-07,-2.17154969562e-08,6.12050854443e-08,-7.35767144988e-08,-7.49405799638e-08,-1.14625997583e-08,2.16896836491e-07,2.17154969562e-08,3.66732929251e-05,0.0,1.72986403868e-07,2.22258691451e-07,-6.86628922608e-08,3.84410654419e-08,6.12050854443e-08,7.35767144988e-08,1.72986403868e-07,-2.22258691451e-07,3.73271359422e-05,0.0
1630632824633394828,height,4,32,width,4,8,imag,2,2,0,3.18608290399e-05,0.0,1.52567722012e-07,-2.62650825533e-08,-1.53686883664e-07,-1.85241873396e-07,-2.81374603617e-08,1.75917307388e-07,1.52567722012e-07,2.62650825533e-08,3.54299518222e-05,0.0,3.84755693972e-08,-4.46341896776e-09,3.91478138795e-08,-2.06289954008e-07,-1.53686883664e-07,1.85241873396e-07,3.84755693972e-08,4.46341896776e-09,3.64893712685e-05,0.0,2.09789121186e-07,1.01622421589e-09,-2.81374603617e-08,-1.75917307388e-07,3.91478138795e-08,2.06289954008e-07,2.09789121186e-07,-1.01622421589e-09,3.69291374227e-05,0.0
1630632824728563366,height,4,32,width,4,8,imag,2,2,0,3.20572289638e-05,0.0,-9.7599318849e-08,-7.41256211967e-09,-2.79476154219e-07,-6.38107948703e-08,-1.74846832124e-07,3.81689240214e-08,-9.7599318849e-08,7.41256211967e-09,3.60029916919e-05,0.0,1.81362295848e-07,-1.72230727458e-07,-6.50324309959e-08,5.25829584319e-08,-2.79476154219e-07,6.38107948703e-08,1.81362295848e-07,1.72230727458e-07,3.65411578969e-05,0.0,1.85632671901e-07,1.3331305837e-08,-1.74846832124e-07,-3.81689240214e-08,-6.50324309959e-08,-5.25829584319e-08,1.85632671901e-07,-1.3331305837e-08,3.74048322556e-05,0.0
1630632824790602461,height,4,32,width,4,8,imag,2,2,0,0.00136671890505,0.0,0.0154458414763,-0.00794056709856,0.0159230343997,-0.00547866104171,-0.00843559857458,0.01844076626,0.0154458414763,0.00794056709856,0.231819495559,0.0,0.220204979181,0.0318786650896,-0.20823712647,0.165543347597,0.0159230343997,0.00547866104171,0.220204979181,-0.0318786650896,0.214722156525,0.0,-0.176261425018,0.186234951019,-0.00843559857458,-0.01844076626,-0.20823712647,-0.165543347597,-0.176261425018,-0.186234951019,0.313094615936,0.0
1630632824843562978,height,4,32,width,4,8,imag,2,2,0,3.19637292705e-05,0.0,-7.64278311749e-08,5.67704390164e-08,-5.15317637451e-08,1.66160319282e-07,-1.33818730319e-07,-3.10720736252e-07,-7.64278311749e-08,-5.67704390164e-08,3.56634591299e-05,0.0,2.14865671921e-08,1.92870537319e-08,1.54657556095e-07,-3.24686482145e-07,-5.15317637451e-08,-1.66160319282e-07,2.14865671921e-08,-1.92870537319e-08,3.63830840797e-05,0.0,2.89026530709e-07,7.30718525688e-08,-1.33818730319e-07,3.10720736252e-07,1.54657556095e-07,3.24686482145e-07,2.89026530709e-07,-7.30718525688e-08,3.71078967873e-05,0.0
1630632824864974407,height,4,32,width,4,8,imag,2,2,0,0.00211638445035,0.0,0.0241893790662,-0.0123635204509,0.0249278116971,-0.00844825059175,-0.0132082020864,0.0288359839469,0.0241893790662,0.0123635204509,0.362477630377,0.0,0.344291538,0.0506633408368,-0.325380682945,0.259407103062,0.0249278116971,0.00844825059175,0.344291538,-0.0506633408368,0.335747301579,0.0,-0.274506628513,0.292319357395,-0.0132082020864,-0.0288359839469,-0.325380682945,-0.259407103062,-0.274506628513,-0.292319357395,0.490174412727,0.0
1630632824973339212,height,4,32,width,4,8,imag,2,2,0,0.00211571739055,0.0,0.024188939482,-0.0123552782461,0.0249280612916,-0.00844073761255,-0.0132139353082,0.0288252960891,0.024188939482,0.0123552782461,0.362477511168,0.0,0.344302564859,0.0506381317973,-0.325366258621,0.259416460991,0.0249280612916,0.00844073761255,0.344302564859,-0.0506381317973,0.335761904716,0.0,-0.274523109198,0.292315244675,-0.0132139353082,-0.0288252960891,-0.325366258621,-0.259416460991,-0.274523109198,-0.292315244675,0.490166157484,0.0
1630632825091253884,height,4,32,width,4,8,imag,2,2,0,0.00210785772651,0.0,0.0241166129708,-0.0122302854434,0.0248126257211,-0.00833158101887,-0.0130083104596,0.0287465080619,0.0241166129708,0.0122302854434,0.361126989126,0.0,0.342391997576,0.0502437315881,-0.321884691715,0.260975420475,0.0248126257211,0.00833158101887,0.342391997576,-0.0502437315881,0.333369642496,0.0,-0.270699828863,0.292733162642,-0.0130083104596,-0.0287465080619,-0.321884691715,-0.260975420475,-0.270699828863,-0.292733162642,0.487478613853,0.0
1630632825110477226,height,4,32,width,4,8,imag,2,2,0,3.21617299051e-05,0.0,-1.69825415952e-08,7.63259606629e-08,-1.65288966514e-07,-1.41878127025e-08,-1.71489347167e-07,-5.48893233088e-08,-1.69825415952e-08,-7.63259606629e-08,3.63002727681e-05,0.0,1.09209352672e-07,-1.89993173194e-07,5.47990701705e-08,-1.17952694723e-07,-1.65288966514e-07,1.41878127025e-08,1.09209352672e-07,1.89993173194e-07,3.64216721209e-05,0.0,4.00809483381e-07,1.42247785107e-07,-1.71489347167e-07,5.48893233088e-08,5.47990701705e-08,1.17952694723e-07,4.00809483381e-07,-1.42247785107e-07,3.72960566892e-05,0.0
1630632825121347308,height,4,32,width,4,8,imag,2,2,0,0.0021009882912,0.0,0.023980204016,-0.012346864678,0.0246922075748,-0.0084863435477,-0.0132632674649,0.0285405050963,0.023980204016,0.012346864678,0.360691159964,0.0,0.342030823231,0.0498762987554,-0.325583428144,0.255322962999,0.0246922075748,0.0084863435477,0.342030823231,-0.0498762987554,0.333004415035,0.0,-0.275328785181,0.287644535303,-0.0132632674649,-0.0285405050963,-0.325583428144,-0.255322962999,-0.275328785181,-0.287644535303,0.486506432295,0.0
1630632825259728960,height,4,32,width,4,8,imag,2,2,0,0.00210816320032,0.0,0.0239548962563,-0.0126114776358,0.0246934629977,-0.00878882501274,-0.0132586071268,0.0286412928253,0.0239548962563,0.0126114776358,0.362015604973,0.0,0.34345176816,0.0493656285107,-0.328469961882,0.253626435995,0.0246934629977,0.00878882501274,0.34345176816,-0.0493656285107,0.334341019392,0.0,-0.27893564105,0.285942345858,-0.0132586071268,-0.0286412928253,-0.328469961882,-0.253626435995,-0.27893564105,-0.285942345858,0.48759573698,0.0
1630632825375232901,height,4,32,width,4,8,imag,2,2,0,3.20074868796e-05,0.0,-6.74741329476e-08,8.37170262002e-08,-1.83984170121e-07,1.29884071498e-07,2.15790080915e-07,1.30466162318e-07,-6.74741329476e-08,-8.37170262002e-08,3.58869947377e-05,0.0,-1.36547527063e-07,-4.34847144959e-08,-7.34650456025e-08,-1.55598741003e-07,-1.83984170121e-07,-1.29884071498e-07,-1.36547527063e-07,4.34847144959e-08,3.65056621376e-05,0.0,1.76734147317e-07,1.56455428169e-07,2.15790080915e-07,-1.30466162318e-07,-7.34650456025e-08,1.55598741003e-07,1.76734147317e-07,-1.56455428169e-07,3.69055924239e-05,0.0
1630632825406755352,height,4,32,width,4,8,imag,2,2,0,0.0021050372161,0.0,0.0238457452506,-0.0125514706597,0.0246344264597,-0.00867518037558,-0.0128686530516,0.0286949779838,0.0238457452506,0.0125514706597,0.359310746193,0.0,0.341042608023,0.0501612685621,-0.323252618313,0.255819916725,0.0246344264597,0.00867518037558,0.341042608023,-0.0501612685621,0.332486450672,0.0,-0.272967517376,0.288463354111,-0.0128686530516,-0.0286949779838,-0.323252618313,-0.255819916725,-0.272967517376,-0.288463354111,0.484963417053,0.0
1630632825517485755,height,4,32,width,4,8,imag,2,2,0,0.002107122913,0.0,0.0238612573594,-0.0125546846539,0.0246517062187,-0.00867522973567,-0.0128892799839,0.028699953109,0.0238612573594,0.0125546846539,0.359343826771,0.0,0.341087639332,0.0501946955919,-0.323332428932,0.255781382322,0.0246517062187,0.00867522973567,0.341087639332,-0.0501946955919,0.332549571991,0.0,-0.273031979799,0.288467973471,-0.0128892799839,-0.028699953109,-0.323332428932,-0.255781382322,-0.273031979799,-0.288467973471,0.484991967678,0.0
1630632825645864029,height,4,32,width,4,8,imag,2,2,0,0.00211960310116,0.0,0.0242039170116,-0.0123761966825,0.0249494146556,-0.00845861062407,-0.0132165746763,0.0288550872356,0.0242039170116,0.0123761966825,0.3624561131,0.0,0.344325214624,0.0506480745971,-0.325343966484,0.259436756372,0.0249494146556,0.00845861062407,0.344325214624,-0.0506480745971,0.335828751326,0.0,-0.274521797895,0.292376250029,-0.0132165746763,-0.0288550872356,-0.325343966484,-0.259436756372,-0.274521797895,-0.292376250029,0.490178585052,0.0
1630632825671798954,height,4,32,width,4,8,imag,2,2,0,0.00210207165219,0.0,0.0238890927285,-0.0125166624784,0.0246760975569,-0.00871394108981,-0.0130391530693,0.0285818427801,0.0238890927285,0.0125166624784,0.36000213027,0.0,0.342420697212,0.0493864677846,-0.324567526579,0.254309594631,0.0246760975569,0.00871394108981,0.342420697212,-0.0493864677846,0.334182828665,0.0,-0.275649666786,0.286979794502,-0.0130391530693,-0.0285818427801,-0.324567526579,-0.254309594631,-0.275649666786,-0.286979794502,0.484302043915,0.0
1630632825677412723,height,4,32,width,4,8,imag,2,2,0,0.00210230913945,0.0,0.0239041578025,-0.0124857621267,0.024682642892,-0.00868166144937,-0.0130774490535,0.028565665707,0.0239041578025,0.0124857621267,0.360027641058,0.0,0.342402249575,0.0493826419115,-0.324580788612,0.254356503487,0.024682642892,0.00868166144937,0.342402249575,-0.0493826419115,0.334120690823,0.0,-0.275615632534,0.286995053291,-0.0130774490535,-0.028565665707,-0.324580788612,-0.254356503487,-0.275615632534,-0.286995053291,0.484351426363,0.0
1630632825877216971,height,4,32,width,4,8,imag,2,2,0,0.00210704910569,0.0,0.0241104271263,-0.0122320670635,0.0248069372028,-0.00833224505186,-0.0130032328889,0.028741331771,0.0241104271263,0.0122320670635,0.361140221357,0.0,0.342404156923,0.0502753555775,-0.321868419647,0.260954469442,0.0248069372028,0.00833224505186,0.342404156923,-0.0502753555775,0.333388805389,0.0,-0.270669847727,0.292739897966,-0.0130032328889,-0.028741331771,-0.321868419647,-0.260954469442,-0.270669847727,-0.292739897966,0.487403154373,0.0
1630632825898604694,height,4,32,width,4,8,imag,2,2,0,0.00209553772584,0.0,0.0238906983286,-0.0124788749963,0.0247087273747,-0.00871609896421,-0.0131760444492,0.0284540150315,0.0238906983286,0.0124788749963,0.360893368721,0.0,0.34383174777,0.0491984151304,-0.325978934765,0.253207564354,0.0247087273747,0.00871609896421,0.34383174777,-0.0491984151304,0.336074858904,0.0,-0.277944266796,0.286314934492,-0.0131760444492,-0.0284540150315,-0.325978934765,-0.253207564354,-0.277944266796,-0.286314934492,0.483955055475,0.0
1630632825953133602,height,4,32,width,4,8,imag,2,2,0,0.00209752796218,0.0,0.0239029768854,-0.0124842571095,0.0247176364064,-0.00871997512877,-0.0131783811375,0.0284726824611,0.0239029768854,0.0124842571095,0.360895514488,0.0,0.343804806471,0.0491886287928,-0.325960993767,0.253226459026,0.0247176364064,0.00871997512877,0.343804806471,-0.0491886287928,0.336020320654,0.0,-0.277910143137,0.286297529936,-0.0131783811375,-0.0284726824611,-0.325960993767,-0.253226459026,-0.277910143137,-0.286297529936,0.483948886395,0.0
1630632826040591876,height,4,32,width,4,8,imag,2,2,0,0.00210922420956,0.0,0.0239551663399,-0.0126247555017,0.024698888883,-0.00880061555654,-0.0132492184639,0.0286579001695,0.0239551663399,0.0126247555017,0.361971735954,0.0,0.343436360359,0.049383893609,-0.328443229198,0.253631025553,0.024698888883,0.00880061555654,0.343436360359,-0.049383893609,0.334355950356,0.0,-0.278925508261,0.285984069109,-0.0132492184639,-0.0286579001695,-0.328443229198,-0.253631025553,-0.278925508261,-0.285984069109,0.48761934042,0.0
1630632826075428528,height,4,32,width,4,8,imag,2,2,0,0.00211534416303,0.0,0.0241304151714,-0.0124368099496,0.0249877702445,-0.00870948284864,-0.0133569380268,0.0285894684494,0.0241304151714,0.0124368099496,0.36262729764,0.0,0.346511363983,0.0489693880081,-0.326894909143,0.254790127277,0.0249877702445,0.00870948284864,0.346511363983,-0.0489693880081,0.33955925703,0.0,-0.279810547829,0.288259327412,-0.0133569380268,-0.0285894684494,-0.326894909143,-0.254790127277,-0.279810547829,-0.288259327412,0.485277235508,0.0
1630632826214487371,height,4,32,width,4,8,imag,2,2,0,3.22449268424e-05,0.0,-9.56585566314e-08,-1.5804918263e-08,-2.66969465201e-07,-7.35520160333e-08,-2.72468412277e-07,4.97620682438e-08,-9.56585566314e-08,1.5804918263e-08,3.57221615559e-05,0.0,-2.02254710757e-08,-1.78850925181e-08,-6.05744432391e-08,-6.89885126803e-08,-2.66969465201e-07,7.35520160333e-08,-2.02254710757e-08,1.78850925181e-08,3.68860346498e-05,0.0,3.4939807847e-07,1.70553434486e-07,-2.72468412277e-07,-4.97620682438e-08,-6.05744432391e-08,6.89885126803e-08,3.4939807847e-07,-1.70553434486e-07,3.77344294975e-05,0.0
1630632826214936613,height,4,32,width,4,8,imag,2,2,0,0.00209836056456,0.0,0.0239109154791,-0.0124710453674,0.024726556614,-0.00871083047241,-0.0131927626207,0.0284715667367,0.0239109154791,0.0124710453674,0.36087679863,0.0,0.343814581633,0.0491585843265,-0.325957298279,0.253232806921,0.024726556614,0.00871083047241,0.343814581633,-0.0491585843265,0.336051136255,0.0,-0.27794650197,0.286301255226,-0.0131927626207,-0.0284715667367,-0.325957298279,-0.253232806921,-0.27794650197,-0.286301255226,0.48396846652,0.0
1630632826222766125,height,4,32,width,4,8,imag,2,2,0,0.00211437325925,0.0,0.0241249427199,-0.012438910082,0.0249836593866,-0.00870795082301,-0.0133556295186,0.0285815838724,0.0241249427199,0.012438910082,0.362663507462,0.0,0.346540272236,0.0490276254714,-0.326907455921,0.25478336215,0.0249836593866,0.00870795082301,0.346540272236,-0.0490276254714,0.339595466852,0.0,-0.279781132936,0.288300424814,-0.0133556295186,-0.0285815838724,-0.326907455921,-0.25478336215,-0.279781132936,-0.288300424814,0.485242187977,0.0
1630632826353552327,height,4,32,width,4,8,imag,2,2,0,0.0021138661541,0.0,0.0241239033639,-0.0124313337728,0.0249776635319,-0.00870414450765,-0.0133569696918,0.0285745672882,0.0241239033639,0.0124313337728,0.362623870373,0.0,0.346479415894,0.0489645637572,-0.326881855726,0.254795670509,0.0249776635319,0.00870414450765,0.346479415894,-0.0489645637572,0.339499026537,0.0,-0.279775828123,0.288241237402,-0.0133569696918,-0.0285745672882,-0.326881855726,-0.254795670509,-0.279775828123,-0.288241237402,0.485278069973,0.0
1630632826434541036,height,4,32,width,4,8,imag,2,2,0,3.21331281157e-05,0.0,4.76473225319e-08,1.33888306664e-07,1.3481151484e-07,-2.82366215743e-07,1.76259760565e-07,-1.31766491052e-08,4.76473225319e-08,-1.33888306664e-07,3.58018078259e-05,0.0,3.07656648602e-07,-3.11249692686e-08,-2.60990162815e-07,-4.20314911764e-08,1.3481151484e-07,2.82366215743e-07,3.07656648602e-07,3.11249692686e-08,3.64856277884e-05,0.0,3.68633578773e-07,-4.47359216338e-09,1.76259760565e-07,1.31766491052e-08,-2.60990162815e-07,4.20314911764e-08,3.68633578773e-07,4.47359216338e-09,3.73092771042e-05,0.0
1630632826495975769,height,4,32,width,4,8,imag,2,2,0,0.000258029758697,0.0,0.00259827380069,-0.00139896397013,0.0027056040708,-0.000973651243839,-0.00146629172377,0.00310244946741,0.00259827380069,0.00139896397013,0.0397228188813,0.0,0.0378072671592,0.00564815104008,-0.0363121815026,0.0270573291928,0.0027056040708,0.000973651243839,0.0378072671592,-0.00564815104008,0.0370800830424,0.0,-0.0309801865369,0.0310262963176,-0.00146629172377,-0.00310244946741,-0.0363121815026,-0.0270573291928,-0.0309801865369,-0.0310262963176,0.0530259162188,0.0
1630632826612771822,height,4,32,width,4,8,imag,2,2,0,0.000257706444245,0.0,0.00260031572543,-0.00139824370854,0.002706654137,-0.000972448673565,-0.00146513734944,0.00309974257834,0.00260031572543,0.00139824370854,0.0397249348462,0.0,0.0378077477217,0.00565300416201,-0.0363011918962,0.027064954862,0.002706654137,0.000972448673565,0.0378077477217,-0.00565300416201,0.0370787791908,0.0,-0.03096537292,0.0310314167291,-0.00146513734944,-0.00309974257834,-0.0363011918962,-0.027064954862,-0.03096537292,-0.0310314167291,0.0530135035515,0.0
1630632826676837224,height,4,32,width,4,8,imag,2,2,0,3.18713828165e-05,0.0,7.50066675437e-09,-1.50433251633e-07,-1.45602001567e-07,-8.63008651208e-08,-3.86181007173e-08,-2.05157775213e-07,7.50066675437e-09,1.50433251633e-07,3.6047949834e-05,0.0,1.19299103929e-08,-4.70611212222e-08,9.00980694496e-08,-2.20640046678e-07,-1.45602001567e-07,8.63008651208e-08,1.19299103929e-08,4.70611212222e-08,3.65774067177e-05,0.0,1.84596231634e-07,2.06610863529e-07,-3.86181007173e-08,2.05157775213e-07,9.00980694496e-08,2.20640046678e-07,1.84596231634e-07,-2.06610863529e-07,3.71573660232e-05,0.0
1630632826750795543,height,4,32,width,4,8,imag,2,2,0,3.23765816574e-05,0.0,5.27378922754e-08,-1.23968291632e-07,2.037574518e-07,-2.85679391254e-08,-9.46437026528e-08,1.52797923647e-07,5.27378922754e-08,1.23968291632e-07,3.59721670975e-05,0.0,1.22284404824e-07,1.2163839358e-07,2.88213666266e-08,-9.50146201717e-08,2.037574518e-07,2.85679391254e-08,1.22284404824e-07,-1.2163839358e-07,3.65899431927e-05,0.0,3.82171378988e-07,2.88006901883e-07,-9.46437026528e-08,-1.52797923647e-07,2.88213666266e-08,9.50146201717e-08,3.82171378988e-07,-2.88006901883e-07,3.7080655602e-05,0.0
1630632826767631802,height,4,32,width,4,8,imag,2,2,0,3.22340310959e-05,0.0,-2.7964958349e-07,6.06075971632e-08,-4.58663258485e-08,5.23292698063e-08,-2.17643659539e-07,7.59732401434e-08,-2.7964958349e-07,-6.06075971632e-08,3.58340112143e-05,0.0,-2.13663806647e-08,-5.86959494342e-08,1.82845226959e-07,2.24724928444e-07,-4.58663258485e-08,-5.23292698063e-08,-2.13663806647e-08,5.86959494342e-08,3.64062725566e-05,0.0,4.2403343059e-07,1.9389032957e-07,-2.17643659539e-07,-7.59732401434e-08,1.82845226959e-07,-2.24724928444e-07,4.2403343059e-07,-1.9389032957e-07,3.70470079361e-05,0.0
1630632826825371282,height,4,32,width,4,8,imag,2,2,0,3.20203362207e-05,0.0,-6.88061732035e-08,-1.29483353817e-07,-1.02067701846e-07,2.01581840997e-07,-1.27368329217e-08,1.56321391387e-07,-6.88061732035e-08,1.29483353817e-07,3.60533522326e-05,0.0,1.48177264236e-07,-5.00196009057e-08,2.88494135248e-07,-2.17178410367e-07,-1.02067701846e-07,-2.01581840997e-07,1.48177264236e-07,5.00196009057e-08,3.61076236004e-05,0.0,1.98730006673e-07,1.83547911092e-07,-1.27368329217e-08,-1.56321391387e-07,2.88494135248e-07,2.17178410367e-07,1.98730006673e-07,-1.83547911092e-07,3.68403561879e-05,0.0
1630632826906883305,height,4,32,width,4,8,imag,2,2,0,3.16798032145e-05,0.0,2.43334000061e-07,-2.47328557634e-08,4.69876759723e-08,-1.54351951664e-07,-1.09660604153e-07,4.9050335349e-08,2.43334000061e-07,2.47328557634e-08,3.59551595466e-05,0.0,6.75531026673e-08,-2.05828527555e-07,-1.66987035755e-07,-1.8670523616e-07,4.69876759723e-08,1.54351951664e-07,6.75531026673e-08,2.05828527555e-07,3.66517779185e-05,0.0,3.0595558087e-07,1.74949320808e-07,-1.09660604153e-07,-4.9050335349e-08,-1.66987035755e-07,1.8670523616e-07,3.0595558087e-07,-1.74949320808e-07,3.74557967007e-05,0.0
1630632827041206346,height,4,32,width,4,8,imag,2,2,0,3.1771898648e-05,0.0,1.64065951935e-08,-1.76625405857e-07,1.2817540096e-07,4.31012843194e-08,9.28758439045e-08,2.3315280373e-07,1.64065951935e-08,1.76625405857e-07,3.59384466719e-05,0.0,-4.11069969175e-08,-1.39383061537e-07,-8.18739422925e-08,5.10702911072e-08,1.2817540096e-07,-4.31012843194e-08,-4.11069969175e-08,1.39383061537e-07,3.63024919352e-05,0.0,6.84305803134e-08,3.40556169931e-07,9.28758439045e-08,-2.3315280373e-07,-8.18739422925e-08,-5.10702911072e-08,6.84305803134e-08,-3.40556169931e-07,3.7209229049e-05,0.0
1630632827069963565,height,4,32,width,4,8,imag,2,2,0,3.23383210343e-05,0.0,-4.45702212915e-08,-1.50055583958e-07,-2.715998626e-08,-2.37876349729e-07,-2.66878032562e-07,-4.5071924859e-08,-4.45702212915e-08,1.50055583958e-07,3.5939294321e-05,0.0,-2.05008802823e-07,-1.4533920023e-07,-2.60432415189e-07,8.51564652127e-10,-2.715998626e-08,2.37876349729e-07,-2.05008802823e-07,1.4533920023e-07,3.57831777364e-05,0.0,4.0078103325e-07,1.75502378852e-07,-2.66878032562e-07,4.5071924859e-08,-2.60432415189e-07,-8.51564652127e-10,4.0078103325e-07,-1.75502378852e-07,3.72068170691e-05,0.0
1630632827141389696,height,4,32,width,4,8,imag,2,2,0,3.18569182127e-05,0.0,6.07198913372e-08,2.08465138485e-07,-1.56193053158e-07,2.01018707457e-07,-1.78472333801e-07,-7.38099714681e-08,6.07198913372e-08,-2.08465138485e-07,3.57582321158e-05,0.0,-3.09212211391e-08,2.5255606495e-09,3.07485841233e-08,1.27512635117e-07,-1.56193053158e-07,-2.01018707457e-07,-3.09212211391e-08,-2.5255606495e-09,3.63601466233e-05,0.0,3.35366962645e-07,1.06680403178e-07,-1.78472333801e-07,7.38099714681e-08,3.07485841233e-08,-1.27512635117e-07,3.35366962645e-07,-1.06680403178e-07,3.73358743673e-05,0.0
1630632827202862889,height,4,32,width,4,8,imag,2,2,0,3.22093219438e-05,0.0,1.29485755451e-07,-9.2716305744e-08,1.81516938369e-07,-2.07185646417e-09,-1.54106047034e-07,-2.29974745025e-07,1.29485755451e-07,9.2716305744e-08,3.57968710887e-05,0.0,-1.12669624741e-07,1.13766640553e-08,-1.43341921444e-07,-2.68634096301e-07,1.81516938369e-07,2.07185646417e-09,-1.12669624741e-07,-1.13766640553e-08,3.68369765056e-05,0.0,3.22766851468e-07,2.68309719331e-07,-1.54106047034e-07,2.29974745025e-07,-1.43341921444e-07,2.68634096301e-07,3.22766851468e-07,-2.68309719331e-07,3.68572982552e-05,0.0
1630632827319094570,height,4,32,width,4,8,imag,2,2,0,3.20717408613e-05,0.0,1.07635663937e-07,2.6920677243e-08,6.73290188047e-08,7.30065536914e-08,4.94826046804e-08,-1.63693997024e-07,1.07635663937e-07,-2.6920677243e-08,3.61903730663e-05,0.0,3.55884253622e-07,4.73940495738e-08,-2.08157668879e-08,-2.26802782777e-07,6.73290188047e-08,-7.30065536914e-08,3.55884253622e-07,-4.73940495738e-08,3.61312559107e-05,0.0,4.36457213482e-07,-1.51300358908e-08,4.94826046804e-08,1.63693997024e-07,-2.08157668879e-08,2.26802782777e-07,4.36457213482e-07,1.51300358908e-08,3.76109819626e-05,0.0
1630632827370715635,height,4,32,width,4,8,imag,2,2,0,3.20360959449e-05,0.0,2.07648568562e-07,-7.13460224233e-08,-5.15172189353e-08,1.23434617194e-07,-2.81634928712e-08,1.28139731714e-07,2.07648568562e-07,7.13460224233e-08,3.59236328222e-05,0.0,3.99935728979e-08,-1.31970736561e-07,1.46397809431e-07,-3.6568948758e-08,-5.15172189353e-08,-1.23434617194e-07,3.99935728979e-08,1.31970736561e-07,3.67043394363e-05,0.0,3.69067322481e-07,5.69296254582e-08,-2.81634928712e-08,-1.28139731714e-07,1.46397809431e-07,3.6568948758e-08,3.69067322481e-07,-5.69296254582e-08,3.73925977328e-05,0.0
1630632827407435075,height,4,32,width,4,8,imag,2,2,0,3.23152780766e-05,0.0,6.45035713731e-09,-6.1364993087e-08,6.4636175523e-08,-8.41671621288e-08,1.7962054244e-07,2.15214328136e-07,6.45035713731e-09,6.1364993087e-08,3.58493271051e-05,0.0,-1.18584919662e-08,7.893326881e-09,-4.18531591606e-08,-6.30448537819e-09,6.4636175523e-08,8.41671621288e-08,-1.18584919662e-08,-7.893326881e-09,3.64796578651e-05,0.0,3.34744157726e-07,2.66233143975e-07,1.7962054244e-07,-2.15214328136e-07,-4.18531591606e-08,6.30448537819e-09,3.34744157726e-07,-2.66233143975e-07,3.70749294234e-05,0.0
1630632827490109270,height,4,32,width,4,8,imag,2,2,0,3.19968094118e-05,0.0,-1.54213154246e-07,-7.88339562519e-08,2.64948056383e-07,-1.24118813005e-07,1.90168265135e-07,-4.94086052072e-08,-1.54213154246e-07,7.88339562519e-08,3.59864643542e-05,0.0,2.02796741178e-07,-5.63359918715e-08,-1.66054846318e-07,1.48799884414e-07,2.64948056383e-07,1.24118813005e-07,2.02796741178e-07,5.63359918715e-08,3.67253087461e-05,0.0,4.22691556423e-07,-1.36564196396e-07,1.90168265135e-07,4.94086052072e-08,-1.66054846318e-07,-1.48799884414e-07,4.22691556423e-07,1.36564196396e-07,3.74481096515e-05,0.0
1630632827587942879,height,4,32,width,4,8,imag,2,2,0,3.17660233122e-05,0.0,1.41290030342e-07,2.02233422897e-07,1.57489992603e-07,-1.70368906538e-07,-9.31145862637e-08,-4.68259884201e-08,1.41290030342e-07,-2.02233422897e-07,3.60454359907e-05,0.0,7.93022607581e-08,-4.68634802075e-08,1.87920988992e-07,-6.52381260124e-08,1.57489992603e-07,1.70368906538e-07,7.93022607581e-08,4.68634802075e-08,3.61206439266e-05,0.0,3.86720500956e-07,2.70766520316e-07,-9.31145862637e-08,4.68259884201e-08,1.87920988992e-07,6.52381260124e-08,3.86720500956e-07,-2.70766520316e-07,3.72693284589e-05,0.0
1630632827673391090,height,4,32,width,4,8,imag,2,2,0,3.20548060699e-05,0.0,9.36965136589e-08,5.72520946207e-08,-1.08574560898e-07,1.46733043493e-07,-1.34710987254e-07,-9.64644009116e-09,9.36965136589e-08,-5.72520946207e-08,3.60089979949e-05,0.0,-1.91269094785e-07,-1.83985719104e-07,-2.72189328854e-08,6.86745451617e-08,-1.08574560898e-07,-1.46733043493e-07,-1.91269094785e-07,1.83985719104e-07,3.605515667e-05,0.0,2.22219487256e-08,-1.6264683822e-08,-1.34710987254e-07,9.64644009116e-09,-2.72189328854e-08,-6.86745451617e-08,2.22219487256e-08,1.6264683822e-08,3.74933733838e-05,0.0
1630632827736842340,height,4,32,width,4,8,imag,2,2,0,3.19823448081e-05,0.0,1.00710281004e-07,1.668004046e-07,5.67436320154e-09,1.27729350652e-07,3.60587932846e-08,-1.73935488235e-09,1.00710281004e-07,-1.668004046e-07,3.59250880138e-05,0.0,-2.50755533671e-07,-2.89959501742e-07,-1.02388906242e-08,6.30885352848e-08,5.67436320154e-09,-1.27729350652e-07,-2.50755533671e-07,2.89959501742e-07,3.67017200915e-05,0.0,4.55162648905e-07,2.41290877057e-07,3.60587932846e-08,1.73935488235e-09,-1.02388906242e-08,-6.30885352848e-08,4.55162648905e-07,-2.41290877057e-07,3.71740643459e-05,0.0
1630632827773561579,height,4,32,width,4,8,imag,2,2,0,3.18417078233e-05,0.0,1.04315098781e-07,-1.30381351937e-07,-1.89812524809e-07,-1.24186470885e-07,2.88416117655e-08,1.81332254101e-07,1.04315098781e-07,1.30381351937e-07,3.60171361535e-05,0.0,4.37476508353e-08,-1.10657287777e-08,8.43444354359e-08,5.89377471272e-08,-1.89812524809e-07,1.24186470885e-07,4.37476508353e-08,1.10657287777e-08,3.6348708818e-05,0.0,5.76928513851e-08,-1.01562619648e-07,2.88416117655e-08,-1.81332254101e-07,8.43444354359e-08,-5.89377471272e-08,5.76928513851e-08,1.01562619648e-07,3.69761110051e-05,0.0
1630632827903976306,height,4,32,width,4,8,imag,2,2,0,3.18927195622e-05,0.0,2.62947480678e-07,7.04778244653e-08,-2.24706170115e-07,-2.01806358291e-07,-7.30979721197e-08,-5.47856799926e-08,2.62947480678e-07,-7.04778244653e-08,3.59717523679e-05,0.0,9.55298951055e-09,7.02985758494e-08,8.94198493029e-08,-1.51679316218e-07,-2.24706170115e-07,2.01806358291e-07,9.55298951055e-09,-7.02985758494e-08,3.62743339792e-05,0.0,9.91317889998e-08,8.80859687413e-08,-7.30979721197e-08,5.47856799926e-08,8.94198493029e-08,1.51679316218e-07,9.91317889998e-08,-8.80859687413e-08,3.73374059564e-05,0.0
1630632827932366976,height,4,32,width,4,8,imag,2,2,0,3.21189472743e-05,0.0,-7.82439855129e-08,1.53554857718e-08,-4.68569396617e-08,1.64785973311e-07,1.46421200498e-07,9.86083179555e-08,-7.82439855129e-08,-1.53554857718e-08,3.59203986591e-05,0.0,2.69791001983e-07,1.66989579498e-07,-4.27671942305e-08,-1.21844962564e-07,-4.68569396617e-08,-1.64785973311e-07,2.69791001983e-07,-1.66989579498e-07,3.66053645848e-05,0.0,2.87837309543e-07,-1.72711320801e-08,1.46421200498e-07,-9.86083179555e-08,-4.27671942305e-08,1.21844962564e-07,2.87837309543e-07,1.72711320801e-08,3.74398223357e-05,0.0
1630632827944114215,height,4,32,width,4,8,imag,2,2,0,3.22840496665e-05,0.0,-8.17682774823e-08,3.90971521824e-08,5.2503992265e-08,-4.85494844327e-08,6.17041848727e-08,-7.5834336144e-08,-8.17682774823e-08,-3.90971521824e-08,3.567820022e-05,0.0,4.87800342341e-08,-1.30890384753e-07,2.98013240752e-08,-1.54116150952e-07,5.2503992265e-08,4.85494844327e-08,4.87800342341e-08,1.30890384753e-07,3.64435472875e-05,0.0,2.28851675388e-07,1.26717623061e-07,6.17041848727e-08,7.5834336144e-08,2.98013240752e-08,1.54116150952e-07,2.28851675388e-07,-1.26717623061e-07,3.75598392566e-05,0.0
1630632828099545659,height,4,32,width,4,8,imag,2,2,0,3.19039281749e-05,0.0,-2.39035813365e-08,1.17874712657e-07,-8.69587353236e-08,-1.22776853573e-07,1.80619927903e-08,8.26361699069e-08,-2.39035813365e-08,-1.17874712657e-07,3.57749195246e-05,0.0,1.8609853214e-07,-3.31429959033e-07,-3.2693339147e-09,1.20548904192e-07,-8.69587353236e-08,1.22776853573e-07,1.8609853214e-07,3.31429959033e-07,3.62734899682e-05,0.0,1.11061538632e-07,-1.71081548928e-08,1.80619927903e-08,-8.26361699069e-08,-3.2693339147e-09,-1.20548904192e-07,1.11061538632e-07,1.71081548928e-08,3.70702982764e-05,0.0
1630632828113208972,height,4,32,width,4,8,imag,2,2,0,3.23212661897e-05,0.0,4.39235634531e-08,1.15257520861e-07,-8.93722926776e-08,1.49464554511e-07,-6.3047437493e-08,4.7669743708e-08,4.39235634531e-08,-1.15257520861e-07,3.57831304427e-05,0.0,1.27497841618e-07,-1.9893445824e-07,-6.77205758137e-09,8.30038189292e-08,-8.93722926776e-08,-1.49464554511e-07,1.27497841618e-07,1.9893445824e-07,3.67026987078e-05,0.0,2.64425835894e-07,6.46359978873e-08,-6.3047437493e-08,-4.7669743708e-08,-6.77205758137e-09,-8.30038189292e-08,2.64425835894e-07,-6.46359978873e-08,3.71990827261e-05,0.0
1630632828209741321,height,4,32,width,4,8,imag,2,2,0,3.21964362229e-05,0.0,-1.14563142972e-07,-8.60741522501e-08,-1.19566436751e-07,-1.09590132524e-07,1.19752840533e-07,-8.11768359199e-08,-1.14563142972e-07,8.60741522501e-08,3.58627476089e-05,0.0,-1.35995222195e-07,-2.89057823011e-07,-1.49470821498e-07,-2.65668603561e-07,-1.19566436751e-07,1.09590132524e-07,-1.35995222195e-07,2.89057823011e-07,3.65157502529e-05,0.0,1.23195476931e-07,2.58454917912e-07,1.19752840533e-07,8.11768359199e-08,-1.49470821498e-07,2.65668603561e-07,1.23195476931e-07,-2.58454917912e-07,3.77669057343e-05,0.0
1630632828288694359,height,4,32,width,4,8,imag,2,2,0,3.19197934004e-05,0.0,-1.62861240938e-07,-8.61007833919e-08,6.13509421044e-09,1.08456369219e-07,1.13457311102e-07,-1.04985026894e-07,-1.62861240938e-07,8.61007833919e-08,3.58021170541e-05,0.0,1.14856092637e-07,-2.6024355293e-07,3.11557961652e-08,-1.01003337249e-07,6.13509421044e-09,-1.08456369219e-07,1.14856092637e-07,2.6024355293e-07,3.64037805411e-05,0.0,2.38247977791e-07,-1.81260304544e-07,1.13457311102e-07,1.04985026894e-07,3.11557961652e-08,1.01003337249e-07,2.38247977791e-07,1.81260304544e-07,3.73807961296e-05,0.0
1630632828305623906,height,4,32,width,4,8,imag,2,2,0,3.22428204527e-05,0.0,7.18435941849e-08,-3.5787348196e-08,-1.28951612055e-07,1.30605304349e-08,1.47804954054e-07,9.7371653851e-08,7.18435941849e-08,3.5787348196e-08,3.62338141713e-05,0.0,-1.07493264068e-07,-2.30052492611e-07,2.27476931514e-07,-7.46155990328e-08,-1.28951612055e-07,-1.30605304349e-08,-1.07493264068e-07,2.30052492611e-07,3.66057211068e-05,0.0,5.71390614823e-07,-1.01402342523e-07,1.47804954054e-07,-9.7371653851e-08,2.27476931514e-07,7.46155990328e-08,5.71390614823e-07,1.01402342523e-07,3.70638954337e-05,0.0
1630632828469905983,height,4,32,width,4,8,imag,2,2,0,3.19749888149e-05,0.0,1.26313040028e-07,-1.61276609845e-08,1.78387665528e-07,4.58333815345e-08,3.30731397824e-09,-5.64220741239e-08,1.26313040028e-07,1.61276609845e-08,3.6090532376e-05,0.0,9.72991003323e-08,1.34045228251e-08,-5.07349326995e-08,1.66731879858e-07,1.78387665528e-07,-4.58333815345e-08,9.72991003323e-08,-1.34045228251e-08,3.66841013602e-05,0.0,2.65549601863e-07,8.6278888034e-08,3.30731397824e-09,5.64220741239e-08,-5.07349326995e-08,-1.66731879858e-07,2.65549601863e-07,-8.6278888034e-08,3.73762086383e-05,0.0
1630632828539193894,height,4,32,width,4,8,imag,2,2,0,3.21087973134e-05,0.0,1.66425621728e-07,-2.04262278203e-08,3.7139425757e-08,-2.31950338048e-07,4.07111997447e-08,1.74550748966e-07,1.66425621728e-07,2.04262278203e-08,3.60268604709e-05,0.0,-1.23752897707e-07,1.15511404886e-08,-1.89728865507e-07,1.87269876051e-07,3.7139425757e-08,2.31950338048e-07,-1.23752897707e-07,-1.15511404886e-08,3.64761108358e-05,0.0,-9.85864403447e-08,2.64214861545e-07,4.07111997447e-08,-1.74550748966e-07,-1.89728865507e-07,-1.87269876051e-07,-9.85864403447e-08,-2.64214861545e-07,3.74994997401e-05,0.0
1630632828557706230,height,4,32,width,4,8,imag,2,2,0,3.19761384162e-05,0.0,9.4598682665e-08,-1.29739134991e-07,-1.34487720516e-07,-1.34704308152e-07,2.3113152281e-07,-8.72394849694e-08,9.4598682665e-08,1.29739134991e-07,3.63575709343e-05,0.0,4.91432921024e-08,-4.1778804416e-08,1.42257192692e-07,1.55635376586e-07,-1.34487720516e-07,1.34704308152e-07,4.91432921024e-08,4.1778804416e-08,3.68228102161e-05,0.0,3.11306365575e-07,1.64548495718e-07,2.3113152281e-07,8.72394849694e-08,1.42257192692e-07,-1.55635376586e-07,3.11306365575e-07,-1.64548495718e-07,3.72201138816e-05,0.0
1630632828739064137,height,4,32,width,4,8,imag,2,2,0,3.21299339703e-05,0.0,-1.46287968406e-08,-1.24500809662e-09,1.33861519203e-07,3.58641116804e-08,1.84629598721e-07,1.05580646448e-07,-1.46287968406e-08,1.24500809662e-09,3.62054161087e-05,0.0,2.54555999391e-07,-6.82586289713e-08,2.85472108175e-08,-2.67089347972e-07,1.33861519203e-07,-3.58641116804e-08,2.54555999391e-07,6.82586289713e-08,3.64381194231e-05,0.0,2.23502766517e-07,-3.77895297277e-08,1.84629598721e-07,-1.05580646448e-07,2.85472108175e-08,2.67089347972e-07,2.23502766517e-07,3.77895297277e-08,3.69420158677e-05,0.0
1630632828739378472,height,4,32,width,4,8,imag,2,2,0,3.17220547004e-05,0.0,-4.22743369199e-08,5.96861724489e-08,-1.69849769804e-07,-3.52934570458e-08,-1.10310800494e-07,-2.99037878904e-07,-4.22743369199e-08,-5.96861724489e-08,3.58168872481e-05,0.0,6.28683238801e-09,4.66104630448e-08,-4.48778898487e-08,2.4347539096e-08,-1.69849769804e-07,3.52934570458e-08,6.28683238801e-09,-4.66104630448e-08,3.63624712918e-05,0.0,9.41341511407e-08,-1.33262105351e-07,-1.10310800494e-07,2.99037878904e-07,-4.48778898487e-08,-2.4347539096e-08,9.41341511407e-08,1.33262105351e-07,3.72326430806e-05,0.0
1630632828747282677,height,4,32,width,4,8,imag,2,2,0,3.21314146277e-05,0.0,7.90727270328e-08,-1.36964416697e-07,-7.45900585741e-09,2.08934466173e-07,5.11874596043e-08,6.79781919644e-08,7.90727270328e-08,1.36964416697e-07,3.63449908036e-05,0.0,-1.20593441011e-07,-4.15310950075e-08,5.82408432592e-08,-3.64680410314e-08,-7.45900585741e-09,-2.08934466173e-07,-1.20593441011e-07,4.15310950075e-08,3.62976788892e-05,0.0,3.29926905351e-07,1.64857212326e-07,5.11874596043e-08,-6.79781919644e-08,5.82408432592e-08,3.64680410314e-08,3.29926905351e-07,-1.64857212326e-07,3.74560659111e-05,0.0
1630632828905738425,height,4,32,width,4,8,imag,2,2,0,3.19150385621e-05,0.0,-6.27314662438e-08,3.0809422924e-07,8.27131643177e-08,-2.20326697331e-07,-2.92739326113e-08,-1.15881988449e-08,-6.27314662438e-08,-3.0809422924e-07,3.5877332266e-05,0.0,-1.34527553541e-07,-1.50390548015e-07,1.06392484156e-07,-1.01991396662e-07,8.27131643177e-08,2.20326697331e-07,-1.34527553541e-07,1.50390548015e-07,3.62499886251e-05,0.0,3.39449059084e-07,3.40437402713e-08,-2.92739326113e-08,1.15881988449e-08,1.06392484156e-07,1.01991396662e-07,3.39449059084e-07,-3.40437402713e-08,3.71053683921e-05,0.0
1630632828952914293,height,4,32,width,4,8,imag,2,2,0,3.20891122101e-05,0.0,4.46538166443e-08,-1.06994484383e-07,-9.57692449788e-08,2.07686738918e-08,8.79273684973e-08,-1.22562980209e-07,4.46538166443e-08,1.06994484383e-07,3.5844190279e-05,0.0,1.71602835053e-07,-8.19059096102e-08,-2.3690969897e-07,-1.46747138885e-08,-9.57692449788e-08,-2.07686738918e-08,1.71602835053e-07,8.19059096102e-08,3.6206743971e-05,0.0,-2.35313819985e-07,1.15401235234e-07,8.79273684973e-08,1.22562980209e-07,-2.3690969897e-07,1.46747138885e-08,-2.35313819985e-07,-1.15401235234e-07,3.74004412151e-05,0.0
1630632829014453355,height,4,32,width,4,8,imag,2,2,0,3.2108178857e-05,0.0,-2.80405814124e-08,-3.36362440123e-08,1.35537476353e-07,-9.4247880611e-09,-1.51888684741e-07,-5.70808680322e-08,-2.80405814124e-08,3.36362440123e-08,3.59030273103e-05,0.0,-1.6431010863e-07,-9.18840044051e-08,2.43015687573e-08,-1.73308443152e-08,1.35537476353e-07,9.4247880611e-09,-1.6431010863e-07,9.18840044051e-08,3.66166241292e-05,0.0,6.71384086104e-08,2.26665775926e-07,-1.51888684741e-07,5.70808680322e-08,2.43015687573e-08,1.73308443152e-08,6.71384086104e-08,-2.26665775926e-07,3.70541929442e-05,0.0
1630632829083125761,height,4,32,width,4,8,imag,2,2,0,0.000470760045573,0.0,0.00499599147588,-0.00275350222364,0.00520290248096,-0.00199232250452,-0.00281613552943,0.00601431215182,0.00499599147588,0.00275350222364,0.0762812793255,0.0,0.072924643755,0.010072151199,-0.0702860504389,0.051743041724,0.00520290248096,0.00199232250452,0.072924643755,-0.010072151199,0.0715335607529,0.0,-0.0608574412763,0.0589378215373,-0.00281613552943,-0.00601431215182,-0.0702860504389,-0.051743041724,-0.0608574412763,-0.0589378215373,0.102247416973,0.0
1630632829110984155,height,4,32,width,4,8,imag,2,2,0,3.17847916449e-05,0.0,6.15660356029e-10,9.26185972361e-09,-1.00012066184e-07,6.08409322922e-08,-1.51745396693e-07,-1.49164776531e-07,6.15660356029e-10,-9.26185972361e-09,3.57097233064e-05,0.0,-6.8865384506e-09,-1.03650412697e-08,1.09446105512e-07,-1.3328070736e-07,-1.00012066184e-07,-6.08409322922e-08,-6.8865384506e-09,1.03650412697e-08,3.67342800018e-05,0.0,9.60825019547e-08,8.88865425708e-09,-1.51745396693e-07,1.49164776531e-07,1.09446105512e-07,1.3328070736e-07,9.60825019547e-08,-8.88865425708e-09,3.73742186639e-05,0.0
1630632829263225953,height,4,32,width,4,8,imag,2,2,0,0.00210315152071,0.0,0.0238939318806,-0.0126071553677,0.0247310064733,-0.0089972531423,-0.0128627223894,0.0286658853292,0.0238939318806,0.0126071553677,0.361151248217,0.0,0.345155924559,0.0473486594856,-0.324213117361,0.255757004023,0.0247310064733,0.0089972531423,0.345155924559,-0.0473486594856,0.337831437588,0.0,-0.278141111135,0.287580996752,-0.0128627223894,-0.0286658853292,-0.324213117361,-0.255757004023,-0.278141111135,-0.287580996752,0.484210401773,0.0
1630632829289682913,height,4,32,width,4,8,imag,2,2,0,3.22570558637e-05,0.0,-2.3328631471e-08,-1.37152440516e-07,-7.5991323456e-08,1.85193982816e-07,-2.90249193569e-08,-2.20948123797e-07,-2.3328631471e-08,1.37152440516e-07,3.59078403562e-05,0.0,2.8311747613e-08,1.28777017494e-07,-1.13987709938e-07,8.69786465074e-09,-7.5991323456e-08,-1.85193982816e-07,2.8311747613e-08,-1.28777017494e-07,3.63635845133e-05,0.0,1.17269024713e-07,2.22311356879e-07,-2.90249193569e-08,2.20948123797e-07,-1.13987709938e-07,-8.69786465074e-09,1.17269024713e-07,-2.22311356879e-07,3.75796917069e-05,0.0
1630632829373944412,height,4,32,width,4,8,imag,2,2,0,0.0021083666943,0.0,0.0239055305719,-0.0126574197784,0.0247446428984,-0.00904210377485,-0.0128366136923,0.0287194047123,0.0239055305719,0.0126574197784,0.36120557785,0.0,0.345168113708,0.0473647899926,-0.324237704277,0.255798816681,0.0247446428984,0.00904210377485,0.345168113708,-0.0473647899926,0.337804824114,0.0,-0.278116941452,0.287595719099,-0.0128366136923,-0.0287194047123,-0.324237704277,-0.255798816681,-0.278116941452,-0.287595719099,0.484226971865,0.0
1630632829402135761,height,4,32,width,4,8,imag,2,2,0,0.00210474710912,0.0,0.0238645896316,-0.0126033555716,0.0247375462204,-0.00894438009709,-0.0128887034953,0.0286217089742,0.0238645896316,0.0126033555716,0.360571563244,0.0,0.344488829374,0.0480834655464,-0.324019640684,0.25481492281,0.0247375462204,0.00894438009709,0.344488829374,-0.0480834655464,0.337388962507,0.0,-0.277496606112,0.287327736616,-0.0128887034953,-0.0286217089742,-0.324019640684,-0.25481492281,-0.277496606112,-0.287327736616,0.483203470707,0.0
1630632829564154885,height,4,32,width,4,8,imag,2,2,0,3.21314109897e-05,0.0,4.52589929978e-08,-2.39932038681e-08,1.668441314e-07,-2.48809698178e-07,-9.35536164093e-08,-1.31015013949e-07,4.52589929978e-08,2.39932038681e-08,3.63827020919e-05,0.0,-6.69549438115e-09,5.32325259428e-08,2.56830858802e-08,-2.59492736632e-07,1.668441314e-07,2.48809698178e-07,-6.69549438115e-09,-5.32325259428e-08,3.65025007341e-05,0.0,2.46551167038e-07,-1.57809878942e-07,-9.35536164093e-08,1.31015013949e-07,2.56830858802e-08,2.59492736632e-07,2.46551167038e-07,1.57809878942e-07,3.72641843569e-05,0.0
1630632829569003798,height,4,32,width,4,8,imag,2,2,0,0.00210327049717,0.0,0.0237967073917,-0.0126896025613,0.0247222520411,-0.00899977236986,-0.0129573335871,0.0285287573934,0.0237967073917,0.0126896025613,0.360198169947,0.0,0.34443128109,0.0486551448703,-0.325126826763,0.251874655485,0.0247222520411,0.00899977236986,0.34443128109,-0.0486551448703,0.337775588036,0.0,-0.278756916523,0.285450845957,-0.0129573335871,-0.0285287573934,-0.325126826763,-0.251874655485,-0.278756916523,-0.285450845957,0.481493890285,0.0
1630632829601348634,height,4,32,width,4,8,imag,2,2,0,0.00211494718678,0.0,0.02402994968,-0.012631460093,0.0248761177063,-0.00895250961185,-0.0125759262592,0.0289444327354,0.02402994968,0.012631460093,0.362829238176,0.0,0.346552938223,0.048197299242,-0.322060763836,0.261295646429,0.0248761177063,0.00895250961185,0.346552938223,-0.048197299242,0.339191228151,0.0,-0.274653583765,0.292958945036,-0.0125759262592,-0.0289444327354,-0.322060763836,-0.261295646429,-0.274653583765,-0.292958945036,0.486002415419,0.0
1630632829730634978,height,4,32,width,4,8,imag,2,2,0,0.00210343440995,0.0,0.0239935740829,-0.0123902549967,0.024896170944,-0.00863230787218,-0.0131454840302,0.0284294486046,0.0239935740829,0.0123902549967,0.360716849566,0.0,0.34507727623,0.0495755635202,-0.323519945145,0.253702670336,0.024896170944,0.00863230787218,0.34507727623,-0.0495755635202,0.338710516691,0.0,-0.276418656111,0.287872433662,-0.0131454840302,-0.0284294486046,-0.323519945145,-0.253702670336,-0.276418656111,-0.287872433662,0.480801433325,0.0
1630632829769603792,height,4,32,width,4,8,imag,2,2,0,0.00210395269096,0.0,0.0238680019975,-0.0125909298658,0.0247394070029,-0.00893217418343,-0.0129024200141,0.0286076404154,0.0238680019975,0.0125909298658,0.36053314805,0.0,0.344483226538,0.048078622669,-0.32399815321,0.254748493433,0.0247394070029,0.00893217418343,0.344483226538,-0.048078622669,0.337408393621,0.0,-0.277509748936,0.287283957005,-0.0129024200141,-0.0286076404154,-0.32399815321,-0.254748493433,-0.277509748936,-0.287283957005,0.483125448227,0.0
1630632829833026798,height,4,32,width,4,8,imag,2,2,0,3.23156964441e-05,0.0,6.38600639036e-08,1.23512847949e-07,-1.1191576732e-07,-9.52018694989e-08,2.36491271011e-09,1.8501066279e-07,6.38600639036e-08,-1.23512847949e-07,3.58858414984e-05,0.0,-1.12137101382e-07,-3.44808540831e-07,-2.74207643258e-08,1.41297007872e-07,-1.1191576732e-07,9.52018694989e-08,-1.12137101382e-07,3.44808540831e-07,3.62056744052e-05,0.0,4.29900751442e-07,2.48146051263e-07,2.36491271011e-09,-1.8501066279e-07,-2.74207643258e-08,-1.41297007872e-07,4.29900751442e-07,-2.48146051263e-07,3.75993950001e-05,0.0
1630632829897068599,height,4,32,width,4,8,imag,2,2,0,0.00211734231561,0.0,0.0240830872208,-0.0126176839694,0.0250222440809,-0.008878483437,-0.0135824913159,0.0284892842174,0.0240830872208,0.0126176839694,0.363747864962,0.0,0.347997397184,0.0494767017663,-0.330854415894,0.250367760658,0.0250222440809,0.008878483437,0.347997397184,-0.0494767017663,0.341599464417,0.0,-0.284510850906,0.285344749689,-0.0135824913159,-0.0284892842174,-0.330854415894,-0.250367760658,-0.284510850906,-0.285344749689,0.485053449869,0.0
1630632829982780580,height,4,32,width,4,8,imag,2,2,0,0.00211843918078,0.0,0.0240831244737,-0.0126331858337,0.0250244699419,-0.00889396388084,-0.0135794160888,0.0285026542842,0.0240831244737,0.0126331858337,0.363755106926,0.0,0.347996413708,0.0494653880596,-0.330855309963,0.250317811966,0.0250244699419,0.00889396388084,0.347996413708,-0.0494653880596,0.341587483883,0.0,-0.284521698952,0.285279005766,-0.0135794160888,-0.0285026542842,-0.330855309963,-0.250317811966,-0.284521698952,-0.285279005766,0.484987944365,0.0
1630632830102805191,height,4,32,width,4,8,imag,2,2,0,0.0021175344009,0.0,0.0240516848862,-0.0126259094104,0.0248974710703,-0.00894367322326,-0.0125955734402,0.0289591923356,0.0240516848862,0.0126259094104,0.362818300724,0.0,0.346553146839,0.0482129007578,-0.322068691254,0.261315643787,0.0248974710703,0.00894367322326,0.346553146839,-0.0482129007578,0.339207679033,0.0,-0.274654090405,0.292996913195,-0.0125955734402,-0.0289591923356,-0.322068691254,-0.261315643787,-0.274654090405,-0.292996913195,0.486054390669,0.0
1630632830119346923,height,4,32,width,4,8,imag,2,2,0,0.00209587416612,0.0,0.023825282231,-0.0124881463125,0.0247260462493,-0.00884546339512,-0.0133061818779,0.0282609108835,0.023825282231,0.0124881463125,0.35977190733,0.0,0.344238013029,0.0481142438948,-0.326114833355,0.249225944281,0.0247260462493,0.00884546339512,0.344238013029,-0.0481142438948,0.337708622217,0.0,-0.280656993389,0.282829731703,-0.0133061818779,-0.0282609108835,-0.326114833355,-0.249225944281,-0.280656993389,-0.282829731703,0.480130434036,0.0
1630632830165622148,height,4,32,width,4,8,imag,2,2,0,0.0021090595983,0.0,0.0240214541554,-0.0123893776909,0.0249626897275,-0.00866227038205,-0.0132975997403,0.028410654515,0.0240214541554,0.0123893776909,0.360937833786,0.0,0.345620274544,0.0493310168386,-0.324739277363,0.252709984779,0.0249626897275,0.00866227038205,0.345620274544,-0.0493310168386,0.339666455984,0.0,-0.278434067965,0.287216484547,-0.0132975997403,-0.028410654515,-0.324739277363,-0.252709984779,-0.278434067965,-0.287216484547,0.481071025133,0.0
1630632830354954427,height,4,32,width,4,8,imag,2,2,0,0.0021082770545,0.0,0.0240202397108,-0.0126037448645,0.0249252337962,-0.00883577484637,-0.0132800629362,0.0285239070654,0.0240202397108,0.0126037448645,0.363210260868,0.0,0.347078055143,0.0497081764042,-0.328131228685,0.252562910318,0.0249252337962,0.00883577484637,0.347078055143,-0.0497081764042,0.340282976627,0.0,-0.280856072903,0.2869836092,-0.0132800629362,-0.0285239070654,-0.328131228685,-0.252562910318,-0.280856072903,-0.2869836092,0.484117507935,0.0
1630632830372921387,height,4,32,width,4,8,imag,2,2,0,0.00210313289426,0.0,0.0238058362156,-0.0126734776422,0.0247270446271,-0.00898374989629,-0.0129764499143,0.0285160150379,0.0238058362156,0.0126734776422,0.360265672207,0.0,0.344472318888,0.0486431792378,-0.32516926527,0.251915723085,0.0247270446271,0.00898374989629,0.344472318888,-0.0486431792378,0.337786972523,0.0,-0.278787523508,0.285458683968,-0.0129764499143,-0.0285160150379,-0.32516926527,-0.251915723085,-0.278787523508,-0.285458683968,0.481535941362,0.0
1630632830385209216,height,4,32,width,4,8,imag,2,2,0,0.00116345123388,0.0,0.0131408078596,-0.00673008430749,0.0136000942439,-0.00473929848522,-0.00709013547748,0.0156116178259,0.0131408078596,0.00673008430749,0.197420716286,0.0,0.188894733787,0.0261898916215,-0.17587839067,0.140858128667,0.0136000942439,0.00473929848522,0.188894733787,-0.0261898916215,0.18521386385,0.0,-0.150602504611,0.158514365554,-0.00709013547748,-0.0156116178259,-0.17587839067,-0.140858128667,-0.150602504611,-0.158514365554,0.263751238585,0.0
1630632830541174094,height,4,32,width,4,8,imag,2,2,0,3.17935482599e-05,0.0,1.93067734244e-07,2.94123410072e-08,-4.30044586608e-08,-2.71377672334e-07,-1.59535531452e-08,7.05634732867e-08,1.93067734244e-07,-2.94123410072e-08,3.62105565728e-05,0.0,-2.68566310524e-07,-1.9754516245e-08,1.60524731285e-08,1.90028373481e-07,-4.30044586608e-08,2.71377672334e-07,-2.68566310524e-07,1.9754516245e-08,3.67970642401e-05,0.0,4.5787018621e-07,1.28317921622e-07,-1.59535531452e-08,-7.05634732867e-08,1.60524731285e-08,-1.90028373481e-07,4.5787018621e-07,-1.28317921622e-07,3.70311390725e-05,0.0
1630632830593632914,height,4,32,width,4,8,imag,2,2,0,0.00209588813595,0.0,0.0238352213055,-0.012471428141,0.0247312150896,-0.00882734637707,-0.0133204488084,0.0282548926771,0.0238352213055,0.012471428141,0.359754562378,0.0,0.344201743603,0.0480975657701,-0.326115846634,0.249285459518,0.0247312150896,0.00882734637707,0.344201743603,-0.0480975657701,0.33764976263,0.0,-0.28064250946,0.28285291791,-0.0133204488084,-0.0282548926771,-0.326115846634,-0.249285459518,-0.28064250946,-0.28285291791,0.480231910944,0.0
1630632830644537212,height,4,32,width,4,8,imag,2,2,0,0.00210420647636,0.0,0.0239841938019,-0.012416433543,0.0248910412192,-0.00866068154573,-0.0131187085062,0.0284508429468,0.0239841938019,0.012416433543,0.360681474209,0.0,0.345054894686,0.0495558157563,-0.323487371206,0.253714829683,0.0248910412192,0.00866068154573,0.345054894686,-0.0495558157563,0.338697195053,0.0,-0.276402711868,0.28787124157,-0.0131187085062,-0.0284508429468,-0.323487371206,-0.253714829683,-0.276402711868,-0.28787124157,0.480786114931,0.0
1630632830707458487,height,4,32,width,4,8,imag,2,2,0,3.18670790875e-05,0.0,-9.46429139503e-08,-7.23952240378e-08,-1.87297516163e-07,1.6406204395e-07,6.95855604249e-08,-1.64168724837e-07,-9.46429139503e-08,7.23952240378e-08,3.57114840881e-05,0.0,7.2967608844e-08,-7.64968675071e-08,1.94198307213e-07,-1.80229093871e-07,-1.87297516163e-07,-1.6406204395e-07,7.2967608844e-08,7.64968675071e-08,3.68768050976e-05,0.0,5.36660934358e-07,1.66506396226e-07,6.95855604249e-08,1.64168724837e-07,1.94198307213e-07,1.80229093871e-07,5.36660934358e-07,-1.66506396226e-07,3.73301663785e-05,0.0
1630632830761419568,height,4,32,width,4,8,imag,2,2,0,3.19117280014e-05,0.0,1.04614251484e-07,2.88232428147e-07,-2.88563040129e-08,1.31711914264e-07,-9.15001479029e-08,-2.38669258579e-07,1.04614251484e-07,-2.88232428147e-07,3.5538469092e-05,0.0,-4.0673313606e-08,-6.91181014645e-08,-2.49892018189e-08,-2.4987643954e-08,-2.88563040129e-08,-1.31711914264e-07,-4.0673313606e-08,6.91181014645e-08,3.64708575944e-05,0.0,1.38396686111e-07,-1.45999820234e-07,-9.15001479029e-08,2.38669258579e-07,-2.49892018189e-08,2.4987643954e-08,1.38396686111e-07,1.45999820234e-07,3.74992450816e-05,0.0
1630632830886782996,height,4,32,width,4,8,imag,2,2,0,3.19745122397e-05,0.0,2.25534734e-07,-7.1233223764e-08,5.44386757895e-08,-3.34287122428e-08,1.43453775081e-07,-1.74179206169e-07,2.25534734e-07,7.1233223764e-08,3.58095931006e-05,0.0,1.0378327886e-07,-1.30386453634e-07,-1.15487864605e-07,-9.79944090318e-08,5.44386757895e-08,3.34287122428e-08,1.0378327886e-07,1.30386453634e-07,3.6204161006e-05,0.0,2.58970061395e-07,3.94382226432e-07,1.43453775081e-07,1.74179206169e-07,-1.15487864605e-07,9.79944090318e-08,2.58970061395e-07,-3.94382226432e-07,3.71335881937e-05,0.0
1630632830911064652,height,4,32,width,4,8,imag,2,2,0,0.00211021141149,0.0,0.0240386854857,-0.0125908404589,0.0249433591962,-0.00882022175938,-0.0133070852607,0.0285266377032,0.0240386854857,0.0125908404589,0.363236099482,0.0,0.347101420164,0.0497212409973,-0.328124731779,0.252604603767,0.0249433591962,0.00882022175938,0.347101420164,-0.0497212409973,0.340309649706,0.0,-0.280836582184,0.287034600973,-0.0133070852607,-0.0285266377032,-0.328124731779,-0.252604603767,-0.280836582184,-0.287034600973,0.484126269817,0.0
1630632830926000708,height,4,32,width,4,8,imag,2,2,0,3.2101317629e-05,0.0,2.38429350929e-07,1.69829803554e-07,-8.34117557247e-08,-1.0756686919e-07,-2.51705589704e-08,-8.83140174324e-08,2.38429350929e-07,-1.69829803554e-07,3.61387064913e-05,0.0,3.49090711893e-08,-1.73211436305e-08,-1.47047862775e-09,2.31916033044e-07,-8.34117557247e-08,1.0756686919e-07,3.49090711893e-08,1.73211436305e-08,3.64681327483e-05,0.0,2.65690687229e-07,4.68350521032e-07,-2.51705589704e-08,8.83140174324e-08,-1.47047862775e-09,-2.31916033044e-07,2.65690687229e-07,-4.68350521032e-07,3.7325451558e-05,0.0
1630632831045552671,height,4,32,width,4,8,imag,2,2,0,3.1848452636e-05,0.0,4.90996256985e-08,3.38796510846e-08,-1.25006963003e-07,-8.82896866727e-09,-7.87184575302e-08,-2.00464825184e-07,4.90996256985e-08,-3.38796510846e-08,3.58627185051e-05,0.0,-1.54945336561e-08,-8.34432327679e-08,2.08550702041e-07,-8.90900864192e-08,-1.25006963003e-07,8.82896866727e-09,-1.54945336561e-08,8.34432327679e-08,3.67211396224e-05,0.0,9.13716036166e-08,3.80571556491e-08,-7.87184575302e-08,2.00464825184e-07,2.08550702041e-07,8.90900864192e-08,9.13716036166e-08,-3.80571556491e-08,3.73936709366e-05,0.0
1630632831102990850,height,4,32,width,4,8,imag,2,2,0,3.1649851735e-05,0.0,-7.6266871929e-08,1.5058100189e-07,-9.21324527781e-09,-2.53051581467e-07,1.20362102507e-07,2.35121390801e-07,-7.6266871929e-08,-1.5058100189e-07,3.59805344488e-05,0.0,1.10729082792e-07,-2.15840827877e-07,-8.14391043491e-08,-1.79727337013e-07,-9.21324527781e-09,2.53051581467e-07,1.10729082792e-07,2.15840827877e-07,3.66395615856e-05,0.0,1.72054413383e-07,8.0299926708e-08,1.20362102507e-07,-2.35121390801e-07,-8.14391043491e-08,1.79727337013e-07,1.72054413383e-07,-8.0299926708e-08,3.73777656932e-05,0.0
1630632831181952383,height,4,32,width,4,8,imag,2,2,0,0.00209879036993,0.0,0.0238408707082,-0.012491600588,0.0247404053807,-0.00884934328496,-0.0133146895096,0.0282803066075,0.0238408707082,0.012491600588,0.359764277935,0.0,0.34421813488,0.0480721071362,-0.326094657183,0.249292969704,0.0247404053807,0.00884934328496,0.34421813488,-0.0480721071362,0.337668895721,0.0,-0.280651569366,0.282839089632,-0.0133146895096,-0.0282803066075,-0.326094657183,-0.249292969704,-0.280651569366,-0.282839089632,0.480200171471,0.0
1630632831222119423,height,4,32,width,4,8,imag,2,2,0,3.18449092447e-05,0.0,-2.67138471344e-08,4.82331934393e-08,1.09274751026e-07,-2.01990388859e-07,-7.45746504549e-08,2.63373635789e-07,-2.67138471344e-08,-4.82331934393e-08,3.59039950126e-05,0.0,-1.1387270149e-07,-4.0590347794e-07,-1.71796784798e-07,-1.23849972056e-07,1.09274751026e-07,2.01990388859e-07,-1.1387270149e-07,4.0590347794e-07,3.67305001419e-05,0.0,1.79846750825e-07,-2.38028889044e-07,-7.45746504549e-08,-2.63373635789e-07,-1.71796784798e-07,1.23849972056e-07,1.79846750825e-07,2.38028889044e-07,3.71274400095e-05,0.0
1630632831288616269,height,4,32,width,4,8,imag,2,2,0,3.23697495332e-05,0.0,-1.97740035901e-07,3.93759442829e-08,-6.80779166373e-08,-3.93806907084e-08,4.16075884857e-08,1.46260376255e-07,-1.97740035901e-07,-3.93759442829e-08,3.5992157791e-05,0.0,-7.35933056717e-08,-2.59880209796e-07,-1.71065181576e-07,-1.85908874073e-07,-6.80779166373e-08,3.93806907084e-08,-7.35933056717e-08,2.59880209796e-07,3.64540355804e-05,0.0,-1.93410926386e-07,2.69814762532e-07,4.16075884857e-08,-1.46260376255e-07,-1.71065181576e-07,1.85908874073e-07,-1.93410926386e-07,-2.69814762532e-07,3.72310460079e-05,0.0
1630632831390534022,height,4,32,width,4,8,imag,2,2,0,3.1716110243e-05,0.0,4.29948485703e-08,-4.78728345854e-08,1.1225053953e-07,-3.12501597932e-08,-1.03507986182e-07,-1.09573505824e-07,4.29948485703e-08,4.78728345854e-08,3.58715151378e-05,0.0,3.10598466058e-07,-1.94734411707e-07,1.21559367017e-07,8.41671479179e-08,1.1225053953e-07,3.12501597932e-08,3.10598466058e-07,1.94734411707e-07,3.61609891115e-05,0.0,2.51254533623e-07,4.50920403239e-08,-1.03507986182e-07,1.09573505824e-07,1.21559367017e-07,-8.41671479179e-08,2.51254533623e-07,-4.50920403239e-08,3.723206828e-05,0.0
1630632831453441094,height,4,32,width,4,8,imag,2,2,0,3.22381856677e-05,0.0,2.40209288904e-07,-3.83216303135e-08,-2.33038441877e-08,6.5657353332e-08,9.5038650727e-08,-7.6149639483e-08,2.40209288904e-07,3.83216303135e-08,3.56169948645e-05,0.0,-1.75156372961e-07,-1.7348439485e-07,2.01775037567e-07,1.54286382781e-07,-2.33038441877e-08,-6.5657353332e-08,-1.75156372961e-07,1.7348439485e-07,3.67794236809e-05,0.0,1.14018625652e-07,1.00325365793e-07,9.5038650727e-08,7.6149639483e-08,2.01775037567e-07,-1.54286382781e-07,1.14018625652e-07,-1.00325365793e-07,3.73597322323e-05,0.0
1630632831490666763,height,4,32,width,4,8,imag,2,2,0,3.19249011227e-05,0.0,1.61794019959e-07,-2.35293438067e-08,2.75376138559e-10,6.1481728153e-08,-2.9111960842e-08,-1.55617456699e-08,1.61794019959e-07,2.35293438067e-08,3.61201164196e-05,0.0,-1.76449844957e-07,-2.37564506733e-07,3.67483501407e-08,-2.62842206666e-07,2.75376138559e-10,-6.1481728153e-08,-1.76449844957e-07,2.37564506733e-07,3.66141794075e-05,0.0,2.31180962373e-07,-3.21489785904e-08,-2.9111960842e-08,1.55617456699e-08,3.67483501407e-08,2.62842206666e-07,2.31180962373e-07,3.21489785904e-08,3.71021924366e-05,0.0
1630632831555895634,height,4,32,width,4,8,imag,2,2,0,3.20262843161e-05,0.0,2.30643255605e-08,4.73727723715e-08,3.13308191835e-07,8.68423128964e-08,2.00825979846e-07,-5.84412056526e-08,2.30643255605e-08,-4.73727723715e-08,3.61493730452e-05,0.0,9.01518433238e-08,-1.7590902246e-07,9.62736166343e-08,-1.20916752167e-07,3.13308191835e-07,-8.68423128964e-08,9.01518433238e-08,1.7590902246e-07,3.64378538507e-05,0.0,3.31433909651e-07,3.41364483347e-07,2.00825979846e-07,5.84412056526e-08,9.62736166343e-08,1.20916752167e-07,3.31433909651e-07,-3.41364483347e-07,3.71570604329e-05,0.0
1630632831688309182,height,4,32,width,4,8,imag,2,2,0,3.20588333125e-05,0.0,7.17968973163e-08,-3.2661191085e-08,8.69439205076e-08,2.27854727086e-07,1.27553690277e-07,9.91084689872e-08,7.17968973163e-08,3.2661191085e-08,3.59137666237e-05,0.0,-4.59435511857e-08,-3.64643057083e-07,1.110676493e-07,-1.42174812368e-07,8.69439205076e-08,-2.27854727086e-07,-4.59435511857e-08,3.64643057083e-07,3.63176477549e-05,0.0,2.62761432168e-07,-5.51690426676e-08,1.27553690277e-07,-9.91084689872e-08,1.110676493e-07,1.42174812368e-07,2.62761432168e-07,5.51690426676e-08,3.73677285097e-05,0.0
1630632831721695389,height,4,32,width,4,8,imag,2,2,0,3.18972925015e-05,0.0,1.36393737193e-07,-4.54739073064e-08,-2.84651349602e-07,-1.3248099151e-07,2.99252498337e-08,1.15729903882e-07,1.36393737193e-07,4.54739073064e-08,3.59092045983e-05,0.0,1.12004244102e-07,-1.71539198845e-07,3.26405960038e-08,1.42125342606e-08,-2.84651349602e-07,1.3248099151e-07,1.12004244102e-07,1.71539198845e-07,3.61118000001e-05,0.0,5.59700424674e-07,8.67502762958e-08,2.99252498337e-08,-1.15729903882e-07,3.26405960038e-08,-1.42125342606e-08,5.59700424674e-07,-8.67502762958e-08,3.72121685359e-05,0.0
1630632831768750007,height,4,32,width,4,8,imag,2,2,0,3.19120117638e-05,0.0,1.28030052338e-07,-1.22793707646e-07,2.5783688784e-07,6.84790748551e-08,1.56185521405e-07,1.39604679816e-07,1.28030052338e-07,1.22793707646e-07,3.59132573067e-05,0.0,2.39593465068e-08,-8.02646695774e-08,6.55866685406e-08,-5.72164360335e-08,2.5783688784e-07,-6.84790748551e-08,2.39593465068e-08,8.02646695774e-08,3.65492596757e-05,0.0,2.3390169801e-08,1.53905943989e-07,1.56185521405e-07,-1.39604679816e-07,6.55866685406e-08,5.72164360335e-08,2.3390169801e-08,-1.53905943989e-07,3.69619228877e-05,0.0
1630632831832590998,height,4,32,width,4,8,imag,2,2,0,3.20722901961e-05,0.0,5.9737615743e-08,4.36974190166e-09,-1.98116669736e-08,-2.04896409173e-07,1.11544004255e-07,-2.18570292532e-07,5.9737615743e-08,-4.36974190166e-09,3.58908328053e-05,0.0,1.69539760009e-08,-2.81450041939e-07,9.11117439273e-08,-2.91603555524e-07,-1.98116669736e-08,2.04896409173e-07,1.69539760009e-08,2.81450041939e-07,3.64711377188e-05,0.0,1.70546329059e-07,-1.78563208664e-08,1.11544004255e-07,2.18570292532e-07,9.11117439273e-08,2.91603555524e-07,1.70546329059e-07,1.78563208664e-08,3.73884977307e-05,0.0
1630632831965386869,height,4,32,width,4,8,imag,2,2,0,3.22507439705e-05,0.0,-1.37745772122e-07,1.12360993398e-07,9.67948352582e-08,-1.03867222379e-07,-1.37689141866e-07,-8.99063721249e-08,-1.37745772122e-07,-1.12360993398e-07,3.59927107638e-05,0.0,1.83251842145e-07,5.77965586501e-09,2.52323073546e-09,-6.31690326713e-08,9.67948352582e-08,1.03867222379e-07,1.83251842145e-07,-5.77965586501e-09,3.65186569979e-05,0.0,2.1277978135e-07,-9.82131851401e-08,-1.37689141866e-07,8.99063721249e-08,2.52323073546e-09,6.31690326713e-08,2.1277978135e-07,9.82131851401e-08,3.74015617126e-05,0.0
1630632831991283587,height,4,32,width,4,8,imag,2,2,0,3.23498097714e-05,0.0,7.05878377971e-08,-1.96903357619e-07,1.03397646001e-07,2.74827726798e-07,-7.63677299176e-09,2.4961773093e-08,7.05878377971e-08,1.96903357619e-07,3.59923578799e-05,0.0,3.89294143588e-08,-6.98989666148e-08,3.88168217569e-08,-9.96928690711e-08,1.03397646001e-07,-2.74827726798e-07,3.89294143588e-08,6.98989666148e-08,3.65928572137e-05,0.0,1.84457917385e-07,-6.81704790395e-08,-7.63677299176e-09,-2.4961773093e-08,3.88168217569e-08,9.96928690711e-08,1.84457917385e-07,6.81704790395e-08,3.72509312001e-05,0.0
1630632832013530988,height,4,32,width,4,8,imag,2,2,0,3.19703940477e-05,0.0,1.25552944041e-07,-5.96846305712e-08,-1.62569889994e-07,1.92321735426e-07,-6.15966015971e-08,-6.66682486994e-09,1.25552944041e-07,5.96846305712e-08,3.59649566235e-05,0.0,2.11725378563e-07,-9.39593558513e-09,-1.09845480267e-07,-1.5829051847e-07,-1.62569889994e-07,-1.92321735426e-07,2.11725378563e-07,9.39593558513e-09,3.66379172192e-05,0.0,1.60240873015e-07,9.50669232225e-08,-6.15966015971e-08,6.66682486994e-09,-1.09845480267e-07,1.5829051847e-07,1.60240873015e-07,-9.50669232225e-08,3.68717155652e-05,0.0
1630632832144671047,height,4,32,width,4,8,imag,2,2,0,3.18421625707e-05,0.0,3.00602422953e-08,-1.24984708805e-07,-3.08194870513e-07,1.42133657732e-07,-6.08295138704e-08,7.9210032311e-08,3.00602422953e-08,1.24984708805e-07,3.62329701602e-05,0.0,-2.95174714893e-07,1.39855220738e-08,-9.94611610849e-08,-1.45395233631e-07,-3.08194870513e-07,-1.42133657732e-07,-2.95174714893e-07,-1.39855220738e-08,3.67006905435e-05,0.0,4.11707475223e-07,-1.63005779541e-07,-6.08295138704e-08,-7.9210032311e-08,-9.94611610849e-08,1.45395233631e-07,4.11707475223e-07,1.63005779541e-07,3.74268893211e-05,0.0
1630632832200388766,height,4,32,width,4,8,imag,2,2,0,3.17484082188e-05,0.0,-1.12682066344e-07,1.23215016856e-07,-1.05145598894e-08,5.96860871838e-08,-3.34851222306e-08,-1.08692596257e-07,-1.12682066344e-07,-1.23215016856e-07,3.58945690095e-05,0.0,9.08655977128e-08,-1.05789737859e-07,-1.67979862908e-07,-1.78017529606e-07,-1.05145598894e-08,-5.96860871838e-08,9.08655977128e-08,1.05789737859e-07,3.6577002902e-05,0.0,5.18121794357e-07,-7.00697739831e-08,-3.34851222306e-08,1.08692596257e-07,-1.67979862908e-07,1.78017529606e-07,5.18121794357e-07,7.00697739831e-08,3.77109718102e-05,0.0
1630632832262992744,height,4,32,width,4,8,imag,2,2,0,3.21177176374e-05,0.0,-8.50490025073e-08,-3.13874295443e-08,-2.00567086495e-07,-2.89485111438e-08,-5.32433865885e-08,-3.93690022804e-08,-8.50490025073e-08,3.13874295443e-08,3.61699530913e-05,0.0,9.80811947215e-08,-1.50675361965e-07,1.13017172509e-07,5.84078527766e-08,-2.00567086495e-07,2.89485111438e-08,9.80811947215e-08,1.50675361965e-07,3.67290813301e-05,0.0,2.63895799435e-07,1.41633222484e-07,-5.32433865885e-08,3.93690022804e-08,1.13017172509e-07,-5.84078527766e-08,2.63895799435e-07,-1.41633222484e-07,3.70250054402e-05,0.0
1630632832299079218,height,4,32,width,4,8,imag,2,2,0,3.19812825182e-05,0.0,-1.98628910653e-07,-2.53721395893e-07,7.18560810853e-09,-1.40973881457e-07,-5.67439473187e-09,-2.9862198403e-07,-1.98628910653e-07,2.53721395893e-07,3.59702353308e-05,0.0,-6.28730845165e-08,-5.94769780093e-08,-6.90344137411e-08,8.1032403898e-08,7.18560810853e-09,1.40973881457e-07,-6.28730845165e-08,5.94769780093e-08,3.64670959243e-05,0.0,4.79600657854e-07,8.68503562401e-08,-5.67439473187e-09,2.9862198403e-07,-6.90344137411e-08,-8.1032403898e-08,4.79600657854e-07,-8.68503562401e-08,3.70060697605e-05,0.0
1630632832438350372,height,4,32,width,4,8,imag,2,2,0,3.16783116432e-05,0.0,-8.20235399601e-08,-1.05144950524e-08,1.2684346018e-07,-4.43528250571e-07,-8.78378187963e-08,1.82426074247e-08,-8.20235399601e-08,1.05144950524e-08,3.57542339771e-05,0.0,6.92535024882e-08,-1.77820226099e-07,2.98382786923e-07,2.81662764223e-08,1.2684346018e-07,4.43528250571e-07,6.92535024882e-08,1.77820226099e-07,3.61104575859e-05,0.0,8.78887149725e-08,9.29810894945e-08,-8.78378187963e-08,-1.82426074247e-08,2.98382786923e-07,-2.81662764223e-08,8.78887149725e-08,-9.29810894945e-08,3.76447751478e-05,0.0
1630632832449065849,height,4,32,width,4,8,imag,2,2,0,3.19061909977e-05,0.0,-1.22429497651e-07,-1.24079733155e-07,3.48618343082e-08,7.60322933502e-08,-9.38198780887e-08,2.28983534356e-08,-1.22429497651e-07,1.24079733155e-07,3.59915502486e-05,0.0,8.44733278882e-08,-3.53103928319e-08,-7.82895881457e-08,-9.23332805769e-08,3.48618343082e-08,-7.60322933502e-08,8.44733278882e-08,3.53103928319e-08,3.67114771507e-05,0.0,4.29429398707e-08,4.77481947314e-08,-9.38198780887e-08,-2.28983534356e-08,-7.82895881457e-08,9.23332805769e-08,4.29429398707e-08,-4.77481947314e-08,3.75710515073e-05,0.0
1630632832468653988,height,4,32,width,4,8,imag,2,2,0,3.16942750942e-05,0.0,1.28742044581e-07,-1.16041661613e-07,-7.71414008227e-08,-1.48176241055e-07,1.22769478139e-07,-2.01968433089e-07,1.28742044581e-07,1.16041661613e-07,3.5960056266e-05,0.0,2.29702905585e-07,-8.95334864026e-08,1.59533570354e-07,-7.93662451315e-08,-7.71414008227e-08,1.48176241055e-07,2.29702905585e-07,8.95334864026e-08,3.62201135431e-05,0.0,1.15995739236e-07,1.79255607691e-07,1.22769478139e-07,2.01968433089e-07,1.59533570354e-07,7.93662451315e-08,1.15995739236e-07,-1.79255607691e-07,3.74357659894e-05,0.0
1630632832628925388,height,4,32,width,4,8,imag,2,2,0,3.20246217598e-05,0.0,4.18576107108e-08,9.37186470651e-08,-1.24633785958e-07,-2.45749504302e-07,-2.9966887638e-08,2.51989735744e-08,4.18576107108e-08,-9.37186470651e-08,3.60537596862e-05,0.0,1.51541101445e-07,-2.88444681473e-07,2.45494987894e-07,1.05928501526e-08,-1.24633785958e-07,2.45749504302e-07,1.51541101445e-07,2.88444681473e-07,3.65649830201e-05,0.0,3.76141002789e-07,5.3331987715e-08,-2.9966887638e-08,-2.51989735744e-08,2.45494987894e-07,-1.05928501526e-08,3.76141002789e-07,-5.3331987715e-08,3.74269875465e-05,0.0
1630632832700351036,height,4,32,width,4,8,imag,2,2,0,3.2200878195e-05,0.0,5.19791854003e-08,2.6617390958e-08,1.71498335533e-08,-2.01125640586e-08,-1.27999271626e-07,-2.331370208e-09,5.19791854003e-08,-2.6617390958e-08,3.60857338819e-05,0.0,4.33999858274e-08,-1.96119970042e-07,-4.89864611097e-08,-2.15470059572e-08,1.71498335533e-08,2.01125640586e-08,4.33999858274e-08,1.96119970042e-07,3.65072955901e-05,0.0,5.07001402639e-07,2.60472234004e-07,-1.27999271626e-07,2.331370208e-09,-4.89864611097e-08,2.15470059572e-08,5.07001402639e-07,-2.60472234004e-07,3.68759174307e-05,0.0
1630632832734270135,height,4,32,width,4,8,imag,2,2,0,3.21398547385e-05,0.0,-5.16745686241e-08,6.09897483628e-08,1.38790525739e-07,1.13618632724e-07,1.37739375461e-08,2.35142749716e-08,-5.16745686241e-08,-6.09897483628e-08,3.58131073881e-05,0.0,-1.55275458269e-07,-2.1729701416e-07,-3.77809676877e-08,-1.1575879455e-07,1.38790525739e-07,-1.13618632724e-07,-1.55275458269e-07,2.1729701416e-07,3.63224753528e-05,0.0,3.97921439799e-07,3.59093149882e-07,1.37739375461e-08,-2.35142749716e-08,-3.77809676877e-08,1.1575879455e-07,3.97921439799e-07,-3.59093149882e-07,3.75270792574e-05,0.0
1630632832799144432,height,4,32,width,4,8,imag,2,2,0,3.19199207297e-05,0.0,-2.79537914594e-07,-3.34897154453e-09,-2.4176424418e-08,3.50143878336e-08,-3.49105491182e-08,4.13601348725e-08,-2.79537914594e-07,3.34897154453e-09,3.61733509635e-05,0.0,1.92873585547e-07,2.6464162417e-08,-9.07845532083e-08,-3.44853987144e-07,-2.4176424418e-08,-3.50143878336e-08,1.92873585547e-07,-2.6464162417e-08,3.61047059414e-05,0.0,5.0260939588e-07,2.22774616532e-07,-3.49105491182e-08,-4.13601348725e-08,-9.07845532083e-08,3.44853987144e-07,5.0260939588e-07,-2.22774616532e-07,3.72483991669e-05,0.0
1630632832937359764,height,4,32,width,4,8,imag,2,2,0,3.24159009324e-05,0.0,1.00127735436e-07,1.10912914408e-07,-7.862725937e-08,2.22818854922e-07,1.30641012674e-07,-1.20045342555e-07,1.00127735436e-07,-1.10912914408e-07,3.59054429282e-05,0.0,2.74538169975e-09,-6.07745178627e-08,-4.50194654888e-08,-1.6535408065e-07,-7.862725937e-08,-2.22818854922e-07,2.74538169975e-09,6.07745178627e-08,3.6358997022e-05,0.0,8.23980954578e-08,-3.51565319079e-08,1.30641012674e-07,1.20045342555e-07,-4.50194654888e-08,1.6535408065e-07,8.23980954578e-08,3.51565319079e-08,3.73945549654e-05,0.0
1630632832946670744,height,4,32,width,4,8,imag,2,2,0,3.203453889e-05,0.0,1.72805165732e-08,5.31975530293e-08,-5.34850599365e-08,-1.65832375387e-07,-1.46991951055e-07,-2.56894111317e-07,1.72805165732e-08,-5.31975530293e-08,3.6540455767e-05,0.0,1.05716213561e-09,-1.15317391192e-07,-2.50003235891e-08,1.54285189069e-07,-5.34850599365e-08,1.65832375387e-07,1.05716213561e-09,1.15317391192e-07,3.6789191654e-05,0.0,3.4355954881e-07,4.38855494167e-07,-1.46991951055e-07,2.56894111317e-07,-2.50003235891e-08,-1.54285189069e-07,3.4355954881e-07,-4.38855494167e-07,3.72325630451e-05,0.0
1630632832998705445,height,4,32,width,4,8,imag,2,2,0,3.18252168654e-05,0.0,-1.1622608298e-07,-1.65328287949e-07,-3.23204893959e-08,-3.6042298035e-08,-7.07472480599e-08,-1.37720434168e-07,-1.1622608298e-07,1.65328287949e-07,3.59702426067e-05,0.0,-7.35360217163e-08,1.78360309633e-07,-1.64475821407e-07,2.03535677201e-07,-3.23204893959e-08,3.6042298035e-08,-7.35360217163e-08,-1.78360309633e-07,3.62686223525e-05,0.0,4.22823632107e-07,2.92854821282e-07,-7.07472480599e-08,1.37720434168e-07,-1.64475821407e-07,-2.03535677201e-07,4.22823632107e-07,-2.92854821282e-07,3.72787872038e-05,0.0
1630632833085666394,height,4,32,width,4,8,imag,2,2,0,3.21462503052e-05,0.0,1.93230221157e-07,1.4145342675e-07,-3.0054067679e-08,2.98003470789e-08,-1.1620903706e-07,-3.9345618319e-08,1.93230221157e-07,-1.4145342675e-07,3.58040524588e-05,0.0,8.68626486294e-08,-1.55746668895e-08,1.25762767311e-07,1.40772726809e-07,-3.0054067679e-08,-2.98003470789e-08,8.68626486294e-08,1.55746668895e-08,3.67464599549e-05,0.0,-2.7006628045e-08,1.2689184814e-07,-1.1620903706e-07,3.9345618319e-08,1.25762767311e-07,-1.40772726809e-07,-2.7006628045e-08,-1.2689184814e-07,3.72262875317e-05,0.0
1630632833098945307,height,4,32,width,4,8,imag,2,2,0,3.18178936141e-05,0.0,-2.80972756173e-07,-1.14847040322e-07,-4.46980052971e-08,4.07509297418e-08,-5.9467986091e-08,-1.28895685236e-08,-2.80972756173e-07,1.14847040322e-07,3.6482419091e-05,0.0,-2.77437806062e-07,-2.30475663443e-07,2.78752736449e-08,-1.32712699497e-07,-4.46980052971e-08,-4.07509297418e-08,-2.77437806062e-07,2.30475663443e-07,3.63912186003e-05,0.0,3.91361709262e-07,2.05197835612e-07,-5.9467986091e-08,1.28895685236e-08,2.78752736449e-08,1.32712699497e-07,3.91361709262e-07,-2.05197835612e-07,3.75007839466e-05,0.0
1630632833229329586,height,4,32,width,4,8,imag,2,2,0,3.19854116242e-05,0.0,-9.91437687503e-08,-1.11388196444e-07,8.99581991121e-08,5.26911101417e-08,1.49817140027e-07,1.4637883794e-07,-9.91437687503e-08,1.11388196444e-07,3.59549703717e-05,0.0,7.80912969844e-08,1.85082711823e-07,8.35608346961e-08,-2.06455126772e-07,8.99581991121e-08,-5.26911101417e-08,7.80912969844e-08,-1.85082711823e-07,3.65117921319e-05,0.0,3.41100275136e-07,1.51339577315e-07,1.49817140027e-07,-1.4637883794e-07,8.35608346961e-08,2.06455126772e-07,3.41100275136e-07,-1.51339577315e-07,3.74534574803e-05,0.0
1630632833267974482,height,4,32,width,4,8,imag,2,2,0,3.19441933243e-05,0.0,-1.9922166139e-09,-1.62813293514e-07,1.07756727985e-08,1.07135527116e-07,7.15591568223e-08,-1.36762437819e-07,-1.9922166139e-09,1.62813293514e-07,3.59101286449e-05,0.0,1.12311603573e-07,2.46359004308e-08,2.70020080961e-07,-3.59560630159e-07,1.07756727985e-08,-1.07135527116e-07,1.12311603573e-07,-2.46359004308e-08,3.65129635611e-05,0.0,2.05508271733e-07,1.73307014961e-07,7.15591568223e-08,1.36762437819e-07,2.70020080961e-07,3.59560630159e-07,2.05508271733e-07,-1.73307014961e-07,3.72482354578e-05,0.0
1630632833347671144,height,4,32,width,4,8,imag,2,2,0,3.19095379382e-05,0.0,-1.13213715736e-07,-2.70185420703e-08,-6.41932516032e-08,-1.36901476822e-07,6.05190066949e-08,-8.48991348334e-08,-1.13213715736e-07,2.70185420703e-08,3.60012127203e-05,0.0,-1.78538655859e-07,2.91110865192e-07,1.2956868467e-08,-9.23593646007e-08,-6.41932516032e-08,1.36901476822e-07,-1.78538655859e-07,-2.91110865192e-07,3.61953025276e-05,0.0,4.76643350567e-07,5.86979922446e-08,6.05190066949e-08,8.48991348334e-08,1.2956868467e-08,9.23593646007e-08,4.76643350567e-07,-5.86979922446e-08,3.73010079784e-05,0.0
1630632833479842733,height,4,32,width,4,8,imag,2,2,0,3.20744111377e-05,0.0,-1.18053939957e-07,-1.27371052372e-07,-1.33098708943e-07,-2.13489826706e-07,-1.25839662246e-07,-3.20623101402e-08,-1.18053939957e-07,1.27371052372e-07,3.63339640899e-05,0.0,1.55613747665e-07,-1.20111451452e-07,1.69016828977e-07,-1.56687505637e-07,-1.33098708943e-07,2.13489826706e-07,1.55613747665e-07,1.20111451452e-07,3.64591505786e-05,0.0,2.77304451402e-07,3.28220934875e-08,-1.25839662246e-07,3.20623101402e-08,1.69016828977e-07,1.56687505637e-07,2.77304451402e-07,-3.28220934875e-08,3.74969131371e-05,0.0
1630632833480374162,height,4,32,width,4,8,imag,2,2,0,3.23369094986e-05,0.0,1.03424369513e-07,1.7804980601e-08,-1.74288558696e-07,5.45769154314e-08,-1.90734361638e-09,-1.67759694136e-07,1.03424369513e-07,-1.7804980601e-08,3.57956596417e-05,0.0,6.59384369328e-08,1.28047872749e-07,7.79704549814e-08,-7.54342366349e-08,-1.74288558696e-07,-5.45769154314e-08,6.59384369328e-08,-1.28047872749e-07,3.66276290151e-05,0.0,1.856043923e-07,3.45728743412e-08,-1.90734361638e-09,1.67759694136e-07,7.79704549814e-08,7.54342366349e-08,1.856043923e-07,-3.45728743412e-08,3.72397698811e-05,0.0
1630632833586944750,height,4,32,width,4,8,imag,2,2,0,3.17477570206e-05,0.0,6.46096864898e-08,-1.22274215641e-07,2.01855328896e-07,9.84766472811e-08,2.20068443468e-07,1.00031556372e-07,6.46096864898e-08,1.22274215641e-07,3.59796649718e-05,0.0,-2.376815047e-07,-1.76328001089e-07,1.11347532084e-07,3.94279339844e-07,2.01855328896e-07,-9.84766472811e-08,-2.376815047e-07,1.76328001089e-07,3.70214766008e-05,0.0,3.69671710132e-07,1.00428913186e-07,2.20068443468e-07,-1.00031556372e-07,1.11347532084e-07,-3.94279339844e-07,3.69671710132e-07,-1.00428913186e-07,3.74996307073e-05,0.0
1630632833618051969,height,4,32,width,4,8,imag,2,2,0,3.20994586218e-05,0.0,-7.24629956039e-09,6.2189997152e-08,-5.99753207098e-08,1.6096736033e-07,-1.25319374433e-07,1.06054137916e-07,-7.24629956039e-09,-6.2189997152e-08,3.57983772119e-05,0.0,1.8974935756e-07,-1.01429940003e-07,2.59923979229e-07,-8.01105812798e-08,-5.99753207098e-08,-1.6096736033e-07,1.8974935756e-07,1.01429940003e-07,3.64294974133e-05,0.0,3.47876635942e-07,3.9937759766e-07,-1.25319374433e-07,-1.06054137916e-07,2.59923979229e-07,8.01105812798e-08,3.47876635942e-07,-3.9937759766e-07,3.76413663616e-05,0.0
1630632833672433059,height,4,32,width,4,8,imag,2,2,0,3.19824575854e-05,0.0,6.44104360958e-08,-1.07996243059e-07,1.05522687477e-07,8.71320509077e-08,-2.59626151689e-08,-1.52585819535e-08,6.44104360958e-08,1.07996243059e-07,3.63925137208e-05,0.0,7.09488858774e-08,-1.15695144132e-07,1.72168839185e-07,-2.75507368031e-08,1.05522687477e-07,-8.71320509077e-08,7.09488858774e-08,1.15695144132e-07,3.65262094419e-05,0.0,3.45429100435e-07,-1.00754817822e-07,-2.59626151689e-08,1.52585819535e-08,1.72168839185e-07,2.75507368031e-08,3.45429100435e-07,1.00754817822e-07,3.75327726942e-05,0.0
1630632833728228022,height,4,32,width,4,8,imag,2,2,0,0.0020726271905,0.0,0.0236062351614,-0.0122081348673,0.0244164932519,-0.00862165447325,-0.0136721208692,0.0277061332017,0.0236062351614,0.0122081348673,0.355079293251,0.0,0.339166790247,0.0469928644598,-0.325187832117,0.242051228881,0.0244164932519,0.00862165447325,0.339166790247,-0.0469928644598,0.332028776407,0.0,-0.280567348003,0.274939268827,-0.0136721208692,-0.0277061332017,-0.325187832117,-0.242051228881,-0.280567348003,-0.274939268827,0.474691063166,0.0
1630632833756269954,height,4,32,width,4,8,imag,2,2,0,3.19003956974e-05,0.0,5.50142118527e-08,-1.43058827007e-07,-4.86854467852e-08,-1.15748193252e-07,8.65692850738e-09,8.618346925e-08,5.50142118527e-08,1.43058827007e-07,3.5771241528e-05,0.0,3.0386072325e-08,1.61080237149e-07,1.40199645671e-07,2.29819406172e-07,-4.86854467852e-08,1.15748193252e-07,3.0386072325e-08,-1.61080237149e-07,3.63680373994e-05,0.0,6.26408578341e-08,1.51223886746e-07,8.65692850738e-09,-8.618346925e-08,1.40199645671e-07,-2.29819406172e-07,6.26408578341e-08,-1.51223886746e-07,3.76612406399e-05,0.0
1630632833857826606,height,4,32,width,4,8,imag,2,2,0,3.19092650898e-05,0.0,-1.05629659686e-07,-3.21771722156e-07,-1.44943115288e-07,-2.04420746996e-08,-1.20361917766e-07,-4.93096123932e-08,-1.05629659686e-07,3.21771722156e-07,3.55254087481e-05,0.0,-1.7117000084e-07,-1.8882534647e-08,-8.94299034826e-08,-1.20236833823e-08,-1.44943115288e-07,2.04420746996e-08,-1.7117000084e-07,1.8882534647e-08,3.66235944966e-05,0.0,3.16316459248e-07,1.24610659569e-08,-1.20361917766e-07,4.93096123932e-08,-8.94299034826e-08,1.20236833823e-08,3.16316459248e-07,-1.24610659569e-08,3.73052498617e-05,0.0
1630632833921213979,height,4,32,width,4,8,imag,2,2,0,0.00211972533725,0.0,0.0241352003068,-0.0125150047243,0.024980308488,-0.00887139700353,-0.0134092178196,0.0286429803818,0.0241352003068,0.0125150047243,0.363187760115,0.0,0.347244650126,0.0478836148977,-0.328248679638,0.25417470932,0.024980308488,0.00887139700353,0.347244650126,-0.0478836148977,0.340144455433,0.0,-0.282270401716,0.28701454401,-0.0134092178196,-0.0286429803818,-0.328248679638,-0.25417470932,-0.282270401716,-0.28701454401,0.486567646265,0.0
1630632834002539735,height,4,32,width,4,8,imag,2,2,0,3.16788900818e-05,0.0,-7.39469996347e-08,8.6492320861e-08,6.34181986925e-08,7.13642265282e-08,4.27540030046e-08,1.69336857425e-07,-7.39469996347e-08,-8.6492320861e-08,3.58375982614e-05,0.0,1.55552982051e-07,2.43794850974e-08,2.91167734368e-09,8.32645810078e-08,6.34181986925e-08,-7.13642265282e-08,1.55552982051e-07,-2.43794850974e-08,3.66589702026e-05,0.0,3.27409821921e-07,4.4783203812e-09,4.27540030046e-08,-1.69336857425e-07,2.91167734368e-09,-8.32645810078e-08,3.27409821921e-07,-4.4783203812e-09,3.77412252419e-05,0.0
1630632834018690213,height,4,32,width,4,8,imag,2,2,0,0.00207691756077,0.0,0.0236342288554,-0.012205815874,0.0244467947632,-0.00861824769527,-0.0136912539601,0.027726078406,0.0236342288554,0.012205815874,0.355005443096,0.0,0.339141458273,0.0469850897789,-0.325124323368,0.24202118814,0.0244467947632,0.00861824769527,0.339141458273,-0.0469850897789,0.332049131393,0.0,-0.280549585819,0.274937897921,-0.0136912539601,-0.027726078406,-0.325124323368,-0.24202118814,-0.280549585819,-0.274937897921,0.474630862474,0.0
1630632834101586931,height,4,32,width,4,8,imag,2,2,0,0.00209018122405,0.0,0.0237231887877,-0.0124903079122,0.0245408173651,-0.00896352902055,-0.0131865199655,0.0282504409552,0.0237231887877,0.0124903079122,0.358229696751,0.0,0.342463374138,0.0462331026793,-0.324834376574,0.249031871557,0.0245408173651,0.00896352902055,0.342463374138,-0.0462331026793,0.335165888071,0.0,-0.280346542597,0.280687898397,-0.0131865199655,-0.0282504409552,-0.324834376574,-0.249031871557,-0.280346542597,-0.280687898397,0.479659795761,0.0
1630632834213371132,height,4,32,width,4,8,imag,2,2,0,0.00208722497337,0.0,0.0237063728273,-0.0124643268064,0.0245246160775,-0.00894501805305,-0.013189974241,0.0282202940434,0.0237063728273,0.0124643268064,0.358167737722,0.0,0.342443615198,0.0461978055537,-0.324784576893,0.249003574252,0.0245246160775,0.00894501805305,0.342443615198,-0.0461978055537,0.335174739361,0.0,-0.280360668898,0.280659615993,-0.013189974241,-0.0282202940434,-0.324784576893,-0.249003574252,-0.280360668898,-0.280659615993,0.479627639055,0.0
1630632834293466411,height,4,32,width,4,8,imag,2,2,0,0.00210719252937,0.0,0.0240984112024,-0.0122148105875,0.0248674433678,-0.0085178995505,-0.0134603772312,0.028388146311,0.0240984112024,0.0122148105875,0.360319375992,0.0,0.343937456608,0.0481677651405,-0.324415177107,0.253342330456,0.0248674433678,0.0085178995505,0.343937456608,-0.0481677651405,0.336416602135,0.0,-0.27759924531,0.28584843874,-0.0134603772312,-0.028388146311,-0.324415177107,-0.253342330456,-0.27759924531,-0.28584843874,0.482770711184,0.0
1630632834328780275,height,4,32,width,4,8,imag,2,2,0,0.00209842901677,0.0,0.023883221671,-0.0125182401389,0.024695141241,-0.00891138613224,-0.0129787698388,0.0285011827946,0.023883221671,0.0125182401389,0.360419690609,0.0,0.344451159239,0.0472451783717,-0.323756098747,0.253790646791,0.024695141241,0.00891138613224,0.344451159239,-0.0472451783717,0.337071716785,0.0,-0.277873009443,0.285606354475,-0.0129787698388,-0.0285011827946,-0.323756098747,-0.253790646791,-0.277873009443,-0.285606354475,0.481843173504,0.0
1630632834361367527,height,4,32,width,4,8,imag,2,2,0,0.002097139135,0.0,0.0238789580762,-0.0125044491142,0.0246904566884,-0.00889608729631,-0.0129841007292,0.0284820608795,0.0238789580762,0.0125044491142,0.360431879759,0.0,0.344462811947,0.047253806144,-0.323744863272,0.253780156374,0.0246904566884,0.00889608729631,0.344462811947,-0.047253806144,0.337082803249,0.0,-0.277861982584,0.285594046116,-0.0129841007292,-0.0284820608795,-0.323744863272,-0.253780156374,-0.277861982584,-0.285594046116,0.481783032417,0.0
1630632834549690368,height,4,32,width,4,8,imag,2,2,0,0.00210127234459,0.0,0.0238580480218,-0.0126891210675,0.0247277244925,-0.00907349586487,-0.0131747927517,0.0285055190325,0.0238580480218,0.0126891210675,0.362018227577,0.0,0.346002757549,0.0476103462279,-0.328270882368,0.251504331827,0.0247277244925,0.00907349586487,0.346002757549,-0.0476103462279,0.338795930147,0.0,-0.282624363899,0.284274369478,-0.0131747927517,-0.0285055190325,-0.328270882368,-0.251504331827,-0.282624363899,-0.284274369478,0.484184265137,0.0
1630632834549829861,height,4,32,width,4,8,imag,2,2,0,0.00210536504164,0.0,0.0238830931485,-0.0127052227035,0.0247508529574,-0.00908434391022,-0.0131842335686,0.0285361688584,0.0238830931485,0.0127052227035,0.362063199282,0.0,0.346010237932,0.0476186536252,-0.328294247389,0.251492440701,0.0247508529574,0.00908434391022,0.346010237932,-0.0476186536252,0.338776320219,0.0,-0.282622665167,0.284248739481,-0.0131842335686,-0.0285361688584,-0.328294247389,-0.251492440701,-0.282622665167,-0.284248739481,0.484166562557,0.0
1630632834581426540,height,4,32,width,4,8,imag,2,2,0,0.00212486204691,0.0,0.0241508036852,-0.0125586139038,0.025001687929,-0.00891124457121,-0.0133948242292,0.0286888927221,0.0241508036852,0.0125586139038,0.363181829453,0.0,0.347247004509,0.0478783175349,-0.328214287758,0.254159301519,0.025001687929,0.00891124457121,0.347247004509,-0.0478783175349,0.340160876513,0.0,-0.282257646322,0.286996513605,-0.0133948242292,-0.0286888927221,-0.328214287758,-0.254159301519,-0.282257646322,-0.286996513605,0.486485630274,0.0
1630632834730540452,height,4,32,width,4,8,imag,2,2,0,0.00163380242884,0.0,0.018480848521,-0.00981239788234,0.0191322211176,-0.00707826158032,-0.00993486773223,0.0221788026392,0.018480848521,0.00981239788234,0.280206859112,0.0,0.268112629652,0.035961560905,-0.251602649689,0.197744190693,0.0191322211176,0.00707826158032,0.268112629652,-0.035961560905,0.262548089027,0.0,-0.216756865382,0.222009986639,-0.00993486773223,-0.0221788026392,-0.251602649689,-0.197744190693,-0.216756865382,-0.222009986639,0.374667406082,0.0
